4096 1
1024 2
5632 2
2560 3
5632 2
13824 1
512 1
6144 1
512 2
4096 3
2048 4
11264 4
7168 3
16896 1
6656 2
3072 2
17408 2
2048 3
5120 2
9728 2
1536 2
2560 1
11776 1
1024 1
1024 1
1536 1
512 2
3072 3
7680 1
5120 1
3072 2
1024 1
1024 1
512 2
9728 1
1024 1
1536 1
1536 2
3584 1
512 2
512 1
4096 2
2560 3
4096 4
1024 5
3072 1
512 1
9216 2
1536 3
3584 1
1024 1
1024 2
1536 1
9728 2
2048 3
2560 4
5632 5
512 5
1536 6
512 4
3584 1
1024 2
2560 1
8704 2
2560 3
512 4
1536 5
2560 6
512 7
2048 1
1536 2
5632 3
1536 4
2560 1
6144 2
512 3
8704 2
3584 3
2048 4
512 2
1024 1
2048 2
12800 3
3072 1
2048 1
3584 2
1024 3
9728 4
5120 5
2560 5
7680 4
3584 3
1024 4
5632 3
5632 1
3584 2
4096 3
2048 4
4608 5
2048 6
11776 5
2560 6
2048 7
5632 7
3072 8
8192 4
3584 2
8192 2
1024 3
2048 3
4096 3
4608 4
512 1
512 2
3072 3
1024 4
1024 5
7680 6
5120 7
512 8
2560 9
1024 10
1024 8
3072 8
1536 7
512 8
3584 8
1024 9
1024 10
5120 6
1536 1
512 1
9728 1
4096 2
1024 3
2048 4
1024 5
512 6
4096 7
4096 6
2048 5
3072 2
2560 1
512 2
3584 3
1024 1
4096 1
512 1
3584 2
512 3
4096 1
2048 2
5120 3
1024 4
1024 5
1024 6
1024 4
4608 1
8192 2
10752 2
6656 2
1024 3
2560 1
6656 1
2048 2
512 2
5120 1
2048 2
512 1
2560 1
2048 2
1536 2
3584 1
1024 2
4096 3
5120 4
512 5
3584 6
1536 7
2560 8
2048 9
512 10
1536 10
15872 8
2048 7
1536 6
4096 1
9728 2
2048 3
1536 4
512 5
11264 6
5632 7
1024 8
1536 9
4096 10
5632 11
1024 12
3584 13
2560 14
1536 15
3584 16
4096 10
5120 8
5120 3
4096 3
512 2
3584 3
3584 4
10240 5
3072 6
7680 7
1024 1
2048 1
5120 2
1024 3
4608 4
4608 5
512 6
2048 7
1536 8
512 9
2560 10
2048 9
7680 10
4096 11
512 7
5632 4
13824 1
2048 1
3584 1
6656 2
1536 3
1536 4
1536 5
1536 6
1024 6
3584 6
2560 1
3072 2
1024 1
11264 1
3072 2
3584 3
2048 4
1024 5
512 6
4608 7
4096 8
4096 8
6656 9
1024 10
8192 11
3072 11
1536 7
5120 3
2560 4
3584 5
2048 6
13312 7
2048 8
5120 9
1536 10
6656 11
5120 11
5120 10
10240 7
6144 8
7680 9
1024 10
5632 5
4096 2
3584 1
512 2
3072 3
512 4
1536 5
3072 6
1024 4
2048 2
512 1
2048 1
3072 2
5632 3
2560 4
1536 2
512 1
2560 1
10240 2
4608 3
3072 4
5120 5
3584 6
4096 3
2048 1
512 2
512 3
9216 4
2560 5
512 6
4096 7
5120 8
2560 9
1024 10
1024 10
5120 4
512 5
2560 5
4608 1
1536 2
7680 3
512 4
512 5
5120 6
3072 7
2048 8
7168 9
2048 7
2048 8
1536 9
6144 10
1024 11
9728 12
10752 7
6656 8
3072 9
8192 10
7680 11
1024 4
1536 5
9728 5
11264 4
512 1
5632 2
1024 1
6656 2
7680 3
512 4
5632 3
1024 1
2048 1
9728 2
1024 3
2048 4
1536 1
2048 1
4096 2
1024 3
2560 3
6656 1
1024 2
9728 1
2560 2
512 3
1024 4
1536 5
2048 6
5120 7
2560 8
3584 9
1024 10
11776 11
2560 12
4608 13
512 14
1024 15
2560 11
1536 12
2560 13
9728 14
1024 15
2048 16
5120 13
1024 14
512 14
1536 10
512 9
8704 5
4608 1
1536 1
512 2
5120 3
2560 4
1024 5
1536 3
8704 1
3072 2
9728 3
512 4
1024 5
512 2
6144 1
1024 2
3072 3
6144 4
3072 5
6144 6
512 5
3072 3
1536 3
5632 1
4096 2
8192 3
1024 1
2048 2
2560 3
1536 2
2560 1
3072 2
4096 3
3584 4
4096 2
2048 1
3072 2
512 3
7168 4
4608 5
6656 6
16384 7
3584 8
8704 9
5120 5
1024 6
7168 4
7168 5
9216 6
4608 7
3584 6
1024 4
1536 3
2560 4
1024 1
512 2
4608 3
4608 1
512 2
2560 3
2048 1
4096 1
13312 1
1536 1
3584 1
512 2
1024 1
4608 1
1536 2
3072 3
3072 4
7680 5
2048 6
2048 7
7168 8
512 9
1024 10
4096 11
1536 11
4096 8
5120 8
2560 2
1024 2
1024 1
1024 1
1024 2
1536 3
1024 4
1024 5
1024 6
2560 7
4096 2
5120 1
5632 2
9728 3
1536 4
512 3
4096 1
6144 2
7168 3
5120 4
1536 5
512 6
1536 6
4096 6
1024 5
1536 4
1024 3
512 3
1024 4
1536 5
512 4
1024 1
1536 1
3584 2
12800 3
1536 4
3584 3
2048 4
2560 2
5120 2
8704 1
4608 2
4096 3
1024 4
7680 5
4096 6
512 7
1024 8
2048 9
6144 8
13824 6
1536 7
1536 6
1024 4
1536 5
1024 6
4608 7
512 8
512 4
2048 1
7168 2
1536 1
512 1
6656 2
8704 3
3584 2
512 3
512 4
4608 3
1536 1
512 2
5120 3
512 1
2048 1
1536 2
1536 3
13312 4
3072 5
1024 5
2048 2
4096 1
5632 1
6144 2
1536 3
512 4
1024 1
5120 1
1024 2
3072 2
512 1
2048 1
4608 2
2048 3
2560 4
16384 5
3584 6
1024 7
16384 8
1024 9
1024 10
512 11
2048 11
4096 11
512 9
8704 2
1024 3
2560 1
3072 1
6144 1
1024 2
1024 3
3072 4
3584 5
2560 6
3584 7
1024 8
1536 8
7680 5
512 1
1024 2
1536 3
1536 4
1024 5
8192 6
2048 7
2048 8
1536 9
5632 10
2560 11
2048 9
5120 7
2048 8
512 8
3584 3
3584 1
512 1
6144 1
512 2
1536 3
5632 4
8192 5
2560 6
2048 4
9216 4
512 4
2048 3
2560 1
5632 1
512 2
3584 3
2048 4
4096 2
6656 1
13312 2
5120 3
1024 4
1536 5
2048 1
1024 1
7680 2
2048 3
512 4
6656 5
3072 1
1536 1
11264 2
5632 3
4096 4
2560 5
10240 6
512 7
1536 5
512 6
3072 6
1024 7
2560 1
1536 1
512 1
3072 2
2048 3
4608 1
1536 1
512 2
4608 3
9728 4
4608 5
14848 6
9728 4
5120 3
512 4
11264 1
512 2
8704 3
3584 4
2560 1
2560 1
512 1
3072 2
7168 3
3584 4
13312 1
2560 1
7680 2
2560 3
512 2
512 3
5120 1
1536 2
6144 1
1024 2
3584 1
1536 2
2560 3
3584 4
3584 5
3072 5
1536 1
4096 1
5120 1
1024 2
7680 3
1024 4
1024 5
512 6
1536 7
1024 8
2560 6
4608 7
1024 3
1024 3
7680 3
4608 4
1024 5
7680 6
1536 7
1024 8
1024 9
2560 7
512 7
3072 4
7680 2
3584 1
512 2
2048 3
1536 4
1024 2
512 3
2048 1
512 2
2560 3
13824 4
2048 5
4608 4
7168 1
3072 2
5120 3
1024 4
2048 4
3072 1
16384 1
5632 2
4096 3
3584 4
2560 4
5120 5
2560 6
6144 2
1536 2
512 1
512 1
2048 2
512 3
4608 4
3072 5
1536 6
1024 5
1536 4
512 3
1024 1
1536 2
512 3
4096 4
512 5
512 6
13312 7
1024 8
8704 3
4096 1
512 1
4608 1
2048 1
512 2
5120 3
5632 4
3072 5
512 6
7680 7
6656 8
1536 9
5632 7
1536 8
2048 8
512 8
4096 9
1024 10
3072 11
512 10
7168 10
5632 11
6656 12
3584 11
4608 4
3584 4
2048 4
6656 2
1024 1
1024 2
5120 3
10240 4
8192 1
6656 2
512 3
1024 3
1536 3
512 1
512 1
5120 1
2560 2
1024 3
1024 4
512 5
2560 6
512 5
5120 6
1024 7
2560 8
1024 6
5120 4
512 5
7168 1
2048 2
4608 3
2048 4
2560 5
3072 6
8192 7
512 4
512 3
2048 3
2560 4
4608 5
1536 6
2048 7
4096 3
1536 1
3072 2
3584 3
1024 4
3584 5
3072 3
1024 1
1536 2
5120 3
3584 4
4608 5
8192 6
1024 7
1536 4
3584 1
4096 1
1024 1
512 2
5120 3
5632 4
2048 5
2560 6
1536 7
3584 4
10752 2
3072 2
5120 1
2048 2
2048 3
512 4
1024 5
7680 6
11776 7
2560 8
3072 9
2560 4
4608 5
5120 6
4608 7
3584 8
1536 9
3584 9
2560 5
512 6
4608 3
512 1
2048 1
3072 1
2560 2
512 3
512 4
6144 5
512 6
512 7
1024 6
8704 6
7680 7
1536 8
512 9
512 8
512 6
9728 5
512 5
1536 1
6144 2
512 3
1024 4
6144 5
10752 6
3072 7
1024 6
512 2
9216 3
2048 4
2560 5
2560 1
1024 1
1536 1
3584 2
512 3
4096 4
1024 5
5632 1
1536 1
3584 1
512 1
3072 1
1024 2
3584 3
2560 4
3584 5
512 6
3584 7
1536 8
1536 9
1024 10
2560 11
4096 9
11776 10
4096 11
2048 12
1024 13
6656 14
4608 15
2048 15
8192 14
8704 13
1536 10
4096 7
512 8
3072 8
5632 1
1536 1
2560 1
512 1
3584 1
2048 2
4608 3
512 4
2048 5
2048 6
2048 7
5632 8
1024 9
1536 10
2048 11
8192 12
1024 13
512 14
3584 15
3584 16
1024 14
1536 15
512 16
16384 17
10240 13
3072 14
1536 13
512 11
2560 8
3584 7
1024 4
2048 3
5120 1
2560 2
1024 3
512 4
512 5
2560 6
9216 7
512 8
3584 9
1536 9
7168 10
2560 11
1536 11
4096 8
7168 4
10752 2
6144 2
14848 3
3072 4
8704 5
7680 6
2560 7
512 8
2560 9
6656 9
2048 9
4096 9
1536 10
1024 11
3072 12
2560 12
4096 8
2048 8
3584 9
4096 10
1536 11
6656 12
3072 13
512 12
1024 6
4096 6
3584 6
2560 7
4608 8
1024 8
3072 5
3584 3
2048 4
5632 2
1536 1
2048 2
2560 3
512 4
1536 5
3072 6
5632 1
1024 1
3584 2
512 3
3072 4
512 5
2048 6
2048 7
4096 6
512 1
1024 2
2048 3
4096 4
6144 1
2048 2
4096 1
3072 2
2048 2
4608 1
6656 2
4096 3
1024 2
5632 3
9216 4
3072 5
1536 5
3584 4
512 3
512 1
7168 1
512 2
2560 3
4608 4
14848 5
1536 6
1536 7
2048 8
3072 9
1536 10
512 11
1536 12
1024 13
1536 13
1536 14
512 15
11776 16
512 17
512 18
3584 19
2048 20
3072 20
2048 19
4096 15
4096 15
2560 14
8192 7
1536 7
4608 6
2048 6
512 7
4096 7
1536 4
5120 1
3072 2
2048 3
8192 4
1024 5
3072 6
2048 7
512 8
4096 9
9728 10
512 11
512 12
6144 10
2048 7
1024 2
1536 3
3584 1
3072 1
2048 1
6144 1
2560 1
2560 2
2048 1
1024 1
5120 2
5120 3
5632 4
16384 5
5632 6
512 7
3584 8
1536 9
1536 10
6656 11
5632 12
1536 13
2560 12
3072 13
7680 6
6144 6
512 7
6144 7
1024 5
512 6
5120 7
512 8
3584 9
3072 10
1536 11
3072 12
1024 13
3584 14
512 15
1536 15
2560 10
3584 9
8192 10
512 11
8192 10
2560 8
512 4
512 5
10752 6
12800 4
1536 5
1024 6
2048 7
3584 8
512 9
1536 7
4096 6
1024 2
2048 1
4608 1
2048 2
1024 2
1536 1
1024 2
7680 3
3072 1
1024 1
5120 1
2560 2
1536 1
1024 2
1536 3
6144 1
1024 2
1536 3
1024 4
512 5
1536 4
512 1
4096 1
512 2
6656 3
3584 4
2560 1
8192 1
10240 2
512 3
4608 1
4096 2
2048 3
11776 1
3072 2
10752 3
512 1
1024 1
5120 1
3584 2
1024 3
1024 4
2560 5
2048 6
9728 6
512 3
1024 1
4096 1
512 2
5120 3
1536 4
7680 5
1024 3
2048 4
15872 1
512 2
8704 3
2560 4
3072 4
3072 5
1536 6
3584 7
2048 8
5632 5
1024 4
1024 4
512 4
7168 5
5632 6
7168 1
5632 1
7680 2
1024 1
14848 2
7168 3
512 1
9216 2
2560 3
1024 1
1024 1
1024 1
1024 2
1024 3
7168 4
11776 5
6144 2
5120 3
1536 4
2560 5
4608 4
1024 4
2560 2
4608 3
2048 1
2048 2
2048 3
9216 4
1024 5
1024 6
3584 1
512 1
3584 2
3072 1
5632 2
2048 3
2560 4
4096 5
512 1
4096 1
6656 2
1536 3
2560 4
11264 3
3584 4
5120 5
512 5
2560 1
2048 2
1024 3
512 4
7680 5
1536 6
5632 7
512 5
2048 4
2048 3
1024 4
1024 5
4096 6
3072 7
3584 3
2560 2
2560 2
512 3
512 1
4096 2
2048 3
2048 4
3584 5
2560 6
2048 5
6656 5
6144 3
512 4
1536 5
1536 4
3584 4
7680 5
1536 6
1024 7
2048 8
512 9
2048 10
1024 11
6656 12
1024 13
7680 14
3584 15
512 11
2560 12
1024 12
4096 11
1536 10
7168 7
2560 8
1024 8
1024 9
14848 10
1024 11
3072 12
1024 13
12800 14
1536 15
3584 16
2048 15
2048 9
3584 9
3072 7
3584 6
512 7
4096 7
512 5
2048 1
512 1
1536 2
1024 3
4608 4
3584 5
1536 6
1536 2
1024 1
1024 2
1536 3
1536 3
1536 1
4608 2
1024 3
1024 4
2560 5
14336 6
512 7
7680 6
512 1
2048 1
1536 1
3584 2
6656 3
2560 4
7168 5
2048 3
5632 4
3584 1
3072 1
4096 2
2560 3
3072 3
2048 1
2048 2
512 1
1536 1
512 1
3072 1
4096 2
13824 1
2560 2
512 3
5120 4
5632 1
2048 2
1536 3
3584 3
1024 2
2048 2
4608 3
2560 4
512 5
1536 3
1024 3
3072 3
1536 1
512 2
512 3
512 1
2560 1
6144 2
1536 1
512 2
1024 1
2048 1
2560 2
7168 1
5120 2
4096 3
512 3
4608 4
512 2
2048 1
7168 2
512 1
1536 1
512 2
2560 3
1024 4
3584 3
5120 1
1024 1
1536 1
9216 1
3072 2
1024 1
3584 1
3584 2
2048 1
2048 2
2048 2
1536 1
4096 2
5632 1
2560 1
6144 1
2048 2
1024 3
1536 2
3072 1
2048 2
4096 3
512 4
3072 5
4608 6
3072 7
7680 7
1024 7
3072 7
8192 8
512 6
1536 5
3072 6
3072 5
5120 6
1536 6
3584 1
8192 1
5120 2
2048 1
1024 1
6656 1
2048 1
3072 1
3584 2
6656 1
1024 1
3072 1
1536 2
4096 2
1024 1
2560 1
512 1
5120 2
1024 3
4608 4
9216 4
4096 3
2560 3
3072 1
4096 2
2048 1
2048 1
1024 1
1024 1
11264 2
1536 1
3584 1
4096 2
1536 3
4096 4
4608 5
2560 6
1024 7
4096 8
10752 8
3072 8
1024 6
1536 4
4096 1
1024 1
5632 1
5120 1
2560 2
1536 3
2048 4
4096 5
6144 6
5632 7
1536 8
512 4
512 5
2048 5
4608 5
1536 6
1024 7
3072 8
512 9
8192 10
5120 7
2560 8
2048 9
2560 6
4608 5
3072 6
3072 7
1536 5
1024 6
1536 7
7168 8
1536 9
3584 9
1024 6
4096 4
2048 5
1024 6
512 2
1536 3
3584 4
1024 5
2560 1
512 1
512 2
4608 3
3072 4
512 1
1024 1
6656 2
1024 1
2048 2
2560 3
3072 4
1024 5
3072 1
2048 2
512 3
8192 1
6144 2
1536 3
4096 4
5120 5
8192 6
2560 7
5632 8
12288 8
13824 9
15360 10
5632 11
2048 9
3072 6
9216 7
6656 4
3584 3
4096 2
15360 1
3584 1
512 2
1536 3
1536 4
512 1
2560 1
7168 2
512 3
9728 2
3584 3
9216 4
1024 5
6144 1
1024 2
2560 1
2560 2
1536 1
3072 1
2048 1
1536 2
1536 1
1024 1
4096 2
1536 3
5632 4
9728 5
1024 6
4608 5
12800 1
1024 1
4096 1
2048 1
2560 2
2048 3
1536 4
2560 3
1536 3
2560 4
7168 1
7168 2
2048 1
2048 1
2560 2
512 3
2560 4
4096 5
512 6
1536 7
3072 8
2560 9
1536 10
1024 11
1536 12
1024 13
512 14
9216 15
1536 12
512 13
5632 13
1536 13
1024 12
1024 12
5120 13
1536 14
2048 15
1536 16
2048 17
4096 18
5120 16
2560 11
512 8
512 3
2560 1
5120 1
1536 1
2048 2
1536 1
7680 2
1536 3
6144 4
4096 5
1536 6
5632 6
4608 7
3584 8
512 9
3584 9
3072 7
512 8
3072 6
8192 7
2560 7
512 8
8704 9
3072 10
3072 11
3584 12
3584 13
512 14
512 14
1024 12
4096 13
9216 14
512 14
1024 10
1024 2
5120 1
5120 2
2048 2
1024 3
5632 4
2560 4
1536 3
3072 3
4096 1
9216 1
3072 2
3584 3
1024 2
512 1
2048 2
2560 3
4096 4
1024 3
2560 2
3072 3
3072 4
5632 5
1024 5
1536 1
512 1
6144 1
2048 2
2048 3
4608 4
2048 3
12288 3
2048 4
4096 5
1536 6
512 5
2048 1
4608 2
6656 1
11264 1
4096 2
1536 1
2560 1
4608 1
1536 2
2560 3
3072 4
2560 5
1024 5
1536 3
4608 2
1024 3
5632 4
512 5
2048 6
5632 5
2560 1
1024 2
10240 1
6144 2
4096 3
2048 4
512 5
1536 5
2048 5
3072 1
2048 1
1536 2
3584 3
2048 4
2560 5
512 6
2560 7
6144 8
4608 9
1024 10
1536 6
1024 5
4608 4
1536 1
9216 1
512 2
2560 3
8704 4
14336 5
512 1
2048 1
5120 2
8704 3
3584 4
3072 5
7680 6
2560 3
3584 2
7168 1
1536 2
2048 1
2048 2
1536 2
6656 2
2560 1
1536 1
512 2
2048 1
2048 1
2048 1
512 2
8704 3
1024 4
1024 5
3072 6
2048 7
6144 3
512 1
16384 1
6144 2
3584 3
2560 4
4096 5
3072 6
1536 3
3072 1
1024 1
2048 2
3072 3
512 4
7680 5
3072 6
10752 7
6656 8
512 9
512 10
3584 11
8192 7
1536 8
1024 9
512 9
6144 5
1024 1
1536 1
6144 2
1024 3
2048 4
2048 5
512 6
8704 7
2048 8
1024 9
3072 1
3072 1
512 2
1536 3
2560 1
1536 1
10240 1
2560 2
5632 3
5632 4
1024 1
4608 1
512 1
2048 1
7680 2
9728 3
1536 4
3072 5
4608 3
2560 1
1024 2
512 3
2048 4
2048 5
9728 6
1024 7
5120 3
3584 1
512 2
2560 2
1536 3
512 4
512 5
6144 6
512 7
10752 8
4096 7
6656 2
512 2
2048 3
3072 3
9728 1
512 2
8192 3
2048 4
1536 5
512 6
1536 7
2560 5
512 1
2048 1
3072 2
7168 3
512 4
3584 5
512 6
3072 7
5632 8
3072 9
1024 7
3584 6
2560 3
3584 4
1024 4
4096 5
11264 6
512 7
4096 8
7680 9
4096 6
15872 3
2560 3
6144 4
5632 4
2048 3
5632 4
3584 5
1536 6
1024 6
4096 5
3072 5
512 6
2560 7
3072 8
6656 5
6656 3
1536 3
4608 2
3584 3
1536 4
2048 4
7680 1
4096 1
3072 1
512 2
1024 1
12288 1
6656 2
5632 1
3584 2
512 3
5120 3
5632 4
6144 5
12288 6
12800 6
3072 5
8192 6
1536 7
1536 8
1536 8
1024 4
3584 1
2048 1
1024 2
1536 3
512 4
5120 5
8704 1
1536 1
1024 2
512 3
3072 4
512 1
3584 1
1536 2
4096 3
4096 2
8704 1
8192 1
512 1
2048 1
3072 2
3584 3
2048 4
6656 5
2048 6
4608 4
2048 3
1024 1
1024 1
1024 2
2048 3
1536 4
3584 5
9728 6
512 7
6144 8
2048 9
2560 10
6656 7
2560 7
5632 8
6656 9
9216 7
3072 6
4608 6
1536 4
512 5
2048 6
2048 7
8704 8
2560 6
6656 6
2560 4
1024 2
4096 1
1024 2
3072 3
3072 4
1024 5
3072 6
1536 7
4096 8
7680 8
1024 6
512 2
2048 3
1536 4
512 3
512 1
2560 1
6144 2
1536 3
5120 4
5632 5
8192 2
4608 3
1536 4
512 1
1024 2
1536 3
3072 4
512 2
512 1
2560 1
2048 2
3072 3
5120 4
2048 5
2048 6
3584 7
2048 5
1024 6
7680 7
1024 5
6144 2
1024 3
13824 2
3584 3
2048 4
3584 5
2560 1
7168 1
3072 2
3584 3
512 4
2560 4
5632 1
4608 1
2560 1
512 2
1024 1
512 1
5120 2
2560 3
2048 2
512 1
4096 1
1536 2
1024 3
4096 4
3072 5
1536 3
2048 3
5632 2
1536 3
1024 4
1536 4
6144 3
1536 1
2048 1
1536 2
5120 3
3072 4
9216 5
512 4
4608 3
4096 1
1536 2
3072 3
1536 4
5632 5
512 5
10240 6
6656 7
1024 7
6144 2
512 3
8704 4
4096 5
8192 6
7680 7
1536 7
5120 7
2048 5
2560 4
2048 3
5120 1
1536 1
2048 1
1024 2
1536 3
512 4
2560 1
1536 1
512 2
512 3
2048 4
6656 5
3584 6
1024 7
5120 8
2048 9
1024 10
1024 8
4608 7
2048 7
2560 8
5632 3
3072 2
512 3
1024 4
1536 3
1536 4
1024 5
6656 6
4096 7
9728 8
5120 9
2560 10
512 11
4096 12
1536 13
512 9
8704 9
512 10
8704 11
7680 12
3072 13
512 14
4096 15
5120 15
8192 14
8192 14
3072 15
2048 16
1024 17
512 12
4608 11
2048 12
1536 9
4608 9
512 10
512 11
1536 11
7680 12
1024 7
2560 8
13312 8
512 8
1024 6
2048 4
2560 1
2560 1
2560 2
2560 1
1024 2
2560 3
1536 1
6144 2
2560 2
3072 2
3584 1
5120 2
1536 3
512 4
2560 5
8192 6
1024 7
9216 2
2048 1
8192 1
10752 2
1536 3
1024 4
11264 5
9728 1
512 2
512 3
3072 4
1536 3
2560 2
15872 3
8704 4
5632 3
1536 1
512 1
512 2
2048 3
8704 1
2048 2
3584 3
1536 4
4096 5
8192 3
1536 2
3072 1
1024 2
6144 1
512 1
2560 1
8192 2
2560 3
2048 1
7168 2
3072 1
4096 1
4608 1
512 1
1536 1
7168 2
512 3
1536 4
512 1
4608 1
9216 2
5632 3
1024 4
8192 5
2560 6
1536 4
1536 3
1024 4
1024 1
512 1
7168 2
4096 1
512 1
2048 1
1024 2
1024 2
3072 1
10752 1
512 2
1536 3
5120 4
2560 5
1536 3
1536 1
3072 1
3584 2
2048 3
512 4
2048 5
1024 6
512 7
5120 7
3072 7
4608 5
512 3
2048 3
5120 1
3072 1
2560 2
2560 3
5632 4
1024 5
5120 6
3584 7
6656 5
512 5
7680 6
512 5
1024 2
1024 1
7168 1
1024 2
3072 3
1024 4
512 1
512 1
512 1
4608 2
2560 1
9216 1
2048 1
5632 2
2048 3
3584 2
1536 3
5120 1
6144 2
3584 3
3072 4
4608 5
3072 6
4608 5
3584 3
5632 2
512 2
9216 3
4096 4
6144 5
1536 6
1536 6
2560 1
2048 1
6656 1
1536 1
512 2
1024 3
2048 4
2048 5
2048 6
2048 7
6656 8
1024 9
8192 10
3072 11
9728 10
2560 7
1024 7
512 8
512 8
2560 9
7168 10
1024 11
512 12
1536 12
1024 11
512 12
512 13
2048 14
1536 8
9216 1
3072 2
512 3
4608 4
5632 2
6144 2
8192 1
2048 1
512 2
6656 3
12288 4
7680 5
1536 3
512 2
4096 1
2048 2
1536 3
4096 4
6656 5
4096 6
4608 7
1024 8
3072 8
1536 9
3072 6
8192 6
1024 6
512 5
1024 2
1024 1
1024 2
1024 3
2048 4
1024 1
2560 2
4096 1
5120 1
1024 1
3584 2
3584 1
1024 1
512 2
3072 2
1024 1
2048 1
2048 2
1024 1
6144 1
512 2
9216 3
4608 3
11264 1
3072 2
8704 3
1536 4
512 1
8704 1
512 2
2560 3
3584 4
2048 5
512 3
3584 1
1536 1
1024 2
7168 3
512 4
2560 5
1536 6
4096 7
3072 5
1024 6
1536 5
1024 5
3584 1
5632 1
1024 1
7680 2
1024 3
6656 4
4096 5
4096 6
5632 7
7168 6
512 7
2048 8
1536 9
512 10
1024 9
1536 3
512 1
4096 1
6144 1
1024 2
3072 3
3584 4
5120 5
4608 1
5632 2
2048 2
4096 2
512 1
2048 1
2048 2
3584 3
5632 4
512 4
2048 4
2560 5
1024 6
2048 7
512 8
6144 7
3072 5
3072 1
512 1
8192 2
11264 1
512 1
1024 1
2560 2
512 3
512 4
1024 3
4096 1
512 1
6144 1
3584 2
1024 3
3584 4
1536 5
512 6
1024 7
7680 8
6144 9
1024 10
2048 9
512 9
4096 4
3584 5
3072 6
512 1
1024 1
1024 2
2560 3
6144 4
3584 5
4608 6
1024 7
2560 8
7168 7
7680 6
2560 7
10752 6
7680 7
4096 8
2560 9
5632 10
512 9
512 10
4096 7
512 8
6656 7
2560 6
3072 4
1536 2
1024 3
3584 1
1536 1
512 2
1024 1
1536 2
512 2
5120 1
512 2
512 3
1536 4
512 5
3072 2
1024 1
1024 1
5632 2
1024 3
4096 4
2048 5
6144 6
9728 5
5632 6
10752 7
2560 8
512 1
512 1
13824 2
6144 3
512 4
2048 5
1536 6
1536 7
2048 8
3584 7
1024 3
8704 1
2560 2
7168 3
2560 4
4608 5
6144 6
4608 4
512 3
3584 4
2560 5
1536 6
3072 7
512 8
4096 9
6144 6
8192 4
7168 2
3072 1
1024 2
5120 3
1024 4
1024 5
4608 6
2048 7
2048 8
13312 9
5120 10
512 10
1024 1
7168 1
13824 2
4608 3
5632 4
6656 5
2560 5
5632 1
512 1
1536 2
2048 3
2048 4
3584 5
512 6
4096 7
16384 8
1536 9
512 10
9216 8
5632 7
6656 8
3072 6
7680 2
2048 1
2048 2
1024 1
3072 2
1536 3
1024 4
2048 5
5632 6
3072 7
1024 3
4608 3
2048 1
1024 1
6656 1
8704 2
1024 3
10240 4
1536 5
512 6
4096 6
7680 3
4608 4
11776 5
6656 6
6656 7
2048 8
2560 7
512 7
2560 8
3072 8
512 4
9216 1
11776 2
512 3
3584 4
9728 5
2048 4
3584 1
2048 2
5120 3
2048 4
4608 1
512 2
13824 3
4608 4
512 5
3584 6
2048 7
2560 8
512 8
3584 9
7680 10
6656 11
3072 12
512 13
1536 14
3072 15
1024 16
2560 12
3072 12
1536 13
3584 9
1024 10
6144 8
3584 7
4096 5
1536 6
1024 7
3072 8
512 9
3072 10
6656 11
2048 12
5120 13
6144 13
6656 14
2048 15
4096 14
1024 15
3072 8
2048 8
11776 7
512 6
512 5
4608 3
1024 4
512 5
6656 6
6656 7
1536 8
4096 9
3584 3
512 1
4608 2
7168 3
1024 4
3584 2
6656 1
4608 2
16384 3
1536 4
4608 5
4096 4
2048 5
1536 5
3072 1
2560 2
1536 1
1536 1
1536 1
6656 2
512 3
2048 4
4608 5
1024 6
1024 5
512 5
512 1
4096 2
3584 3
2560 4
2048 5
8704 6
4608 7
2048 8
1024 6
1024 1
8704 2
2560 3
2048 4
1536 5
2560 6
5632 7
3584 5
7168 2
5632 2
512 3
2560 4
5632 1
1024 2
1024 3
3584 4
1536 5
2048 6
9216 7
1536 8
512 9
3072 10
5120 11
1536 12
2560 13
3584 14
6656 15
10240 16
4608 16
1536 14
3584 12
512 13
3584 14
1024 15
1536 16
2048 17
1024 18
12288 12
3072 12
2048 2
1536 1
10240 1
512 2
7680 3
1024 4
512 5
5120 3
8192 1
3584 2
2048 3
512 3
3584 4
512 5
6144 6
6144 7
2048 2
2048 1
2048 1
3072 1
4096 2
4096 3
3072 4
3584 5
4096 1
3584 2
8192 2
2560 2
512 2
3584 1
2048 2
2560 3
5632 1
2048 1
512 1
512 1
7168 1
3072 2
1024 3
1536 1
1536 1
2560 2
1024 3
2560 4
1024 5
3072 2
2560 1
7168 2
7168 3
3584 1
1536 2
5632 3
5120 4
10752 2
2048 3
5120 3
4096 4
2560 5
7168 6
6144 7
512 7
1024 4
512 5
7680 6
512 7
6144 6
2048 7
6144 2
1536 1
2048 1
2048 1
3072 1
512 1
1536 1
512 2
1536 3
2048 1
512 1
1024 2
2560 3
512 4
1536 5
1024 1
1536 2
3072 3
512 2
6144 2
512 1
2560 2
2048 3
1536 1
512 2
4608 3
5632 4
6144 5
4608 6
16384 7
512 6
1024 4
7168 5
1024 6
3072 7
2560 7
5120 7
1024 8
3072 3
1024 3
2048 4
10752 5
5120 1
2048 1
1024 1
13312 2
512 3
8704 4
11776 1
2048 1
6656 1
1024 1
512 1
2048 1
512 2
512 3
2048 1
12800 2
3072 3
2048 4
512 5
1024 6
2560 7
15360 8
1536 9
3584 7
1024 4
2560 5
2560 6
4096 7
1536 6
6656 2
4096 2
1024 2
1536 3
7168 1
1024 2
1536 3
6656 1
7168 1
6656 1
3072 2
3584 1
2560 2
1536 2
1536 1
3072 2
2048 1
2048 1
2560 1
1536 1
4096 1
1024 1
4096 1
512 2
512 2
3584 1
1024 2
2560 3
3072 1
2560 1
5632 2
3584 3
512 4
1024 3
3072 4
1536 1
512 1
7680 1
1536 2
8192 3
512 4
512 5
3072 6
7168 7
512 8
2048 8
1536 7
1024 8
7168 9
1024 7
7168 8
512 8
8704 6
3072 5
6144 6
3072 7
1024 8
2560 7
512 7
7680 7
2560 6
6144 6
1024 3
512 1
3072 1
8192 1
5120 2
12800 3
3072 4
2048 5
5632 5
2048 6
7680 6
1024 5
3072 2
1536 3
8192 2
3072 2
512 1
5120 2
1024 3
1024 4
2560 5
2048 4
512 2
3072 1
4608 1
2048 2
5632 3
1024 4
1536 2
512 2
3072 1
512 2
13824 3
4608 4
1536 5
3584 6
2560 7
7168 5
1536 4
512 3
4608 1
1024 2
1536 3
5632 3
3072 4
5632 1
7168 1
4096 2
3584 3
5120 4
7680 2
5120 1
6144 2
1024 2
2048 3
1536 4
5120 5
4096 6
1024 6
6656 6
1536 4
1024 4
8192 1
3584 2
3584 3
512 3
1024 1
1024 2
5632 3
1024 4
512 5
512 6
512 4
512 3
512 1
2560 2
2048 1
4608 2
512 1
3584 1
1536 1
3072 1
6144 2
1536 3
512 4
1536 5
5120 6
512 7
7680 6
7680 7
3072 8
3072 9
512 10
1536 11
1536 12
4096 13
4096 13
2048 14
3072 13
2560 11
5632 12
1536 11
1024 8
3072 9
5120 9
2560 10
5120 10
9216 10
1536 11
3584 11
5632 11
512 7
512 8
2560 9
4096 8
1024 8
3072 3
512 1
2048 2
2560 1
7168 1
1024 1
12800 1
4608 2
7168 3
1536 4
2560 4
3072 2
2048 1
512 1
7680 1
1024 2
512 1
1024 1
6656 1
512 2
512 3
2560 3
1536 1
8192 2
4096 3
5632 4
2048 3
1536 1
1536 1
3072 1
2560 2
512 3
1024 2
2560 1
1024 1
512 2
2048 3
3584 4
5632 5
1536 3
6656 2
1024 1
2048 1
6656 2
2560 3
1024 4
3584 5
6144 4
1024 5
512 6
10240 7
10240 5
3072 5
3072 6
2048 2
2048 2
512 1
1536 2
1024 3
9216 4
3584 5
5632 6
2048 7
5120 8
2048 4
7168 4
6656 5
2560 6
1536 7
512 8
1536 8
5120 5
2048 1
3584 2
2560 3
6144 4
3072 4
512 3
1536 1
512 2
2560 3
1024 3
5632 1
1536 1
4608 1
5120 1
5632 1
3072 1
1024 2
512 1
11776 1
5632 2
12800 3
1024 1
3584 2
2560 3
4096 4
1536 5
8192 4
4096 1
7168 2
6656 3
1024 4
8704 5
3072 4
8704 5
1536 6
512 7
3584 8
3072 9
1536 6
2048 3
5120 2
512 3
512 1
2560 2
3072 3
3072 4
3584 3
2048 1
3072 1
2560 2
512 3
8704 4
3584 5
2048 6
16384 7
4096 8
512 9
3072 5
3072 4
1536 1
2048 2
6656 3
5632 1
1536 2
512 3
6144 1
6144 1
512 2
10240 3
4608 3
1024 2
5120 2
2560 3
2048 4
2560 5
4096 4
9216 3
512 4
2048 1
1024 1
9728 1
5632 2
2560 1
3584 1
512 1
9216 1
512 1
3072 2
1024 2
5120 1
2048 2
2048 3
1024 4
2048 5
6144 6
2048 6
1536 6
1024 2
6656 3
8192 4
1536 5
5120 3
2560 1
3584 2
4096 3
3072 2
1536 1
3072 2
4096 1
7168 2
1536 1
1536 1
4608 2
512 3
2048 4
1024 5
1536 6
2560 7
2560 2
512 1
15872 1
3584 2
512 3
5120 4
8704 5
512 4
1536 3
2560 4
512 1
1024 1
3072 2
2048 3
1536 4
1536 5
3072 6
2560 7
512 6
1024 1
11776 2
5632 3
3072 4
2048 1
1024 1
512 2
6144 3
5120 4
2560 3
3584 3
2048 4
3584 5
5120 4
7168 4
7168 5
512 6
1024 4
5120 4
2048 4
1024 5
1536 1
512 1
2560 2
3072 3
4608 4
7168 5
2560 6
3072 7
512 8
4608 7
3072 6
8192 5
3584 3
1024 2
512 3
7680 1
10240 2
1024 3
1024 4
2560 5
512 6
1024 7
3072 7
5632 4
2048 1
1024 2
512 1
5120 2
2048 3
1024 4
2048 5
1024 6
2048 1
7168 2
9728 3
5120 2
2560 3
1024 1
7168 2
2048 3
2048 4
1024 5
512 6
3072 7
1024 8
1024 4
2048 1
3072 1
4096 2
6144 3
1024 4
2048 2
512 1
13312 2
1024 3
2560 1
11264 1
5120 2
4608 3
2560 4
2560 3
2048 1
1536 2
512 3
2048 4
1024 5
5632 2
5120 1
1024 1
1536 1
1024 1
3584 2
4096 3
1024 4
3072 5
1536 6
3584 7
3584 8
3584 9
6144 7
2560 8
2560 7
7680 8
4608 9
2560 8
5120 6
1536 4
5120 5
3072 6
8704 6
5632 5
2048 5
5632 2
4608 1
2560 2
1024 3
6656 3
2048 1
10240 2
512 3
2560 4
512 5
1024 6
7680 7
5120 1
5120 2
512 2
2048 3
512 4
4096 5
3584 3
1536 1
1024 1
2048 2
1536 3
1536 4
2048 5
2560 1
4608 2
512 3
5632 4
2048 5
1024 4
1536 1
1536 2
1024 3
1024 1
1024 1
2048 2
7680 3
3584 1
8192 2
512 3
2560 4
1024 5
6144 6
5120 5
1536 4
512 3
512 2
1024 3
2048 4
7168 5
5632 6
2048 2
512 3
1536 1
5120 2
1024 3
1536 4
2048 5
11264 6
5632 7
6656 1
2560 2
512 2
6656 3
2048 4
1536 1
1024 1
1536 1
7680 2
9728 3
2560 4
6656 1
1024 1
10240 2
2048 1
4608 2
5632 1
1024 2
1024 2
3584 1
1536 2
2560 2
5632 1
1024 1
1024 2
6144 3
1536 4
2048 5
2560 6
2560 4
2048 5
3584 3
4608 3
7168 4
2048 4
512 4
2560 5
3072 4
512 1
2048 1
3584 2
1536 3
11776 4
2048 5
3072 5
3072 4
1024 1
512 1
512 1
4096 2
4608 3
1024 4
6144 5
512 6
2560 7
1536 8
7168 9
2560 8
5120 3
2560 3
2560 4
7168 5
14848 6
4608 7
9728 8
15872 9
5120 10
512 11
3072 12
2560 13
7168 14
6144 12
512 13
11264 12
1024 4
1024 5
1024 6
2560 7
512 1
512 1
1024 2
2048 1
5120 2
1536 3
9216 4
9216 1
2048 2
1024 3
2048 4
2560 5
1024 6
4096 7
2048 8
10240 9
1536 8
1536 1
2048 1
512 2
2560 3
11776 4
1024 4
512 1
4096 2
3072 1
1536 1
2048 2
5632 3
1536 2
4096 1
1536 2
6656 3
2560 4
512 5
3072 6
2048 7
4096 7
2560 8
2048 9
512 1
3072 2
512 1
1024 2
3072 1
1536 1
5120 2
6144 1
3072 1
2560 1
5632 1
512 1
7680 2
1536 3
3072 4
3072 5
512 6
1536 7
6144 4
5632 4
2560 3
2560 3
10752 4
2048 5
6656 6
5632 7
7168 7
2048 8
5120 9
8192 8
4096 6
10240 7
4096 7
512 7
512 5
3584 6
3584 7
4608 5
2048 3
2048 3
2560 3
2048 1
5632 1
1024 2
3072 1
3072 2
2560 3
1024 2
1536 1
1536 2
1536 3
1536 4
1024 5
512 6
9216 7
5632 8
3584 9
6144 10
2560 3
2560 3
7680 3
4096 2
9216 1
1024 2
2048 3
1536 4
3584 2
2048 1
1536 1
2048 2
512 3
2560 4
512 5
2048 6
512 7
6656 6
512 5
2048 4
2560 3
7168 2
3072 3
4096 4
4096 5
8704 3
5632 2
3072 1
6656 1
6144 2
1024 2
3584 1
3584 1
4096 2
2560 3
10752 4
512 5
3072 6
8192 1
1024 1
4096 2
4608 1
4096 1
13312 1
1536 2
5120 3
512 4
2048 1
1024 1
512 2
5632 1
4608 1
1024 1
10240 1
1024 2
1536 3
3584 4
1536 5
1536 6
3072 3
9216 3
2048 1
1024 1
1024 1
512 2
2048 3
9216 4
3584 5
4096 3
5632 1
10240 1
512 1
4608 2
1536 3
9216 4
8704 5
512 6
4096 7
4096 6
1024 2
2048 1
1536 2
512 3
3584 4
1536 5
7168 6
10752 7
2048 8
1024 5
1024 1
5632 1
512 2
2048 3
4608 4
5120 5
16384 6
512 7
5120 8
10240 9
1024 10
512 11
2048 8
1536 8
4608 6
10752 1
2560 2
4608 1
12288 1
512 2
512 3
4096 4
2048 5
5632 6
4096 7
512 8
2048 9
9728 10
2560 10
2048 11
3584 8
512 8
512 5
2048 1
5120 1
2048 2
1536 3
2560 1
6144 1
1536 2
5120 3
1536 3
5120 3
512 4
1024 4
512 1
1024 2
512 3
3584 4
4608 4
3072 1
2048 2
6656 3
512 4
3584 4
3072 1
512 2
7168 3
9728 1
3072 1
2048 2
2560 3
2560 4
2048 1
5120 1
4096 2
4608 2
8704 3
3584 4
2560 1
1024 2
1024 3
4608 4
9216 1
6656 1
1024 2
512 1
1536 1
5120 1
512 2
2560 3
5120 4
1536 4
3072 3
7680 1
5120 1
15872 2
1536 3
12288 4
3072 5
5632 1
2560 2
512 3
14848 4
1024 5
3072 6
512 7
2560 8
2560 9
1536 10
2048 11
512 12
2560 9
3584 3
4608 4
1536 5
7680 6
512 6
2560 3
512 4
2560 4
3072 1
6144 2
2560 1
512 2
5120 3
3584 4
3584 5
2560 6
1536 4
2048 4
1024 4
3072 1
1536 1
512 2
1024 3
8192 4
4608 5
512 6
1024 7
5120 8
1024 9
2560 10
8192 6
512 7
512 7
2048 6
3584 7
8192 8
3072 9
3584 10
3584 9
2048 8
1024 5
1024 6
1536 6
1024 4
512 5
512 1
3072 2
512 3
6656 4
512 5
7168 6
5632 1
7168 2
11776 1
512 2
4096 3
2048 1
1024 1
1024 1
5120 2
4608 3
512 4
4608 5
4096 6
3072 5
3584 6
4096 3
512 4
9728 5
1536 4
9216 1
2560 2
1536 3
2048 4
1024 3
1024 3
6144 1
2048 2
512 3
1536 2
1024 3
512 1
4608 1
1024 2
3072 3
2048 4
3584 5
4608 2
512 2
2048 3
2048 4
3072 5
2560 6
7168 6
1536 7
4608 2
2048 3
1536 4
13312 5
2048 5
7168 5
2560 5
512 2
1536 2
512 2
4608 1
512 2
14336 3
1536 4
2048 5
2048 6
2048 7
4608 7
1536 1
2048 2
4608 1
512 1
10240 2
7168 3
7168 4
7168 5
2048 6
3584 4
6144 5
1024 3
4608 1
6656 2
1024 3
3584 4
512 5
1536 6
3072 7
12288 8
1024 5
4096 1
4096 2
9216 3
3072 1
10752 1
1024 2
4608 3
5120 4
512 5
4096 3
1024 1
2048 1
7680 1
6144 1
1536 2
1024 1
512 2
6656 3
4608 4
512 1
512 2
1536 3
1536 4
11264 2
2048 1
1536 1
512 1
1536 2
6656 1
12800 1
1536 1
512 1
1024 1
10240 2
5632 3
2560 4
2560 5
2560 2
1024 1
2048 1
512 1
10752 2
9216 3
1536 4
2048 5
5632 1
3584 2
2560 1
1024 1
1536 1
2048 1
1536 2
1024 3
1024 2
4096 1
12800 2
1536 2
4096 2
3072 1
512 2
2560 3
8704 4
5120 1
1536 1
3072 1
1024 2
2048 3
2560 4
4096 5
3072 1
2048 1
11264 2
1024 3
2560 1
9216 1
3072 1
4096 2
5632 3
512 1
1024 2
512 1
5632 1
2048 2
3072 3
5120 4
512 5
1536 3
5120 3
1024 1
1536 1
1024 2
3584 3
3584 4
3584 5
2560 3
512 3
14336 4
1536 5
10240 3
512 3
1536 2
1024 1
512 2
8704 3
6144 4
2048 5
2560 4
512 1
2560 1
512 2
2048 3
512 4
512 5
2560 6
1024 7
512 8
8192 9
4608 7
2560 8
9728 4
5120 4
1024 5
6144 4
512 4
2048 1
2560 2
2048 3
3072 2
3072 3
6144 4
1536 1
1536 1
1536 1
5120 1
1536 2
512 2
3072 2
3072 1
5120 2
512 3
1536 3
5632 1
3584 2
512 3
5632 4
13312 1
9216 1
512 2
2048 1
5632 2
512 3
4096 4
512 5
2048 4
4608 5
1536 6
6144 7
2048 3
8192 2
2560 1
2048 1
6656 1
1536 2
1024 3
3072 3
512 1
5632 2
1536 1
1024 2
11776 3
5632 4
2048 1
512 1
512 2
3072 3
2560 4
4608 5
1536 1
1024 2
1024 3
512 1
6144 2
3072 3
512 1
4096 1
512 1
3072 2
10752 3
8192 4
1536 5
2048 6
9728 7
2048 6
5632 5
5632 1
6656 1
3072 1
4096 1
512 2
7680 3
4608 4
512 5
6144 6
1536 7
3072 8
512 5
2048 4
12288 5
3584 6
10240 6
9216 7
4096 8
4608 8
1536 6
13312 3
2048 4
512 4
1024 1
512 2
4608 3
2560 4
12288 5
1024 6
1536 7
6144 6
512 7
2048 7
512 5
1536 4
5632 5
6144 1
512 1
512 1
2048 1
4608 1
6656 2
8704 3
6656 4
8192 3
5120 2
512 2
4608 1
512 2
1536 3
512 4
1536 5
5632 1
512 2
3584 3
2048 4
6656 5
2048 6
3584 6
2560 7
1536 8
3072 7
2560 2
512 2
1024 3
1024 1
2560 1
3072 2
1024 3
4608 4
1536 5
2560 6
1024 7
5632 8
1536 9
4096 10
1536 11
1024 11
8192 6
2560 7
1536 8
7168 7
512 7
3584 8
512 6
512 7
1536 8
3072 8
512 3
1536 1
6656 2
1536 3
1024 4
2048 5
5120 6
13312 7
512 8
2560 9
4608 8
2560 8
512 8
1024 7
9728 8
5120 9
2048 10
5120 11
1536 12
2560 13
3584 13
1536 11
15360 7
5120 8
1024 7
1536 6
2048 3
1024 4
10240 4
6656 5
12800 6
1024 7
4096 7
5632 4
4608 1
6656 2
12288 3
512 4
1024 5
2048 6
4096 7
5632 7
2560 8
6656 9
6144 9
2048 7
2048 3
3072 4
512 2
5120 2
16384 1
2560 2
2560 1
5632 2
2048 3
7680 4
1536 1
1024 1
4608 1
1024 1
2048 1
5632 2
11776 1
512 1
1024 1
14336 1
3072 2
2560 3
7168 4
2560 5
512 6
1536 7
1536 8
1024 9
1536 10
512 11
3584 12
1536 13
13824 10
512 11
2048 6
2048 7
3072 6
6656 3
512 4
1536 3
6144 4
4096 5
11776 6
8192 7
3584 8
2048 9
1536 3
2560 4
1024 5
5632 6
512 6
2560 6
3072 1
3584 1
2048 2
4608 3
1536 1
7680 2
2560 3
1024 4
10240 5
512 6
4608 7
512 6
2048 7
3584 8
2048 9
3072 10
5632 6
3584 3
1536 1
3072 1
3072 1
1536 2
5632 3
8704 4
5632 5
4096 6
11264 2
512 3
1024 1
512 1
8192 2
11264 3
512 4
2048 3
1536 1
1536 1
5632 1
6656 1
1024 2
2048 3
6656 4
11264 2
512 3
3072 3
1024 4
1024 5
6144 6
512 6
2560 2
5632 1
5632 2
4096 3
1024 4
2048 5
1024 6
5632 6
1024 7
1024 7
15872 3
3072 2
2560 1
1024 1
2048 2
1024 1
16384 2
4096 3
1024 4
2560 5
3072 6
3072 7
2048 8
512 8
5120 8
1536 9
2048 6
1536 3
1024 3
4096 4
4608 1
3584 1
2048 1
1536 2
512 3
9216 4
1024 1
512 2
1024 3
10240 4
2560 5
1024 5
512 1
5632 2
512 3
5632 4
3072 3
512 4
1536 3
7680 4
5632 5
1024 6
10752 3
1024 4
2560 4
1536 5
2560 1
1024 1
2560 2
1024 1
1536 2
3072 3
1024 4
8192 5
5120 6
1536 7
512 7
512 4
512 4
12800 5
4608 6
6656 2
512 2
1536 3
8704 4
512 4
8704 1
2560 2
4096 3
5632 4
4608 2
2560 1
2048 2
3584 1
8704 1
1024 2
6144 3
1024 4
4096 5
1024 6
1024 7
1536 8
2560 9
1024 10
1024 9
5120 9
2048 6
1024 4
512 5
1536 4
7168 3
4608 1
8704 2
2560 3
13824 4
4608 5
4096 6
5632 7
2560 8
512 9
512 10
2048 11
3584 12
512 13
512 14
8192 14
1536 15
512 12
3584 12
2560 13
512 13
1024 6
1024 7
4096 8
2048 8
1024 4
2048 3
6144 1
512 1
5120 2
5120 1
16384 2
5120 3
1536 4
4608 5
2048 6
2560 7
6144 6
4608 7
1536 8
6144 9
2048 10
5120 8
8704 7
2048 4
10752 4
3584 2
6144 1
1536 1
512 2
1024 1
6656 2
4096 3
5632 4
512 5
4608 6
7168 7
512 6
1536 5
3584 3
2048 1
4096 1
512 2
512 3
3584 4
2560 5
3072 6
9728 7
4608 8
512 9
2560 10
1536 11
1536 12
1536 13
9728 14
3584 11
2560 12
2560 12
1024 12
512 9
1536 1
1024 2
11264 3
512 4
1024 5
7680 2
512 2
4096 1
7168 1
2048 1
512 1
1024 2
2560 3
512 4
3072 5
512 6
4096 5
1024 6
4608 7
3072 7
3072 1
1024 1
4096 1
5632 2
3584 3
1536 4
9216 2
1024 3
1024 1
2560 2
1536 3
4096 2
512 1
7168 2
3584 3
5120 4
7680 3
5120 4
1024 2
10240 2
8192 3
7680 4
8192 1
3072 2
1024 1
6656 1
512 2
1536 3
512 4
7680 5
11264 6
3584 7
1024 3
4608 2
9728 1
1024 2
2048 3
6656 4
512 5
512 5
2560 1
3584 1
3584 1
4096 1
1536 2
8192 3
3584 4
3072 5
2560 4
512 5
1536 6
2560 7
2048 8
1536 8
512 8
2560 7
1536 8
512 2
5632 3
1024 4
1536 5
4608 6
11264 7
5632 8
2048 3
5120 4
512 2
512 1
7680 2
5632 3
2560 4
2048 5
3584 6
1024 7
7168 8
3584 9
8704 10
2048 11
4096 12
512 11
3584 12
1536 13
4608 14
1024 15
4096 16
1024 16
512 13
7168 9
1024 1
5120 2
6656 3
512 4
1536 5
2560 6
512 7
4608 3
3072 1
1024 1
7680 2
2048 1
3072 2
7168 1
1024 1
7168 1
512 2
2048 3
512 3
512 2
7680 1
3584 2
11776 2
1536 3
4608 4
3584 5
2048 3
3584 3
1536 2
2048 1
1536 2
3584 3
1024 1
6656 1
2048 2
512 3
512 4
1024 1
2048 1
512 2
1536 3
2560 4
1024 5
6656 6
1536 7
1536 3
512 4
4096 1
512 2
3072 3
512 4
2048 5
8192 3
6144 4
2048 1
3584 2
4608 1
512 2
4608 1
5632 1
2048 2
1536 1
512 1
3072 1
2048 2
4608 3
2048 4
6144 2
8704 2
3072 3
2048 4
4096 5
1536 5
3584 4
5120 3
6144 1
2048 1
512 1
1024 1
1024 1
1536 2
4608 3
512 4
5632 5
1536 6
3072 7
3072 8
2560 9
2560 10
3072 9
2560 8
1024 9
3584 10
512 10
2560 8
1536 9
2048 10
5120 11
3072 6
1024 5
512 1
6656 2
512 3
4096 2
3072 1
2560 1
2560 1
4608 1
1536 2
1024 3
512 1
3584 1
7168 1
3072 1
14336 2
8192 3
4608 4
4608 5
1024 6
1536 7
1024 8
7680 9
3584 10
7168 11
512 12
9216 13
1536 14
7680 11
1536 12
1024 12
2048 11
7680 8
2560 5
4096 3
14336 4
1536 5
2048 6
11264 7
512 8
2048 9
2560 10
10752 9
3072 10
5632 10
5632 11
2560 7
2048 6
5120 5
1536 5
2560 6
2560 3
1024 3
5120 1
2560 2
2560 3
1536 4
4096 5
4096 4
6656 2
1024 1
1024 1
512 2
5632 3
512 4
1024 5
2560 6
1536 4
1536 5
3072 1
3584 1
4608 2
2560 3
4608 4
4608 5
8704 6
4608 6
512 5
2560 4
3072 3
1024 3
3584 1
3072 1
4096 2
3584 3
7680 4
5120 5
7680 6
3584 7
1024 6
3072 6
2048 4
2560 4
5120 2
1536 1
1024 1
512 1
512 2
5120 3
6144 4
1536 5
512 6
512 7
1024 8
1024 9
4608 10
512 11
4096 9
6656 9
1024 4
512 3
2048 4
2048 1
2048 2
9216 3
2560 4
7680 5
4608 6
1536 7
3072 8
512 9
1024 10
5632 11
6656 7
2048 8
3072 9
9216 10
5120 11
512 12
512 12
4096 8
3584 9
1536 9
3584 9
512 7
5632 5
4608 1
512 1
6656 1
1024 2
1024 3
3584 4
2560 5
2048 1
12800 1
512 2
4608 3
3072 4
3072 5
10240 2
512 1
3072 1
1536 2
512 3
15872 4
1024 5
5120 6
5632 7
1536 8
512 3
3584 3
1024 3
512 1
6656 2
6656 3
3584 4
1536 5
1024 6
1024 7
2560 6
3584 7
3072 8
7680 9
4096 10
1024 11
5632 11
5120 5
8192 5
1536 3
2048 2
12288 3
9216 4
512 5
3072 6
3584 1
9728 1
5120 2
2048 3
1536 4
3072 5
1536 1
3584 1
1024 1
4608 1
1024 2
2048 2
1536 1
2048 1
1024 1
512 1
1536 2
512 3
1536 4
5632 5
1024 6
512 7
2560 8
8704 4
8192 2
4096 1
512 1
512 1
2560 2
2048 3
1024 4
6656 5
4608 6
3072 7
2048 3
512 2
512 1
2048 2
512 3
11264 4
9216 5
3072 6
1024 7
1024 2
3072 1
1024 2
2048 1
3584 2
1024 1
512 1
512 1
3584 2
2048 3
6144 1
3072 2
6656 1
512 2
9216 3
1024 1
2048 2
512 3
12288 4
4096 5
7680 6
4608 7
1024 8
512 7
2560 8
1024 5
4096 1
2560 1
2048 1
7168 2
512 3
2048 4
7680 5
5120 6
4608 7
512 4
1024 4
512 5
1536 6
8192 7
4096 6
1536 5
16384 6
1536 7
1536 8
1536 7
2560 5
1536 2
512 1
1536 1
3072 2
7168 1
8704 2
1024 2
4096 1
5632 2
4096 1
1536 1
1024 1
2560 1
1536 2
512 3
7168 1
5632 1
5632 1
1536 1
2560 1
7680 2
2560 3
8704 4
4096 5
3584 1
7168 2
6656 3
13824 4
512 4
512 5
3584 5
1536 6
3072 6
8192 7
6656 8
5632 9
1024 10
1024 11
6144 8
3072 6
6144 2
512 3
512 4
5120 5
3584 6
10240 6
3072 6
6656 5
4096 6
4608 7
2048 8
3072 9
512 9
3584 7
1024 8
1024 7
512 7
4096 4
5120 1
2048 2
1536 3
3072 4
512 1
6144 1
3072 1
7680 2
2560 3
1536 4
2560 5
11776 6
1536 7
2048 8
3072 9
4608 5
4608 2
1024 2
1536 1
1536 2
1024 2
1024 1
5120 2
1536 3
8192 2
1536 1
6656 2
1024 3
3072 4
4096 5
1024 2
2560 1
7168 1
1024 1
7168 1
15360 2
12800 3
512 4
512 5
512 6
512 7
512 8
12288 9
5632 10
6144 11
3072 12
6144 3
1536 4
1024 2
2048 1
512 2
512 3
512 4
5632 5
2560 6
2560 2
3072 3
6144 1
5632 2
1536 3
2048 4
3584 5
8704 5
8192 3
2560 3
2560 1
512 1
1536 1
2048 2
2560 3
4608 4
2560 5
1536 6
1536 7
2048 8
512 9
4096 10
4096 11
1024 12
2048 12
3584 8
2560 5
5120 5
512 1
6144 2
7680 1
4096 2
1024 3
3072 4
1536 5
8192 6
512 7
1536 8
1536 8
2048 9
6656 8
1024 8
1536 2
4096 1
5120 2
5632 3
512 4
512 5
2560 6
512 7
2560 8
512 9
2560 10
6144 11
1024 12
3072 13
3072 12
3584 13
2560 14
1536 15
3072 16
6144 17
4608 14
1536 11
3072 11
1024 10
3072 10
1024 11
9216 11
4608 11
2560 9
512 9
7680 8
1024 9
3584 10
512 9
5120 4
512 1
3072 2
1536 1
1536 2
6144 3
2048 4
3584 1
512 1
3072 2
2560 3
3584 4
1024 5
1024 3
3072 1
2048 2
5120 2
5632 1
9728 2
1536 3
2560 4
2048 4
512 5
3584 6
3584 7
5120 2
10240 1
1024 1
1024 1
5120 2
3072 3
1536 4
2560 5
5632 6
4096 7
3584 6
4096 6
3584 4
6656 5
1024 2
512 3
1024 1
2048 2
4096 3
1024 4
5632 5
1536 6
7680 7
6144 8
6656 6
2048 5
7168 4
512 3
4096 1
2560 1
1024 2
512 3
4096 4
512 5
2048 6
4096 7
1536 8
2048 9
4096 10
4096 11
512 12
1024 9
8192 5
2560 4
3072 1
7168 1
5632 2
1024 3
3072 4
1024 5
6144 6
5632 5
1536 6
3072 7
512 8
1536 9
9216 10
4608 11
3584 8
3072 9
1024 10
1024 10
2048 9
4096 6
2048 5
512 1
4608 2
7680 1
4096 1
512 2
2048 3
7680 4
1024 5
1536 6
7168 7
512 8
4096 9
512 10
512 8
5120 3
4608 1
3584 1
2560 2
2560 3
3584 4
5120 5
1536 5
512 3
10240 4
6144 5
2560 6
4096 6
5120 3
2560 4
5632 1
3584 2
1024 3
1536 4
512 5
3584 5
512 4
3072 1
3072 1
1024 2
2560 3
5120 4
5120 5
2048 6
1024 7
1024 8
1024 9
5632 10
10240 11
9216 12
512 13
4608 12
3584 10
2560 8
3584 7
6144 8
14336 9
4096 10
1536 11
4608 12
2560 13
512 14
4608 11
2560 11
512 12
3072 12
512 8
512 8
3584 6
8192 2
2048 2
3072 1
6144 2
2048 3
1024 4
1536 5
1536 6
2560 7
512 8
2048 9
2048 10
2560 8
1536 7
512 8
1024 5
2048 1
8192 2
1024 3
3072 4
512 5
6144 4
512 5
1024 6
1024 7
512 8
5120 5
5632 1
2560 2
1536 2
7680 1
1536 2
3072 2
1024 3
5120 2
3072 1
5632 2
4096 3
512 3
1536 1
9728 2
9216 3
4608 4
2048 5
7168 5
1536 6
1024 4
2048 2
512 2
4096 1
512 2
6144 3
1536 1
7168 2
2048 3
2560 4
3072 5
512 6
4096 7
3584 6
512 2
1536 2
2560 1
1536 1
512 1
2048 1
5120 2
1024 3
7680 4
2560 5
1024 6
1024 7
1536 8
512 9
2560 10
7168 11
512 12
1024 13
2560 14
512 14
512 10
2560 7
4096 4
512 1
1536 1
2560 2
512 3
512 4
3584 5
6144 6
2048 6
5120 7
2048 8
512 9
3072 10
2048 6
2560 4
512 1
3072 1
4608 2
1536 3
5120 4
4096 5
1024 6
1024 6
1536 7
1024 8
1024 9
5120 10
8704 11
1024 12
3584 10
3072 7
512 8
3072 4
1024 3
512 1
7680 1
2048 2
7168 3
11776 4
512 1
1024 2
1536 3
3072 2
4608 3
8192 3
9216 2
1536 3
3584 1
2560 2
512 1
3584 2
5120 3
1024 2
9216 1
512 1
2048 1
7680 2
2560 3
2048 2
1536 2
3584 3
2048 4
4608 1
2048 2
6144 1
6144 1
2048 1
2048 2
1024 1
1536 2
512 3
3072 1
1536 2
1024 3
3072 3
2560 1
3584 1
2560 2
1024 3
6656 4
3584 4
2560 2
512 1
512 1
512 2
5120 3
3072 1
1536 1
4096 2
2560 3
1024 4
7680 3
1536 1
5120 1
512 2
2560 1
9216 2
14848 1
10752 1
512 2
2560 1
1536 2
3584 3
1024 1
2048 1
2048 1
1024 2
2560 1
4608 2
1024 3
4608 4
4096 5
2048 6
7168 7
1536 8
4096 9
2560 6
8192 6
4608 4
2560 5
4608 6
1536 6
3584 6
1536 6
512 7
512 8
2560 9
512 7
1024 1
3072 2
1536 3
5632 2
4608 2
7168 3
512 3
512 4
3072 4
512 3
3584 1
6144 2
7680 3
4608 4
5120 5
2048 5
3584 4
1536 4
512 5
7168 6
5120 4
2048 2
1024 1
8192 2
4096 3
1024 2
3072 1
4096 2
8192 3
1024 4
4096 5
10240 6
2048 7
512 5
6144 1
5120 1
512 1
4096 1
5120 2
6656 3
4096 4
3584 5
5120 5
11776 4
1536 4
6144 5
10240 4
9216 5
5632 6
512 7
512 5
2560 1
512 1
2560 1
4608 2
1536 3
1024 3
4608 3
512 1
9216 2
5120 1
1024 2
512 3
3072 1
512 2
512 3
7680 1
2560 1
2048 1
2048 2
3072 3
512 4
3072 1
1024 2
7680 3
1536 4
1536 5
4608 3
1536 4
1536 2
3584 3
512 4
2560 5
1024 6
4096 4
1536 5
512 2
2048 1
7168 2
9728 3
12288 4
9216 5
4096 6
1536 7
1536 6
4608 2
1024 1
512 2
6656 1
6144 2
15872 3
5632 4
1024 1
2048 1
1024 2
1536 1
1536 1
1536 2
6656 3
512 1
512 2
2048 3
1536 4
3584 1
9728 2
12288 2
7168 1
2048 1
8192 2
3072 1
1024 2
512 3
1024 4
5120 5
512 6
2048 7
11264 4
1536 1
512 1
2048 1
4096 2
512 3
1536 4
3584 5
4096 6
2048 7
1024 8
2048 9
4096 10
512 11
512 8
512 5
4096 5
7168 1
512 2
512 3
4608 4
512 4
512 1
1024 2
5120 3
7680 1
2048 2
512 3
512 3
13312 1
512 2
7168 3
2560 1
1024 1
1536 1
512 1
512 2
16384 3
1536 4
10240 5
7680 1
4608 1
7680 1
7168 2
4608 3
9216 4
3072 5
512 6
6144 7
2048 8
1024 9
1024 9
2048 10
4608 9
10752 6
2048 1
3584 1
4096 2
2048 3
1536 4
2048 5
1536 6
8704 7
2048 8
1536 9
1536 10
3584 8
8704 4
2048 5
3584 6
16384 7
14848 8
512 9
7168 10
512 11
2560 12
11776 8
512 9
4608 9
4096 10
16384 11
3584 12
4096 13
512 13
1536 14
2048 15
7680 15
4096 9
3072 8
2048 9
8192 10
1536 11
5120 12
4608 11
2048 11
512 12
3584 10
2560 11
4608 12
2560 11
6656 10
1024 9
2560 10
1024 11
2048 8
512 9
5632 8
1536 9
4608 8
2048 9
1024 10
5120 5
5120 3
4608 2
6144 3
2048 1
3584 2
512 2
4096 1
4096 1
4608 1
5632 2
2048 3
5120 4
512 5
5120 6
2048 5
512 4
2048 1
3584 2
1024 3
1024 4
512 5
4096 6
2048 7
5120 8
8704 7
2560 7
512 1
1536 1
4608 2
5632 3
2048 4
1536 4
10752 1
1024 2
5632 3
2048 4
2048 5
1024 6
9728 5
4096 5
3584 4
4608 2
1024 3
1024 4
4608 5
1024 4
3072 2
5120 3
3584 2
512 1
2048 2
512 3
512 4
1536 1
3072 1
3584 1
512 1
1024 2
4096 3
7168 4
512 5
512 6
13312 7
7168 5
512 5
2048 6
12800 3
1024 4
5632 5
2048 6
7680 3
2048 3
1024 4
1024 3
512 1
512 2
12288 3
2560 4
2048 5
3072 6
512 7
2048 8
2560 9
1536 10
9728 10
1536 11
512 12
1024 13
6144 14
10752 15
5120 9
5632 5
4608 4
1536 5
1024 6
512 7
2560 6
8704 1
11264 2
6144 3
4608 2
1536 2
2048 3
8704 3
1024 4
5632 5
4096 4
512 2
512 2
2048 1
2048 1
3584 1
1536 1
8704 2
12288 3
8192 1
14336 2
2048 3
1536 4
3584 4
1024 5
512 3
2560 1
1024 1
10752 1
1024 2
11264 3
2048 4
512 5
4096 3
5632 1
4096 1
3584 1
5632 2
1536 2
2560 2
512 1
1536 1
5120 2
7680 3
2560 4
3584 5
4608 6
2048 7
3072 8
2560 9
2048 10
512 2
3584 3
4608 1
2560 2
2560 1
1024 2
3584 2
512 3
2560 2
2048 3
2560 4
3072 5
11776 2
2560 1
512 1
4608 2
1024 3
3072 4
2560 3
2560 1
2048 1
4096 2
512 1
1024 1
2048 2
13312 3
5632 4
512 5
3072 1
2048 2
15360 2
2560 3
3072 2
4096 1
2560 1
2048 2
4608 1
9216 2
9728 3
10240 4
512 5
10752 6
512 7
1536 8
6144 9
1024 9
5120 10
1536 11
512 12
9216 13
3072 6
4096 7
2560 4
3584 3
512 2
3072 1
2560 1
16384 2
11264 3
3072 4
6144 5
