120 177662
122 178442
127 188368
129 190829
133 195412
135 203720
138 205485
140 210462
146 219014
147 224254
152 227208
157 234597
161 235877
163 241745
164 243801
165 250060
167 253180
169 254116
171 256161
173 259437
176 260652
178 266317
181 272278
185 274293
188 274654
190 277682
195 287291
198 289631
200 291552
202 297023
206 299207
212 311522
215 314894
218 317338
222 336846
224 339670
228 348144
229 354683
235 360497
237 363420
242 365456
246 369343
251 379362
253 381809
254 383213
256 385882
259 388386
263 389462
266 398169
268 405226
269 409916
272 412092
275 418301
279 426289
281 429130
285 429811
287 434294
289 436272
291 443630
293 447733
295 449104
298 450783
304 468679
305 469516
307 474781
311 476522
313 477975
319 483135
322 486556
325 488678
327 497036
329 498997
336 513075
339 518714
344 521520
350 533440
352 535608
355 537471
362 547902
366 552997
375 577552
381 583008
384 588913
388 590473
391 598502
398 609497
400 611392
401 616040
405 622387
410 637680
412 638156
415 643441
416 645469
418 649542
422 652268
431 661416
434 670922
441 682010
442 683463
445 696279
448 706691
449 711522
452 731774
461 743627
464 748600
478 823687
479 833097
483 835354
488 841432
491 844577
493 847345
496 859717
501 863929
510 868786
514 885787
517 897167
523 903356
527 909605
530 916137
534 920379
540 927132
549 942801
552 964312
554 966184
556 969099
558 975383
561 987055
567 996502
570 999934
579 1015604
582 1019382
585 1024367
589 1032917
594 1039437
596 1040668
603 1049589
604 1050369
607 1054304
612 1071982
615 1090135
616 1093377
619 1098247
621 1103642
624 1104816
626 1106105
631 1117859
639 1142500
640 1145497
642 1150056
644 1162953
648 1169013
652 1179385
659 1195011
663 1198287
671 1209893
675 1220048
680 1228774
684 1236050
688 1255711
692 1259452
695 1264955
699 1266655
700 1270711
701 1273552
702 1274332
706 1278338
711 1282743
715 1289723
721 1293683
723 1297015
727 1310321
734 1341962
739 1368047
741 1373127
743 1378294
745 1385696
760 1399560
764 1404179
768 1415117
774 1424027
777 1434678
780 1451972
781 1455130
785 1455754
790 1459000
797 1472403
799 1474932
802 1483836
804 1488452
806 1497448
810 1508756
815 1522610
821 1529302
825 1538150
827 1539242
830 1544234
835 1551316
839 1558872
840 1563084
841 1563396
844 1566069
852 1586417
854 1589286
859 1593408
862 1604266
863 1608634
871 1618413
876 1640552
879 1663391
880 1665649
883 1666495
886 1675807
889 1680830
892 1695810
898 1702526
902 1706493
904 1715618
910 1724870
911 1726307
915 1733438
918 1738549
919 1741045
928 1768033
938 1785451
944 1790363
948 1793130
951 1800724
954 1804879
956 1808451
965 1811192
967 1818170
970 1822998
974 1840156
976 1850623
979 1853460
982 1855685
990 1880316
992 1886928
994 1891509
996 1895729
1001 1903511
1005 1906885
1006 1909102
1012 1921530
1015 1936780
1021 1959882
1022 1963314
1024 1965284
1031 1985579
1034 1987065
1041 2008507
1043 2012313
1047 2023796
1050 2045604
1054 2055137
1056 2056303
1064 2073432
1079 2099006
1084 2110436
1086 2116951
1093 2140931
1098 2149724
1103 2165612
1106 2173802
1108 2175730
1111 2186339
1121 2205863
1125 2226014
1128 2230329
1134 2247130
1136 2264564
1137 2269556
1141 2275378
1142 2286192
1143 2287596
1145 2291219
1147 2293436
1150 2295925
1151 2300315
1153 2302000
1156 2307976
1163 2316871
1169 2328560
1171 2331056
1175 2334626
1180 2342597
1182 2344940
1184 2348717
1186 2350236
1190 2352717
1198 2359760
1200 2365952
1203 2374799
1206 2376870
1209 2391888
1214 2402402
1217 2408912
1218 2413002
1221 2415976
1225 2421554
1226 2425176
1234 2433288
1238 2450626
1239 2457744
1241 2477223
1249 2507261
1253 2516772
1255 2519909
1257 2521157
1259 2523965
1261 2527742
1264 2529926
1265 2535427
1271 2541719
1279 2543478
1283 2551464
1288 2558716
1293 2575978
1299 2584787
1300 2585255
1302 2601878
1306 2620195
1310 2624425
1312 2627771
1314 2632377
1317 2634750
1323 2646503
1325 2652582
1328 2658206
1331 2663117
1335 2665261
1338 2668755
1339 2670755
1345 2681255
1347 2684292
1348 2686811
1351 2700715
1354 2714437
1356 2719974
1359 2720664
1361 2721650
1365 2733360
1366 2734452
1370 2745396
1371 2753264
1377 2776345
1382 2786936
1386 2789933
1390 2792347
1392 2793283
1393 2794531
1397 2796699
1400 2810445
1402 2816070
1403 2819060
1411 2836559
1414 2839876
1416 2840746
1419 2848228
1420 2856476
1425 2895800
1427 2900846
1430 2903416
1433 2907595
1435 2908416
1437 2911135
1442 2921830
1446 2925373
1452 2929398
1458 2942862
1464 2944184
1466 2948632
1469 2951867
1470 2955271
1474 2969855
1475 2972137
1482 2998036
1485 3010607
1488 3043587
1493 3051779
1504 3079053
1509 3089398
1511 3093766
1514 3096549
1517 3112553
1522 3115665
1523 3117069
1524 3120082
1530 3124556
1534 3132260
1537 3137255
1543 3143191
1545 3143659
1548 3144366
1551 3152564
1554 3158477
1557 3162333
1558 3168037
1560 3174102
1566 3200031
1567 3207278
1569 3210676
1571 3214037
1573 3216375
1578 3222937
1582 3228892
1586 3231964
1589 3236108
1595 3256391
1598 3263588
1602 3274872
1604 3278217
1612 3289137
1615 3296150
1617 3300277
1619 3300901
1623 3304569
1626 3313200
1629 3315311
1631 3320377
1634 3323373
1636 3324613
1640 3334115
1642 3340124
1645 3349466
1647 3350944
1650 3358713
1651 3360722
1657 3380921
1659 3384755
1663 3387898
1668 3394838
1670 3397064
1672 3404616
1676 3408514
1680 3411306
1686 3421773
1689 3426430
1690 3429264
1693 3435702
1697 3437383
1698 3443664
1705 3462667
1708 3465223
1709 3469509
1716 3486981
1718 3489477
1724 3497202
1729 3514649
1732 3524885
1734 3527383
1737 3535513
1742 3547830
1746 3563710
1748 3565229
1752 3579354
1755 3582025
1759 3587509
1762 3588197
1765 3591866
1768 3603459
1771 3606140
1775 3609695
1777 3611485
1780 3617298
1783 3620976
1786 3626617
1790 3636965
1794 3642469
1795 3652080
1797 3654330
1799 3656612
1801 3661046
1804 3667622
1805 3671206
1812 3684466
1814 3688399
1816 3689836
1819 3691322
1827 3709222
1828 3714809
1829 3721517
1839 3738966
1842 3740485
1844 3744904
1848 3761698
1851 3763907
1852 3765969
1854 3766552
1859 3774756
1862 3777104
1865 3781110
1868 3792692
1871 3808918
1875 3811102
1877 3812342
1879 3814526
1884 3817382
1894 3847129
1895 3848689
1900 3852309
1904 3861552
1912 3868401
1919 3892551
1921 3896047
1922 3897295
1928 3936846
1931 3949420
1934 3959487
1935 3963087
1940 3974490
1946 3986208
1948 3991044
1950 3994528
1953 4011235
1956 4011768
1958 4015160
1968 4036549
1969 4039357
1971 4041229
1974 4043101
1982 4061708
1984 4067699
1986 4070564
1988 4074201
1992 4076180
1998 4087241
2002 4100664
2004 4103555
2006 4109746
2011 4135867
2016 4168960
2021 4170594
2027 4181496
2032 4182591
2036 4191691
2040 4198701
2043 4203692
2048 4217457
2056 4243041
2058 4246137
2060 4246449
2062 4250464
2069 4253709
2070 4256720
2073 4265151
2077 4279028
2082 4280752
2092 4291237
2096 4325746
2103 4359990
2104 4361706
2108 4364440
2111 4365172
2118 4383403
2120 4386484
2123 4387141
2126 4390213
2130 4415170
2132 4418947
2134 4422650
2142 4426138
2143 4427230
2145 4433257
2147 4441819
2150 4446617
2153 4456687
2155 4468359
2159 4479668
2163 4483535
2164 4488862
2169 4502998
2172 4518254
2175 4522537
2178 4531914
2184 4547043
2186 4561308
2189 4562343
2191 4565463
2195 4572291
2201 4573416
2204 4579031
2209 4579910
2212 4585482
2216 4598976
2219 4605759
2222 4606728
2226 4608788
2230 4609921
2231 4611399
2236 4623790
2239 4627649
2244 4633361
2246 4640648
2248 4641674
2251 4650525
2252 4651060
2255 4654642
2260 4701426
2262 4704101
2264 4704758
2269 4710787
2272 4714219
2273 4719933
2275 4722798
2276 4723266
2278 4725918
2281 4729079
2282 4731107
2286 4732461
2291 4743062
2295 4748790
2297 4751688
2299 4759986
2308 4765015
2309 4766018
2315 4775679
2317 4778950
2319 4782078
2323 4792276
2324 4807365
2332 4836745
2334 4850126
2344 4861760
2347 4866350
2351 4870720
2355 4884826
2359 4904975
2365 4916802
2367 4918428
2370 4921482
2377 4947892
2379 4958638
2381 4970038
2386 4982900
2391 4988155
2398 4990094
2402 5011404
2403 5013686
2404 5014835
2406 5017142
2409 5023213
2411 5026454
2412 5029188
2416 5038764
2418 5053818
2422 5061166
2424 5063279
2427 5066121
2431 5074224
2437 5087901
2439 5090584
2441 5093687
2446 5121050
2447 5121674
2451 5126611
2453 5130870
2454 5133054
2456 5135377
2459 5136781
2460 5142241
2465 5145785
2468 5147501
2470 5148576
2471 5148888
2473 5151113
2478 5167997
2483 5189969
2485 5195966
2486 5198150
2488 5210059
2493 5222233
2497 5228712
2499 5231004
2502 5231628
2503 5239896
2505 5242704
2507 5245026
2510 5245806
2512 5248146
2515 5251036
2517 5253409
2520 5256275
2522 5263769
2526 5273497
2527 5285432
2531 5289576
2534 5290701
2536 5293920
2537 5297246
2542 5312352
2547 5313477
2549 5317810
2552 5321944
2554 5324079
2556 5331241
2558 5332054
2567 5343382
2568 5344515
2571 5347993
2582 5366124
2584 5381153
2586 5390442
2588 5391066
2592 5398011
2596 5404735
2601 5425729
2607 5441387
2611 5449133
2613 5461234
2614 5462055
2620 5482000
2627 5497079
2634 5511526
2639 5521630
2643 5530886
2648 5536948
2649 5539874
2651 5542027
2653 5551805
2659 5565255
2665 5578385
2668 5598027
2672 5599678
2677 5622013
2684 5647833
2687 5655815
2688 5657219
2691 5667536
2696 5672030
2704 5698072
2706 5700568
2707 5706093
2711 5711469
2713 5714121
2715 5719152
2718 5720565
2722 5744056
2723 5745860
2729 5770854
2731 5775210
2732 5780108
2734 5784402
2738 5789443
2740 5797650
2744 5802899
2757 5818052
2760 5820655
2768 5839340
2772 5848427
2776 5863250
2780 5878062
2784 5903804
2786 5906562
2795 5924607
2799 5928326
2801 5929015
2804 5932333
2807 5946997
2808 5948869
2811 5958739
2814 5962564
2815 5969846
2817 5977143
2820 5979171
2821 5981788
2823 5984447
2825 5991366
2833 6004875
2841 6023165
2845 6051383
2847 6057727
2849 6064418
2850 6066331
2852 6067366
2858 6073882
2861 6083806
2863 6085366
2865 6089488
2867 6090958
2870 6092928
2872 6093281
2880 6116501
2884 6122892
2886 6125446
2889 6130035
2892 6134248
2893 6138368
2896 6139805
2898 6140470
2900 6148496
2902 6162840
2906 6190010
2908 6194831
2912 6206453
2916 6208890
2918 6213894
2919 6215922
2920 6216390
2924 6218787
2927 6221997
2931 6232579
2934 6234962
2936 6236904
2939 6239211
2942 6241789
2945 6248601
2947 6251399
2954 6266018
2957 6267020
2959 6268621
2961 6271018
2963 6272553
2967 6273875
2970 6277843
2973 6282068
2975 6290119
2983 6304892
2988 6318896
2991 6320776
2995 6324666
2997 6340360
3002 6355796
3007 6371569
3016 6390670
3018 6408171
3020 6414478
3021 6416350
3022 6419121
3024 6423333
3028 6427787
3042 6454849
3044 6458746
3046 6463388
3057 6481247
3063 6514290
3065 6517173
3068 6540863
3070 6543172
3072 6554942
3078 6570350
3081 6573347
3085 6580261
3090 6598566
3093 6601908
3094 6610073
3097 6618667
3099 6619603
3101 6624367
3103 6625352
3105 6626756
3107 6632644
3110 6633112
3115 6637078
3117 6642343
3133 6676386
3134 6677010
3137 6686667
3139 6687759
3142 6691511
3145 6698115
3147 6699799
3150 6707466
3154 6726961
3159 6734743
3163 6746679
3165 6752240
3168 6755373
3171 6770560
3181 6781235
3184 6788720
3188 6794503
3193 6801746
3197 6811599
3202 6826970
3204 6829153
3206 6841088
3209 6848469
3214 6862008
3217 6863916
3220 6880994
3222 6886805
3226 6899369
3235 6923635
3237 6930656
3243 6941564
3248 6955507
3249 6962382
3252 6971573
3254 6978368
3257 6981916
3260 6985227
3266 6994235
3268 7006966
3271 7010895
3275 7023400
3276 7027978
3281 7030730
3283 7034630
3291 7045083
3293 7049211
3299 7061253
3305 7071425
3308 7074996
3315 7096650
3317 7102604
3321 7127805
3333 7164443
3335 7168892
3337 7177002
3339 7180371
3344 7187940
3347 7197915
3350 7201158
3356 7219185
3359 7224649
3363 7240770
3367 7261239
3371 7262265
3374 7268999
3375 7271873
3381 7276434
3390 7307775
3392 7309064
3394 7316159
3397 7317300
3400 7322799
3407 7335511
3411 7342752
3414 7354418
3416 7358942
3419 7363834
3422 7382733
3424 7385262
3430 7404009
3433 7411780
3438 7419786
3440 7424040
3443 7428044
3446 7430722
3450 7434332
3452 7441089
3455 7446243
3457 7452623
3459 7462695
3460 7465248
3464 7471738
3468 7482303
3470 7490112
3475 7492830
3478 7505071
3479 7508035
3480 7510194
3482 7511672
3485 7513454
3492 7521137
3501 7541005
3502 7549693
3504 7553881
3507 7555835
3514 7560120
3525 7584410
3527 7596070
3529 7600187
3531 7600844
3536 7611135
3540 7613517
3544 7627722
3545 7630374
3547 7632614
3553 7649843
3558 7662777
3560 7666017
3569 7684380
3571 7688698
3577 7711416
3579 7721781
3580 7725213
3584 7740343
3585 7742527
3588 7749020
3597 7753101
3600 7761693
3608 7771078
3610 7785664
3615 7786325
3618 7814098
3621 7816208
3624 7819106
3627 7820110
3633 7844543
3635 7862196
3637 7866408
3638 7868502
3642 7872539
3645 7873631
3647 7876920
3653 7896308
3654 7901456
3658 7903592
3667 7935261
3670 7948846
3675 7968701
3677 7972632
3678 7973962
3682 7978145
3684 7984534
3696 8011233
3699 8013185
3704 8022642
3709 8037548
3714 8052911
3719 8068067
3721 8078044
3723 8079637
3726 8080187
3732 8102349
3735 8113675
3737 8117833
3739 8120568
3742 8129964
3743 8132091
3749 8150552
3751 8163679
3759 8180675
3761 8183089
3763 8184025
3768 8186384
3771 8189334
3779 8197040
3782 8198723
3785 8215958
3789 8218019
3790 8220359
3795 8227668
3797 8230164
3804 8232044
3807 8232980
3811 8238465
3813 8260038
3816 8268694
3817 8271375
3820 8275188
3821 8277093
3823 8281222
3826 8282742
3832 8296330
3838 8304705
3843 8311267
3847 8314401
3853 8335517
3856 8343284
3858 8348234
3861 8351076
3863 8360513
3865 8367614
3871 8374680
3873 8379751
3877 8393587
3879 8396191
3881 8403220
3886 8412864
3887 8420460
3890 8422759
3895 8427006
3898 8437344
3900 8438477
3902 8442333
3903 8443893
3909 8450682
3921 8467524
3925 8473027
3930 8491287
3936 8517408
3941 8520989
3944 8523617
3947 8529040
3951 8535229
3954 8556837
3957 8567230
3960 8583567
3967 8601129
3969 8620016
3971 8621453
3981 8652383
3983 8658697
3990 8663147
3994 8669007
3996 8674407
4000 8682835
4002 8696253
4005 8697592
4008 8699620
4017 8707526
4018 8711270
4020 8712452
4026 8736770
4031 8757552
4036 8763014
4039 8768653
4045 8774700
4046 8778187
4048 8783984
4050 8791236
4054 8797969
4057 8807763
4060 8812230
4069 8821151
4074 8833350
4081 8848948
4083 8851526
4087 8857157
4090 8867059
4094 8885793
4098 8892824
4102 8910439
4104 8913958
4110 8939557
4111 8943301
4112 8944335
4115 8951594
4117 8956075
4124 8960860
4127 8966833
4129 8970821
4131 8975070
4137 8981389
4139 8984013
4142 9000210
4146 9030015
4151 9037970
4154 9040285
4158 9043871
4159 9047756
4162 9052522
4164 9057564
4166 9062982
4170 9072708
4171 9077224
4175 9077980
4178 9078604
4180 9081939
4188 9096222
4191 9100746
4194 9111284
4199 9123506
4205 9147275
4218 9174001
4220 9177661
4221 9179081
4223 9183070
4226 9196623
4227 9198495
4238 9214757
4240 9218680
4247 9232298
4248 9234663
4250 9237389
4255 9265847
4257 9268041
4261 9291651
4263 9294147
4268 9298984
4270 9304876
4273 9309866
4275 9319496
4280 9328307
4281 9338320
4286 9343632
4287 9352095
4288 9352875
4290 9356154
4293 9360744
4294 9363092
4295 9364340
4297 9366853
4298 9368101
4301 9372518
4305 9378914
4307 9382253
4309 9382721
4311 9386466
4313 9387558
4315 9392328
4318 9393289
4321 9394422
4329 9412848
4331 9415304
4333 9418422
4337 9425204
4339 9434315
4341 9438137
4343 9447141
4347 9448249
4352 9452297
4355 9457254
4356 9463239
4358 9466422
4361 9468819
4363 9470781
4365 9477491
4369 9486150
4372 9492851
4376 9496892
4380 9503669
4383 9508361
4385 9515011
4389 9529422
4392 9531646
4400 9548529
4403 9553728
4404 9583140
4406 9584372
4408 9592217
4410 9608388
4413 9612887
4415 9614291
4424 9627274
4425 9628982
4430 9641516
4434 9644020
4438 9656148
4441 9660549
4442 9664865
4446 9670291
4450 9671538
4455 9676971
4462 9699244
4464 9702529
4466 9705305
4468 9717715
4469 9724921
4472 9730258
4477 9730997
4482 9751738
4486 9755454
4488 9757794
4491 9766692
4492 9767628
4497 9782996
4502 9797694
4504 9802148
4508 9820735
4511 9829821
4514 9843069
4517 9847652
4519 9854548
4521 9857187
4523 9859469
4525 9863656
4529 9873122
4531 9876258
4543 9893748
4544 9895620
4550 9901870
4553 9914453
4557 9917690
4559 9918815
4563 9934232
4566 9937040
4569 9939585
4571 9941966
4574 9953107
4580 9960005
4584 9967729
4586 9968897
4587 9972526
4590 9973429
4594 9980439
4597 9999950
4599 10013326
4600 10015354
4601 10022152
4603 10024106
4606 10029604
4611 10046538
4618 10062417
4623 10065940
4627 10079201
4628 10082633
4630 10083930
4632 10093644
4637 10099752
4640 10105920
4643 10110430
4646 10113424
4651 10119585
4655 10125704
4660 10155273
4665 10160102
4667 10173090
4669 10174026
4670 10179798
4671 10180914
4673 10183878
4676 10186508
4678 10187633
4682 10196822
4687 10205581
4688 10217365
4691 10221660
4692 10223387
4697 10230721
4699 10235181
4706 10250556
4709 10257966
4710 10261965
4713 10280715
4715 10284303
4717 10287497
4719 10290311
4727 10296365
4732 10300830
4735 10310732
4736 10322538
4738 10331847
4743 10339232
4744 10343444
4746 10346540
4748 10347632
4752 10350851
4758 10358479
4760 10363497
4763 10368122
4765 10371246
4771 10382087
4773 10385550
4775 10388629
4777 10393367
4782 10405272
4783 10407144
4785 10415585
4790 10438414
4794 10449216
4799 10476372
4806 10499217
4810 10503475
4811 10505452
4813 10509820
4818 10516971
4820 10521231
4822 10522635
4824 10524351
4827 10532323
4829 10534739
4833 10535051
4837 10536529
4843 10546241
4844 10548968
4846 10552077
4850 10560064
4859 10578724
4860 10581218
4864 10589428
4868 10594017
4871 10596713
4875 10602031
4878 10607060
4881 10609440
4889 10631554
4895 10649292
4896 10651944
4898 10652830
4900 10656110
4902 10657711
4906 10665695
4911 10689641
4915 10692046
4917 10694230
4918 10699222
4923 10704980
4926 10712414
4930 10733296
4933 10735462
4935 10739780
4938 10747066
4941 10749045
4943 10756230
4948 10760741
4955 10781444
4960 10791385
4962 10794310
4964 10807437
4968 10810170
4976 10840149
4983 10854607
4985 10857407
4987 10867325
4988 10870133
4990 10882623
4993 10892577
5001 10909510
5004 10911957
5013 10927918
5015 10931991
5018 10935636
5020 10936384
5022 10947475
5023 10949560
5026 10958075
5029 10959963
5032 10966307
5037 10977855
5042 10988508
5044 10989042
5048 10995589
5051 11005451
5052 11008481
5061 11021399
5063 11023826
5067 11026921
5080 11067927
5082 11070875
5085 11080674
5087 11088736
5092 11092579
5098 11100625
5106 11114057
5108 11114722
5111 11116675
5115 11133063
5116 11136319
5118 11140466
5122 11142765
5124 11143304
5127 11149247
5129 11153098
5133 11156134
5143 11171883
5147 11181121
5149 11183296
5150 11185168
5154 11198343
5157 11207018
5162 11211886
5167 11239406
5172 11252877
5175 11265686
5181 11276951
5183 11284016
5186 11301381
5189 11312519
5197 11328929
5200 11332206
5204 11336551
5211 11347664
5215 11358954
5219 11367141
5221 11370970
5222 11373195
5225 11379328
5228 11380645
5235 11389148
5237 11391468
5240 11394441
5242 11397203
5248 11425151
5251 11441034
5252 11443998
5256 11447679
5257 11453831
5260 11467704
5263 11471323
5267 11479576
5269 11481579
5270 11482579
5273 11485576
5279 11488392
5283 11497781
5289 11508659
5294 11515224
5297 11516784
5298 11519748
5300 11525544
5302 11530692
5304 11538895
5309 11541949
5312 11544567
5314 11546973
5316 11555888
5319 11559501
5326 11569587
5328 11571423
5330 11575905
5333 11577941
5336 11582007
5340 11589617
5343 11605161
5350 11612917
5354 11616375
5359 11626699
5364 11636650
5366 11646997
5368 11663072
5375 11682511
5376 11685007
5378 11691912
5381 11692536
5385 11695009
5389 11714449
5392 11715492
5395 11720212
5399 11722070
5401 11727326
5404 11728829
5406 11732743
5411 11751923
5413 11756315
5415 11759720
5418 11763816
5422 11770870
5425 11777633
5428 11781886
5433 11795905
5434 11804749
5435 11816016
5437 11817576
5442 11822059
5444 11822880
5445 11829518
5449 11833958
5454 11836948
5458 11842634
5461 11847018
5469 11863036
5477 11885535
5486 11933499
5492 11934452
5498 11954857
5499 11955990
5501 11965870
5506 11977675
5509 11986613
5512 12002608
5515 12013018
5519 12017398
5523 12021254
5529 12039999
5534 12056246
5536 12058504
5538 12060585
5541 12069736
5545 12071389
5547 12077201
5550 12082819
5556 12092809
5561 12102959
5564 12105710
5565 12108986
5574 12132196
5579 12152308
5582 12164408
5586 12172710
5588 12174618
5589 12178883
5592 12180752
5595 12189595
5596 12192403
5599 12197959
5603 12200012
5605 12202685
5607 12207844
5609 12212492
5611 12219798
5616 12221703
5619 12225208
5622 12233516
5625 12235661
5631 12254999
5633 12257585
5637 12261467
5644 12269258
5646 12279237
5650 12279829
5654 12287397
5655 12289731
5664 12305043
5665 12307137
5670 12328522
5672 12332358
5678 12345229
5680 12352967
5682 12354697
5685 12379855
5688 12382706
5690 12392093
5692 12392873
5695 12395928
5700 12400608
5706 12417686
5708 12420026
5710 12422678
5718 12442951
5719 12444544
5720 12448584
5724 12449224
5727 12451473
5730 12457794
5732 12461226
5735 12462901
5739 12471987
5743 12477219
5746 12483278
5749 12485323
5751 12490674
5755 12497116
5757 12501804
5762 12511371
5764 12517923
5767 12520559
5775 12544689
5777 12549764
5780 12569430
5782 12580414
5790 12597879
5792 12600473
5801 12630894
5810 12646639
5812 12649209
5815 12652882
5820 12674572
5825 12680286
5830 12681378
5837 12688858
5839 12697993
5842 12712902
5846 12720549
5848 12727780
5854 12734807
5857 12742509
5858 12743519
5862 12753700
5865 12764825
5867 12766590
5874 12793879
5876 12801727
5878 12806285
5881 12813979
5882 12817452
5885 12821023
5889 12824729
5890 12832981
5896 12836615
5897 12841002
5902 12847188
5904 12851556
5906 12852968
5909 12854996
5913 12859387
5918 12872707
5920 12874349
5924 12881007
5925 12885557
5939 12912024
5947 12943711
5949 12951253
5950 12958158
5955 12979044
5958 12987212
5960 12993167
5962 12994399
5964 12999156
5971 13031510
5974 13039146
5979 13045707
5981 13054366
5983 13058923
5987 13074314
5989 13080654
5993 13082586
5994 13084146
5997 13087662
5999 13095350
6001 13097419
6006 13102710
6012 13107672
6014 13110673
6017 13112274
6025 13126117
6027 13127430
6030 13132518
6033 13140950
6034 13144242
6042 13161524
6045 13168637
6054 13175569
6056 13181738
6057 13182403
6065 13233371
6068 13237115
6070 13238207
6075 13255004
6084 13301373
6089 13304442
6094 13311333
6098 13331238
6099 13332954
6103 13339027
6109 13353850
6112 13360071
6115 13364196
6116 13365633
6122 13374229
6124 13378658
6126 13379906
6129 13386230
6133 13390039
6135 13392560
6137 13396928
6144 13403595
6147 13409277
6149 13410807
6157 13427698
6161 13456053
6166 13492145
6168 13495740
6174 13508109
6175 13510620
6180 13516171
6181 13518355
6183 13519135
6186 13525742
6194 13548730
6197 13560211
6199 13573606
6202 13578286
6206 13579026
6208 13591574
6216 13597377
6223 13610712
6226 13612652
6230 13615874
6233 13625929
6238 13642453
6247 13645771
6250 13649774
6252 13653950
6256 13662595
6260 13685571
6264 13692769
6267 13699202
6270 13705338
6273 13711904
6275 13715822
6276 13720695
6281 13732347
6286 13754560
6291 13756186
6296 13764106
6303 13772032
6306 13775265
6311 13799224
6312 13803469
6314 13805300
6316 13805768
6318 13807518
6324 13828785
6328 13833432
6330 13835616
6332 13838556
6334 13841520
6338 13855826
6346 13871829
6347 13874514
6348 13878619
6352 13881336
6356 13882593
6358 13888864
6360 13894653
6361 13898470
6366 13903669
6369 13910411
6375 13925350
6383 13939738
6385 13956128
6387 13957252
6392 13961628
6393 13963763
6395 13976553
6398 13981948
6401 13985891
6405 13994386
6407 13997772
6408 14002911
6411 14003748
6415 14015644
6418 14019035
6419 14023514
6427 14032125
6428 14045086
6429 14045743
6432 14051122
6433 14053128
6438 14057947
6443 14072707
6447 14086672
6451 14100799
6457 14112438
6458 14123528
6460 14125662
6464 14138098
6469 14141520
6477 14150294
6479 14152562
6482 14161961
6483 14168586
6485 14194109
6494 14226234
6503 14247513
6505 14254021
6512 14282527
6513 14292578
6519 14299256
6520 14300455
6521 14300767
6525 14309676
6528 14311259
6531 14312696
6536 14330358
6539 14336016
6542 14348736
6545 14365776
6552 14372881
6555 14382025
6558 14392194
6559 14394066
6563 14398815
6565 14405777
6568 14408372
6574 14409217
6581 14421123
6589 14449257
6597 14471179
6601 14483964
6603 14487875
6608 14503714
6610 14516984
6611 14522412
6613 14525643
6619 14537590
6626 14556107
6628 14560247
6631 14567922
6634 14570046
6638 14577635
6641 14581469
6643 14585997
6645 14588219
6647 14595529
6651 14614496
6653 14616532
6656 14621737
6657 14625055
6660 14626829
6664 14634834
6668 14643521
6678 14704763
6683 14721437
6685 14724245
6687 14724557
6690 14725592
6692 14729057
6694 14730379
6701 14743866
6705 14750966
6709 14761793
6711 14762261
6716 14766005
6720 14773404
6722 14778256
6725 14780071
6727 14786324
6730 14791556
6737 14799410
6739 14801594
6741 14810812
6746 14818412
6748 14828310
6752 14832190
6756 14841215
6757 14843711
6760 14845938
6762 14849393
6766 14856091
6770 14865266
6772 14867574
6773 14874929
6774 14877302
6777 14879173
6779 14882255
6781 14884433
6785 14896280
6788 14901001
6791 14905124
6794 14907201
6800 14922680
6804 14926908
6806 14930271
6808 14933473
6812 14941934
6815 14946045
6823 14965065
6824 14967732
6829 14977015
6831 14984856
6837 14994611
6841 15000346
6845 15014863
6848 15017858
6855 15039414
6860 15047717
6863 15051963
6868 15068496
6870 15070555
6873 15075235
6876 15076593
6881 15084451
6886 15099533
6887 15122077
6890 15127246
6899 15135805
6905 15164240
6907 15170549
6909 15173275
6911 15174596
6914 15182315
6916 15184565
6917 15187747
6919 15194243
6922 15199111
6925 15205597
6929 15212061
6931 15219590
6933 15223991
6935 15225222
6937 15226782
6942 15232947
6946 15239522
6951 15251101
6955 15252136
6960 15263180
6965 15275480
6971 15293510
6981 15328582
6984 15334388
6985 15334856
6989 15346298
6992 15347960
6998 15355456
7002 15379080
7005 15388452
7006 15401347
7015 15422403
7017 15424989
7018 15427107
7019 15429547
7022 15447957
7025 15453121
7029 15459992
7034 15464129
7038 15471000
7042 15478003
7047 15480435
7050 15489727
7051 15495954
7058 15536213
7061 15537256
7064 15539982
7067 15542345
7073 15547137
7075 15552306
7081 15566263
7085 15567199
7088 15568972
7090 15575273
7093 15586465
7097 15597332
7098 15602168
7100 15603735
7103 15608975
7105 15610009
7110 15615166
7111 15620684
7113 15631386
7118 15649090
7120 15651648
7122 15652896
7123 15653865
7130 15665078
7131 15667155
7135 15680323
7141 15686716
7147 15698737
7151 15705283
7156 15725248
7157 15728139
7162 15739893
7166 15746911
7168 15764321
7173 15769531
7174 15771715
7176 15775878
7180 15779492
7183 15791212
7185 15801146
7190 15818030
7191 15819467
7193 15820945
7196 15824394
7197 15827390
7208 15847621
7209 15851677
7215 15859525
7218 15864931
7221 15867501
7222 15869972
7225 15876450
7228 15880813
7234 15884360
7240 15898378
7246 15907330
7249 15913496
7252 15926204
7254 15932834
7258 15940157
7264 15951372
7268 15965143
7274 15969579
7276 15979137
7285 15997077
7288 16001622
7290 16005979
7297 16038504
7299 16051507
7302 16053662
7308 16062462
7311 16069995
7313 16077902
7315 16079182
7318 16081210
7323 16085221
7333 16120199
7343 16150681
7354 16195158
7355 16200268
7359 16204898
7362 16221563
7370 16234827
7372 16242318
7378 16254664
7380 16261200
7383 16262931
7386 16277085
7389 16278559
7391 16294800
7395 16308407
7399 16312527
7400 16314552
7404 16319725
7409 16326139
7410 16329448
7416 16352714
7418 16355607
7422 16358965
7425 16365738
7427 16382162
7434 16395699
7437 16407846
7440 16427904
7443 16436621
7446 16446286
7448 16448576
7451 16456702
7453 16458235
7457 16470537
7462 16498073
7469 16517857
7471 16527011
7477 16538923
7479 16553877
7482 16555545
7490 16566373
7492 16569731
7494 16572605
7497 16575115
7501 16576117
7502 16579230
7504 16583664
7511 16584577
7521 16602689
7522 16605702
7527 16624236
7529 16628489
7534 16637659
7536 16642011
7540 16660640
7542 16662275
7547 16677462
7550 16683576
7552 16687982
7553 16690389
7554 16692729
7557 16699158
7562 16712663
7564 16715939
7566 16723442
7569 16730961
7572 16732676
7577 16749738
7582 16755210
7585 16760987
7589 16765987
7591 16768015
7595 16777075
7597 16779211
7600 16783768
7607 16784540
7610 16795493
7612 16801210
7615 16812230
7622 16836488
7629 16845221
7631 16846231
7632 16847356
7647 16891162
7652 16897432
7654 16898456
7662 16940918
7665 16945621
7666 16950183
7671 16959298
7674 16962396
7679 16964966
7682 16968809
7685 16973150
7687 16991802
7693 16994181
7695 17008050
7697 17011991
7700 17014248
7701 17015069
7705 17022248
7709 17032843
7714 17044105
7717 17049170
7721 17063612
7722 17065796
7725 17072506
7727 17074099
7730 17076603
7734 17079238
7737 17095289
7740 17104480
7744 17114869
7745 17118400
7750 17122275
7752 17125222
7756 17140145
7758 17143659
7761 17148303
7764 17151129
7772 17164697
7775 17175886
7777 17182919
7780 17192857
7786 17218654
7789 17227961
7790 17231237
7791 17232542
7792 17238106
7801 17252309
7805 17258581
7807 17261100
7808 17261990
7810 17269537
7811 17277949
7816 17290192
7819 17293158
7822 17299718
7824 17308459
7826 17309239
7828 17312047
7834 17313451
7841 17336916
7843 17339799
7847 17358376
7849 17365950
7852 17375090
7855 17380311
7857 17382699
7859 17386754
7863 17393849
7865 17398612
7869 17399860
7872 17408216
7876 17416240
7878 17418396
7880 17427529
7882 17434296
7890 17446784
7894 17449732
7896 17458830
7900 17460391
7906 17470235
7911 17488110
7916 17498532
7917 17503056
7920 17514909
7925 17529985
7926 17538788
7932 17551902
7936 17558467
7940 17571934
7942 17573412
7945 17582847
7946 17592499
7952 17625637
7957 17630970
7958 17633573
7961 17636835
7965 17640862
7968 17649180
7969 17651273
7971 17652628
7973 17652973
7975 17656651
7979 17672906
7982 17675090
7986 17679294
7987 17681790
7990 17682635
7993 17695393
7995 17700618
7998 17704638
8000 17712571
8003 17718988
8006 17720080
8009 17724287
8013 17731602
8016 17733566
8018 17742673
8020 17749107
8021 17755035
8025 17760343
8028 17767225
8030 17774859
8034 17780782
8036 17783869
8037 17788279
8040 17790496
8047 17791247
8056 17811262
8062 17822441
8070 17840049
8072 17844635
8075 17856527
8083 17873914
8085 17875112
8089 17883716
8092 17895723
8096 17909367
8103 17935348
8106 17946151
8108 17958885
8114 17964342
8120 17969632
8124 17976745
8130 17985487
8132 17988081
8142 18006632
8146 18009596
8149 18014562
8156 18051320
8157 18057529
8159 18070407
8163 18076289
8170 18098509
8174 18104913
8178 18108107
8185 18130155
8188 18139397
8197 18164740
8203 18171724
8204 18183971
8207 18190927
8212 18193915
8216 18209171
8219 18225745
8221 18243036
8223 18254463
8225 18260112
8228 18262131
8230 18264824
8232 18267308
8236 18276073
8239 18283267
8241 18285833
8246 18296599
8247 18306467
8252 18310022
8255 18314483
8261 18322893
8266 18332711
8274 18345408
8277 18352037
8284 18359312
8288 18364620
8291 18368225
8292 18379584
8297 18384944
8299 18408656
8307 18426860
8310 18428617
8313 18432076
8318 18440493
8321 18448128
8323 18451784
8329 18470904
8335 18487344
8340 18509909
8348 18531035
8349 18532439
8353 18539349
8355 18541254
8365 18552268
8366 18554206
8368 18557810
8369 18560462
8373 18565831
8380 18596758
8382 18600126
8385 18603722
8388 18610380
8389 18615446
8394 18621903
8395 18624426
8401 18646554
8403 18655029
8407 18660258
8411 18667633
8414 18679722
8418 18683768
8419 18685952
8421 18688760
8423 18691206
8426 18692651
8427 18699567
8435 18713646
8438 18718597
8440 18721955
8443 18723515
8446 18725781
8449 18731835
8452 18736267
8459 18751039
8461 18756031
8466 18757509
8470 18759984
8471 18768785
8474 18773415
8476 18778911
8481 18791583
8483 18795736
8486 18797879
8488 18801220
8490 18808800
8493 18811222
8494 18812314
8498 18818883
8502 18822619
8504 18824737
8506 18832104
8511 18837719
8513 18845806
8517 18857820
8520 18859457
8523 18868237
8527 18882599
8529 18885213
8534 18894875
8536 18898710
8538 18900886
8544 18915194
8545 18916171
8548 18925126
8554 18933570
8556 18945135
8563 18968157
8568 18973580
8569 18977123
8579 18997465
8583 19005813
8585 19018164
8588 19032358
8593 19038229
8594 19041505
8597 19046985
8598 19048255
8599 19050751
8602 19052114
8605 19052615
8609 19063885
8619 19077467
8622 19085823
8631 19101815
8634 19110728
8636 19115547
8639 19126257
8640 19133829
8654 19178193
8658 19184595
8664 19191346
8666 19196694
8667 19200904
8672 19211380
8684 19234078
8685 19240413
8686 19242654
8689 19249446
8691 19251803
8695 19257367
8701 19284076
8705 19292748
8710 19306328
8713 19311523
8715 19313633
8717 19317430
8723 19324434
8724 19328399
8725 19335258
8728 19341008
8730 19346911
8734 19351771
8736 19362071
8741 19366908
8747 19384090
8749 19385603
8755 19399882
8758 19408653
8761 19416581
8763 19420697
8765 19424152
8769 19443673
8773 19455023
8776 19464930
8779 19469721
8787 19478350
8790 19492592
8792 19495088
8800 19504828
8801 19505501
8805 19507644
8807 19511076
8809 19513988
8810 19515080
8812 19516369
8814 19527585
8816 19529375
8820 19537701
8822 19555594
8825 19560135
8827 19563932
8832 19580912
8834 19581634
8836 19585620
8841 19594939
8848 19604844
8850 19607796
8851 19611289
8854 19612698
8859 19620341
8863 19627009
8864 19630597
8865 19635819
8866 19637231
8869 19640039
8871 19641911
8873 19648593
8875 19649685
8886 19668058
8890 19670086
8892 19674839
8895 19682108
8899 19696168
8901 19700071
8904 19703572
8907 19705222
8910 19712422
8912 19725143
8913 19731785
8915 19735401
8920 19741233
8921 19758530
8925 19760008
8929 19765069
8936 19781608
8939 19789410
8943 19794338
8946 19796874
8948 19802525
8952 19806596
8955 19807409
8958 19810315
8960 19816844
8964 19818067
8965 19820457
8968 19823449
8969 19828674
8971 19831843
8973 19839433
8977 19841642
8980 19846642
8983 19849815
8986 19852344
8990 19858402
8993 19876375
8994 19880952
8998 19909823
9001 19922044
9003 19922650
9013 19942444
9020 19951016
9022 19954990
9027 19966792
9032 19969173
9035 19975668
9040 19985255
9042 19990090
9047 20002326
9050 20024158
9053 20041283
9056 20046843
9058 20048051
9062 20056740
9064 20062020
9066 20069242
9069 20079348
9074 20084836
9080 20096108
9083 20103263
9085 20106572
9093 20110615
9094 20126530
9099 20130287
9101 20139105
9104 20146372
9105 20147357
9106 20149845
9108 20154811
9122 20197136
9123 20198228
9129 20203915
9132 20216911
9135 20223982
9136 20227190
9138 20230622
9142 20238698
9147 20243443
9152 20260583
9156 20275019
9158 20278320
9162 20285224
9166 20301735
9169 20304420
9172 20308278
9176 20314016
9177 20317802
9180 20325391
9183 20331639
9184 20332969
9185 20335153
9187 20342912
9193 20351572
9195 20355628
9197 20356612
9199 20358952
9201 20361417
9202 20365522
9205 20372451
9210 20381137
9212 20385084
9216 20395727
9220 20408840
9225 20416361
9230 20426155
9234 20430556
9236 20433510
9237 20435382
9243 20450621
9245 20452493
9247 20454767
9252 20459792
9254 20476797
9256 20478489
9258 20482140
9266 20513727
9268 20518522
9271 20526356
9272 20528753
9276 20536824
9279 20538915
9283 20540598
9285 20545075
9288 20549101
9291 20551367
9295 20559023
9298 20560304
9300 20564574
9304 20571277
9306 20571983
9310 20587322
9312 20588496
9326 20643065
9329 20645561
9330 20646653
9334 20651824
9338 20655631
9343 20665592
9353 20699652
9356 20700703
9359 20716373
9362 20718631
9364 20721521
9368 20737590
9373 20764295
9376 20767456
9387 20793148
9390 20797459
9396 20815843
9397 20820028
9400 20822201
9402 20829865
9404 20832984
9408 20834513
9411 20851139
9413 20858712
9416 20861726
9418 20866106
9422 20874173
9424 20877978
9426 20881422
9429 20890316
9431 20896703
9432 20899897
9443 20918007
9444 20918818
9448 20934115
9450 20940097
9451 20942558
9458 20972581
9461 20974798
9463 20975422
9464 20977696
9469 20979460
9474 20984794
9477 20992334
9481 21011980
9482 21016816
9485 21020657
9487 21026200
9492 21038581
9494 21052963
9497 21056749
9503 21063495
9505 21069768
9508 21071106
9516 21083851
9521 21087471
9522 21088875
9524 21091293
9525 21093165
9526 21097689
9530 21099404
9534 21100808
9539 21108397
9541 21111125
9547 21119161
9554 21145562
9558 21180655
9563 21198691
9567 21206042
9570 21209041
9572 21220693
9574 21222943
9575 21226813
9578 21227544
9579 21230508
9583 21239019
9585 21242924
9588 21250464
9590 21254370
9593 21260588
9598 21265522
9603 21275587
9607 21286648
9609 21291163
9611 21293011
9613 21299423
9616 21304309
9620 21304933
9622 21306624
9627 21310597
9629 21313618
9634 21343105
9637 21350010
9640 21358379
9643 21365684
9644 21366481
9646 21371629
9647 21373813
9648 21374437
9651 21375644
9657 21376818
9662 21387391
9665 21396419
9671 21403885
9675 21428360
9677 21433356
9679 21447402
9682 21449611
9685 21452843
9688 21456289
9690 21457135
9693 21466996
9695 21470970
9699 21475026
9705 21481044
9706 21481980
9709 21482916
9716 21489431
9720 21500154
9722 21503126
9726 21504727
9730 21513406
9732 21531352
9736 21539753
9740 21554103
9745 21568140
9747 21570012
9750 21573280
9754 21584614
9757 21586018
9761 21601883
9762 21608024
9764 21610052
9766 21612351
9773 21635527
9777 21645034
9780 21647333
9786 21649933
9788 21662719
9792 21673174
9794 21676325
9797 21682623
9798 21684495
9799 21687073
9801 21690120
9802 21692826
9804 21700626
9809 21701792
9810 21706070
9812 21707146
9813 21709174
9815 21712384
9821 21714772
9827 21728147
9835 21737159
9839 21744763
9844 21749215
9850 21796744
9853 21800176
9858 21816346
9861 21824946
9864 21826867
9870 21838993
9874 21845891
9876 21852766
9881 21858749
9882 21860465
9883 21865219
9884 21867247
9889 21876997
9893 21886940
9897 21890911
9900 21893888
9905 21903187
9907 21907105
9908 21907984
9910 21911572
9914 21920803
9915 21921304
9921 21932382
9923 21939223
9925 21943098
9933 21953182
9937 21961821
9938 21964941
9943 21989749
9950 22044650
9952 22056193
9954 22062149
9961 22074580
9963 22079916
9966 22083083
9969 22095036
9972 22099182
9977 22104269
9981 22109853
9983 22110945
9985 22113292
9987 22115264
9989 22126977
9995 22135820
9997 22142097
9999 22144388
10001 22148106
10005 22165933
10009 22175771
10015 22187674
10017 22188373
10019 22200690
10023 22213432
10024 22217406
10026 22218375
10028 22220608
10031 22225437
10032 22230500
10034 22231074
10036 22235687
10037 22239275
10041 22255719
10047 22257000
10049 22262025
10050 22264989
10054 22265621
10056 22270194
10060 22282252
10063 22292696
10068 22297187
10069 22299221
10070 22301438
10074 22305551
10076 22309484
10080 22312838
10084 22319382
10091 22326974
10095 22335718
10100 22355589
10103 22363111
10104 22364988
10106 22377588
10109 22385087
10114 22400906
10119 22421344
10122 22424538
10123 22425081
10125 22437338
10128 22438545
10132 22445456
10134 22448213
10136 22450036
10138 22450816
10140 22453959
10143 22457998
10144 22459098
10145 22460034
10146 22464648
10151 22471200
10157 22474148
10159 22475864
10162 22485669
10165 22486581
10168 22488486
10170 22490514
10175 22494995
10176 22496441
10178 22501583
10180 22502585
10182 22506017
10188 22523793
10194 22529650
10195 22536199
10198 22542070
10199 22544878
10201 22549491
10202 22550115
10206 22551933
10213 22563909
10218 22596216
10220 22607563
10224 22614775
10227 22618389
10231 22625584
10237 22633860
10241 22647543
10246 22659809
10248 22661837
10250 22667248
10253 22671129
10257 22693890
10260 22695311
10263 22696779
10265 22698495
10268 22700603
10271 22706269
10282 22727982
10286 22731982
10288 22735381
10290 22737631
10292 22740759
10295 22745602
10301 22768079
10304 22778401
10308 22783007
10313 22785134
10317 22795677
10318 22799610
10321 22802151
10324 22824060
10330 22835021
10331 22838798
10337 22851904
10340 22859301
10344 22862766
10346 22864618
10351 22882739
10354 22888999
10356 22899448
10357 22906408
10359 22910473
10362 22921325
10364 22922435
10372 22931837
10375 22937210
10379 22942007
10384 22957950
10391 22977342
10393 22982711
10396 22993973
10401 23000844
10403 23007965
10404 23009541
10406 23011725
10407 23013285
10411 23025603
10416 23029578
10420 23031199
10421 23033935
10425 23039480
10429 23042167
10434 23054462
10444 23065283
10448 23083798
10451 23097000
10452 23098313
10458 23129974
10461 23134417
10463 23135911
10469 23157704
10474 23172380
10480 23186612
10482 23192120
10484 23193451
10485 23195357
10488 23203885
10492 23213007
10498 23227274
10502 23237697
10505 23238477
10508 23238945
10516 23251433
10519 23254881
10520 23258469
10521 23259512
10523 23263412
10526 23266220
10530 23271552
10536 23292875
10539 23296997
10547 23304290
10549 23307476
10553 23312432
10557 23332722
10560 23333837
10563 23338439
10565 23339260
10566 23346843
10570 23354092
10572 23359473
10576 23361954
10581 23393641
10586 23405871
10589 23411704
10592 23413865
10595 23419677
10601 23430385
10602 23440884
10609 23456886
10613 23461174
10622 23488639
10628 23522521
10633 23536380
10637 23541524
10640 23546550
10645 23562346
10648 23570207
10652 23574562
10658 23577436
10663 23605269
10665 23609284
10667 23612198
10670 23620507
10671 23621328
10673 23626169
10675 23628433
10679 23637356
10682 23642621
10683 23643434
10684 23646127
10687 23652325
10688 23655330
10690 23658935
10691 23664722
10692 23665753
10694 23675981
10696 23678257
10697 23680695
10699 23682013
10701 23687289
10702 23687486
10705 23699172
10708 23701644
10709 23708754
10712 23709066
10713 23710404
10715 23714296
10717 23717622
10721 23723016
10723 23726136
10725 23729412
10727 23730389
10728 23732105
10732 23733097
10734 23736685
10735 23738869
10737 23739493
10739 23743040
10743 23746111
10749 23759672
10754 23764546
10757 23767988
10763 23780680
10765 23785795
10766 23787355
10768 23792519
10772 23800012
10775 23801884
10777 23803660
10782 23806853
10784 23807789
10786 23810216
10791 23817176
10796 23824008
10802 23836341
10804 23838615
10809 23845749
10813 23851032
10815 23855905
10819 23872649
10820 23886031
10821 23887977
10823 23891126
10828 23896630
10830 23899011
10832 23909071
10835 23915950
10838 23919582
10839 23921990
10842 23924198
10845 23930204
10849 23936150
10854 23956981
10856 23959165
10859 23964682
10862 23970673
10866 23977018
10870 23982948
10871 23983605
10879 24001706
10882 24011138
10885 24012715
10887 24015211
10890 24020821
10894 24028513
10899 24043427
10903 24046536
10906 24055787
10908 24058184
10910 24063442
10912 24067676
10913 24070985
10917 24076494
10920 24077430
10925 24081134
10928 24085070
10931 24090770
10935 24096379
10936 24097758
10940 24104394
10949 24140854
10951 24143369
10959 24165659
10967 24177960
10969 24193195
10971 24200297
10974 24204738
10976 24206922
10978 24211026
10979 24212274
10982 24217109
10987 24221817
10990 24230633
10993 24233014
10999 24250107
11003 24251552
11009 24261947
11012 24265041
11017 24270663
11023 24285597
11025 24287789
11030 24299621
11035 24300803
11036 24305589
11039 24312501
11041 24314316
11048 24325122
11055 24349697
11065 24368906
11070 24384603
11073 24400106
11076 24401602
11078 24409807
11083 24425628
11085 24426252
11087 24427779
11088 24428871
11093 24443280
11098 24467083
11101 24467970
11105 24476511
11108 24490823
11111 24493413
11113 24494904
11117 24504834
11123 24508458
11125 24512901
11127 24513279
11129 24517200
11130 24520115
11132 24536967
11140 24546205
11142 24555169
11152 24559183
11155 24568654
11158 24574398
11161 24586421
11166 24598401
11169 24600981
11171 24605382
11174 24608995
11178 24621743
11180 24624894
11185 24632537
11195 24658046
11196 24667116
11199 24679048
11202 24682545
11208 24702226
11211 24706161
11214 24719211
11223 24749552
11228 24768187
11233 24784324
11234 24786073
11239 24789561
11241 24793971
11245 24801829
11249 24805860
11252 24809697
11259 24848030
11261 24857824
11266 24861538
11267 24868659
11270 24871324
11275 24882154
11286 24901994
11288 24908560
11295 24926222
11300 24947230
11303 24959627
11304 24963921
11307 24965587
11309 24968305
11312 24972337
11318 24992879
11320 25001898
11322 25012016
11327 25014931
11328 25028495
11337 25056007
11346 25072031
11351 25088980
11357 25097755
11360 25105272
11363 25108761
11368 25125577
11370 25138041
11371 25139913
11375 25147532
11379 25161407
11386 25191715
11387 25198891
11389 25206523
11395 25209019
11398 25210612
11402 25213650
11405 25214520
11407 25218339
11411 25224680
11417 25239355
11420 25245907
11422 25247656
11428 25251534
11430 25257380
11433 25264321
11434 25265199
11438 25270451
11440 25275107
11445 25299622
11449 25306857
11452 25307637
11454 25311069
11456 25316578
11458 25319654
11463 25331276
11466 25336631
11472 25354039
11474 25359740
11475 25362236
11477 25365182
11481 25383665
11486 25401504
11487 25403064
11490 25406108
11493 25415482
11497 25456964
11506 25463595
11509 25464786
11513 25477928
11514 25478240
11518 25484762
11520 25486010
11521 25488974
11522 25491420
11529 25506998
11537 25517055
11538 25518303
11545 25535132
11547 25556801
11550 25562630
11552 25565389
11558 25576278
11561 25581109
11567 25595585
11570 25605633
11571 25606881
11575 25619404
11576 25625891
11578 25632930
11579 25636271
11583 25638939
11591 25653713
11592 25656302
11598 25680792
11600 25684890
11601 25688271
11605 25694412
11613 25715265
11618 25724402
11619 25725749
11622 25730446
11623 25734686
11625 25740261
11626 25740639
11628 25741887
11630 25742577
11633 25743554
11634 25749666
11637 25752666
11644 25765758
11647 25770026
11649 25779161
11653 25786086
11655 25796739
11657 25800122
11661 25807458
11663 25808394
11667 25813174
11671 25818775
11674 25823883
11677 25829897
11682 25834597
11683 25835107
11689 25852673
11691 25856294
11695 25857288
11702 25862632
11707 25877475
11709 25885405
11715 25904859
11718 25907544
11722 25909260
11724 25914316
11731 25937780
11734 25944335
11737 25959390
11740 25966226
11745 25971446
11747 25974016
11751 25983330
11753 25986657
11758 25989097
11762 25995859
11765 26013329
11767 26015357
11770 26022870
11779 26044744
11781 26055817
11784 26060401
11785 26063209
11788 26068573
11793 26074304
11796 26081727
11799 26083254
11801 26087059
11802 26094173
11805 26117120
11808 26118621
11815 26130624
11818 26135248
11823 26143884
11826 26152870
11830 26158100
11835 26171143
11842 26174810
11844 26179635
11851 26195089
11854 26202366
11856 26224222
11858 26226212
11861 26238608
11863 26242069
11868 26250627
11871 26251584
11874 26257782
11877 26261477
11880 26266802
11884 26272513
11888 26273515
11890 26275543
11891 26280116
11893 26284262
11899 26297717
11900 26303285
11904 26307370
11908 26311093
11910 26315908
11915 26322846
11917 26325638
11921 26327294
11928 26350104
11931 26357209
11932 26360674
11937 26370306
11941 26396901
11942 26399501
11944 26407279
11946 26413042
11949 26419979
11951 26424724
11953 26428609
11961 26457911
11962 26462279
11966 26465399
11969 26469537
11971 26475743
11974 26478007
11977 26478976
11980 26482803
11981 26484207
11983 26484987
11991 26494608
11993 26498907
11995 26501091
11999 26506276
12000 26510128
12002 26511319
12012 26542416
12013 26543878
12017 26547824
12019 26553158
12024 26557166
12026 26557979
12032 26562889
12034 26572556
12037 26573886
12043 26596360
12054 26611282
12061 26622702
12063 26627359
12066 26638314
12068 26652556
12069 26653377
12071 26657538
12076 26678958
12079 26688145
12081 26693401
12084 26696624
12087 26716658
12090 26718145
12091 26718613
12096 26728055
12101 26734214
12105 26747202
12107 26750263
12113 26757473
12116 26765984
12118 26784666
12120 26787384
12125 26798536
12129 26799423
12130 26803791
12132 26807198
12135 26809759
12138 26818332
12143 26833684
12146 26834692
12147 26835160
12148 26836770
12153 26849341
12155 26852001
12158 26864263
12161 26875900
12166 26885481
12171 26889664
12175 26898478
12181 26900818
12187 26921564
12190 26937543
12192 26949299
12199 26957619
12201 26960903
12205 26967581
12207 26969749
12211 26972420
12213 26975830
12216 26982162
12218 26995417
12221 27002603
12224 27009501
12230 27015386
12232 27019220
12236 27023726
12238 27026928
12243 27030382
12246 27036460
12252 27059858
12256 27064900
12258 27067954
12262 27077284
12266 27092152
12273 27105412
12277 27113388
12281 27117075
12285 27136121
12288 27141936
12289 27145212
12290 27149424
12293 27150507
12294 27151788
12298 27162005
12304 27172147
12307 27184838
12309 27203560
12310 27208385
12312 27211775
12314 27225676
12320 27233535
12322 27238324
12328 27245917
12332 27266557
12334 27268486
12338 27275596
12340 27282570
12342 27285690
12350 27298671
12357 27312451
12362 27316179
12365 27326648
12370 27329872
12374 27348724
12379 27365352
12380 27367741
12383 27373538
12384 27375927
12389 27396095
12393 27401334
12398 27406885
12405 27424252
12410 27441154
12413 27451904
12417 27476522
12428 27506953
12432 27509702
12438 27524455
12441 27533772
12444 27550221
12445 27557085
12447 27557931
12448 27560895
12452 27565290
12455 27567318
12456 27568722
12458 27573606
12466 27581910
12469 27588141
12472 27595342
12477 27602021
12480 27608015
12482 27609985
12485 27620198
12489 27624166
12494 27632045
12499 27641234
12500 27651690
12502 27663307
12503 27663619
12505 27665713
12508 27669469
12514 27679168
12516 27684984
12519 27696739
12523 27709367
12526 27714441
12533 27722689
12535 27729912
12538 27733427
12542 27745850
12544 27752253
12550 27769384
12553 27776305
12555 27779595
12558 27793235
12561 27796234
12564 27799420
12569 27813789
12571 27817722
12574 27820906
12576 27823246
12578 27830417
12581 27831074
12583 27833217
12590 27842105
12592 27848524
12597 27849772
12603 27857594
12605 27872564
12609 27877324
12614 27899594
12623 27917064
12626 27922008
12634 27933991
12636 27936915
12638 27943240
12643 27957023
12645 27966744
12647 27971831
12650 27974688
12653 27978746
12660 28002794
12667 28010434
12675 28041613
12678 28044992
12680 28064534
12684 28070588
12686 28075695
12688 28077452
12692 28080243
12697 28088207
12700 28093899
12702 28095485
12703 28099575
12707 28111507
12712 28116669
12715 28120311
12718 28121354
12720 28128394
12723 28130586
12733 28151176
12739 28161282
12748 28175033
12749 28179295
12750 28184142
12752 28187065
12754 28192073
12756 28194569
12759 28198149
12762 28198962
12764 28203934
12765 28217007
12768 28219321
12774 28244493
12776 28247395
12778 28251734
12781 28256446
12783 28261394
12789 28276056
12791 28287673
12799 28318182
12802 28332035
12803 28333588
12807 28341992
12810 28347831
12811 28358161
12817 28363184
12818 28365680
12823 28373438
12824 28374062
12837 28398926
12845 28442734
12848 28446476
12850 28453382
12853 28457063
12858 28465106
12869 28481201
12873 28490881
12875 28498344
12876 28499124
12877 28501620
12879 28506433
12881 28518489
12885 28528891
12886 28531855
12887 28537870
12888 28542238
12890 28545645
12893 28553171
12895 28558220
12899 28572496
12903 28579114
12907 28591871
12908 28604133
12910 28605069
12912 28607879
12913 28608971
12919 28618818
12922 28624935
12924 28631487
12931 28638052
12934 28640572
12940 28665062
12942 28676865
12944 28681188
12951 28699917
12956 28701683
12958 28702307
12959 28703087
12960 28706051
12962 28707126
12968 28715097
12972 28724692
12982 28740864
12983 28744698
12987 28751515
12990 28761404
12992 28763531
12994 28765559
12997 28768508
12998 28779800
13000 28785310
13001 28787338
13003 28789834
13007 28798244
13009 28800896
13011 28802144
13013 28804123
13019 28811894
13021 28817418
13024 28821551
13027 28828402
13035 28849155
13037 28851720
13043 28883968
13045 28888024
13050 28897572
13052 28899789
13060 28904772
13064 28907548
13069 28918273
13074 28939156
13077 28970730
13078 28974006
13081 28978144
13083 28979548
13090 28985147
13096 28993501
13100 29000873
13101 29001809
13104 29011878
13105 29015934
13106 29016722
13108 29017379
13111 29018668
13113 29020993
13117 29033354
13121 29051414
13125 29063983
13128 29080736
13136 29126904
13138 29127873
13140 29129162
13142 29136473
13144 29139445
13149 29140710
13153 29147032
13156 29153148
13161 29174563
13164 29177191
13165 29183855
13168 29186425
13170 29187824
13171 29188551
13176 29196800
13178 29203099
13181 29205973
13184 29219145
13188 29223185
13190 29225114
13198 29227388
13207 29238902
13209 29240574
13212 29243356
13221 29273369
13223 29276546
13224 29283425
13230 29305555
13231 29314027
13235 29315801
13237 29322289
13240 29330175
13242 29333254
13245 29344468
13247 29349928
13251 29351670
13255 29352221
13257 29357132
13262 29377519
13265 29379745
13270 29385501
13272 29393257
13274 29396098
13276 29397618
13281 29408852
13282 29414071
13287 29422187
13290 29434707
13299 29446153
13306 29476201
13308 29484616
13312 29488393
13315 29504354
13317 29513948
13322 29536448
13326 29538353
13329 29539546
13333 29543103
13335 29548218
13341 29554305
13345 29563170
13352 29578033
13354 29581449
13355 29586682
13357 29593514
13360 29613011
13361 29620308
13366 29622131
13371 29627230
13373 29633199
13376 29636063
13378 29636687
13380 29639840
13381 29649114
13384 29651487
13386 29655682
13388 29657932
13391 29658925
13394 29661495
13395 29664401
13398 29664951
13399 29667098
13400 29668954
13402 29671138
13404 29677901
13411 29683928
13415 29688901
13418 29690536
13419 29702009
13421 29704952
