2 189129
3 199639
2 199639
4 215407
3 215407
2 215407
7 241814
6 241814
5 241814
4 241814
3 241814
4 253146
3 253146
2 253146
8 273408
7 273408
6 273408
5 273408
4 273408
11 301431
10 301431
9 301431
8 301431
7 301431
9 322726
8 322726
7 322726
6 322726
5 333843
4 333843
3 333843
3 337790
2 337790
1 337790
3 356912
2 356912
6 380100
5 380100
4 380100
9 401656
8 401656
7 401656
6 401656
5 401656
5 407876
4 407876
3 407876
11 444760
10 444760
9 444760
8 444760
7 444760
6 444760
5 444760
4 444760
6 456793
5 456793
4 456793
8 480248
7 480248
6 480248
5 480248
4 480248
3 480248
2 480248
6 504461
5 504461
4 504461
6 527899
5 527899
4 527899
6 545375
5 545375
4 545375
3 545375
2 545375
3 571087
2 571087
1 572205
5 602240
4 602240
3 602240
4 612468
3 612468
2 612468
2 618973
19 829322
18 829322
17 829322
16 829322
15 829322
14 829322
13 829322
12 829322
11 829322
10 829322
18 887940
17 887940
16 887940
15 887940
14 887940
13 887940
12 887940
11 887940
10 887940
9 887940
8 887940
7 887940
6 887940
5 887940
9 923434
8 923434
7 923434
6 923434
5 923434
13 1002681
12 1002681
11 1002681
10 1002681
9 1002681
8 1002681
7 1002681
6 1002681
5 1002681
4 1002681
3 1002681
2 1008158
1 1008158
11 1090149
10 1090149
9 1090149
8 1090149
7 1090149
6 1090149
14 1157486
13 1157486
12 1157486
11 1157486
10 1157486
9 1157486
8 1157486
7 1161918
6 1161918
5 1161918
4 1161918
6 1183714
5 1183714
4 1183714
3 1183714
2 1187792
3 1198293
2 1198293
6 1256045
5 1256045
4 1256045
3 1256045
2 1256045
8 1280507
7 1280507
6 1280507
5 1280507
12 1374458
11 1374458
10 1374458
9 1374458
8 1374458
7 1374458
13 1444803
12 1444803
11 1444803
10 1444803
9 1444803
8 1444803
7 1444803
6 1444803
5 1444803
4 1444803
12 1504394
11 1504394
10 1504394
9 1504394
9 1510976
8 1510976
7 1510976
6 1510976
5 1510976
5 1527116
4 1527116
3 1527116
2 1527116
1 1527116
9 1572520
8 1572520
7 1572520
6 1572520
5 1572520
7 1597350
6 1597350
5 1597350
4 1597350
7 1660631
6 1660631
5 1660631
4 1660631
18 1769955
17 1769955
16 1769955
15 1769955
14 1769955
13 1769955
12 1769955
11 1769955
10 1769955
9 1769955
8 1769955
7 1769955
6 1769955
5 1774035
4 1774035
3 1774035
2 1774035
1 1782608
7 1814463
6 1814463
5 1814463
4 1814463
6 1847691
5 1847691
4 1847691
8 1889094
7 1889094
6 1889094
5 1889094
4 1889094
3 1889094
2 1889094
8 1949316
7 1949316
6 1949316
5 1949316
7 1979298
6 1979298
5 1979298
9 2042396
8 2042396
7 2042396
6 2042396
5 2042396
4 2042396
6 2066956
5 2066956
4 2066956
4 2082641
3 2082641
3 2106065
2 2106065
1 2106065
1 2112820
4 2169685
3 2169685
2 2169685
1 2169685
3 2192143
2 2192143
2 2220120
14 2304274
13 2304274
12 2304274
11 2304274
10 2304274
9 2304274
8 2304274
7 2304274
6 2304274
5 2304274
4 2304274
12 2351000
11 2351000
10 2351000
9 2351000
8 2351000
7 2351000
8 2365601
7 2365601
6 2365601
5 2365601
4 2365601
7 2395765
6 2395765
5 2395765
4 2395765
3 2395765
6 2419394
5 2419394
4 2419394
10 2514010
9 2514010
8 2514010
7 2514010
6 2514010
9 2527529
8 2527529
7 2527529
6 2527529
5 2527529
4 2527529
3 2527529
7 2547118
6 2547118
5 2547118
4 2547118
5 2574223
4 2574223
3 2574223
6 2618396
5 2618396
4 2618396
3 2618396
3 2621829
2 2621829
5 2638676
4 2638676
5 2657721
4 2657721
3 2657721
3 2658520
2 2658520
4 2669086
3 2669086
2 2669086
1 2669086
5 2708608
4 2708608
3 2708608
10 2762694
9 2762694
8 2762694
7 2762694
6 2762694
5 2762694
4 2762694
3 2764591
2 2764591
1 2768834
9 2816160
8 2816160
7 2816160
6 2816160
5 2816160
4 2816160
3 2816160
9 2898687
8 2898687
7 2898687
6 2898687
5 2898687
4 2898687
3 2898687
2 2900258
1 2900258
8 2931703
7 2931703
6 2931703
5 2931703
4 2931703
3 2931703
2 2931703
6 2957416
5 2957416
4 2957416
9 3054538
8 3054538
7 3054538
6 3054538
9 3102316
8 3102316
7 3102316
6 3102316
5 3102316
8 3123027
7 3123027
6 3123027
5 3123027
4 3123027
3 3123027
2 3123027
2 3127732
1 3127732
0 3131141
1 3140137
6 3165926
5 3165926
4 3165926
3 3165926
6 3207285
5 3207285
4 3207285
3 3207351
2 3207351
4 3222703
3 3222703
2 3222703
1 3222703
7 3276730
6 3276730
5 3276730
4 3276730
4 3288185
3 3288185
2 3288185
1 3288185
3 3300752
2 3300752
8 3326186
7 3326186
6 3326186
11 3372960
10 3372960
9 3372960
8 3372960
7 3372960
6 3372960
5 3372960
4 3372960
6 3392432
5 3392432
4 3392432
3 3392432
2 3392432
6 3420783
5 3420783
4 3420783
9 3452206
8 3452206
7 3452206
6 3452206
8 3475160
7 3475160
6 3475160
5 3475160
7 3503939
6 3503939
5 3503939
4 3510563
3 3510563
2 3510563
9 3580196
8 3580196
7 3580196
6 3580196
9 3598191
8 3598191
7 3598191
6 3598191
5 3598191
4 3598191
3 3598191
11 3646465
10 3646465
9 3646465
8 3646465
7 3646465
6 3646465
5 3646465
4 3646465
6 3659404
5 3659404
4 3659404
3 3659404
4 3668767
3 3668767
2 3668767
9 3733033
8 3733033
7 3733033
6 3733033
5 3733033
7 3751636
6 3751636
5 3751636
4 3751636
11 3800890
10 3800890
9 3800890
8 3800890
7 3800890
6 3800890
5 3808478
4 3808478
3 3808478
7 3838027
6 3838027
5 3838027
4 3838027
3 3838027
2 3838027
4 3854422
3 3854422
2 3857855
1 3857855
2 3877539
6 3954852
5 3954852
12 4014340
11 4014340
10 4014340
9 4014340
8 4014340
13 4062298
12 4062298
11 4062298
10 4062298
9 4062298
8 4062298
7 4062298
15 4157949
14 4157949
13 4157949
12 4157949
11 4157949
10 4157949
9 4167049
8 4167049
7 4167049
6 4167049
5 4167049
12 4235938
11 4235938
10 4235938
9 4235938
8 4235938
7 4240671
6 4240671
5 4240671
4 4240671
10 4267960
9 4267960
8 4267960
7 4267960
6 4267960
5 4267960
4 4267960
3 4267960
3 4279309
2 4279309
1 4279309
1 4287804
2 4356765
9 4400070
8 4400070
7 4400070
6 4400070
5 4400070
22 4552435
21 4552435
20 4552435
19 4552435
18 4552435
17 4552435
16 4552435
15 4552435
14 4552435
13 4552435
12 4552435
11 4560602
10 4560602
9 4560602
8 4560602
7 4560602
6 4560602
19 4612013
18 4612013
17 4612013
16 4612013
15 4612013
14 4612013
13 4612013
12 4612013
11 4612013
10 4612013
9 4612013
8 4612013
7 4612013
6 4612013
5 4617665
4 4617665
11 4698302
10 4698302
9 4698302
8 4698302
7 4698302
6 4698302
5 4698302
4 4698302
3 4698302
3 4701617
2 4701617
7 4723181
6 4723181
5 4723181
4 4723181
3 4723181
2 4723181
4 4730765
3 4730765
4 4742790
3 4742790
2 4742790
1 4742790
1 4743397
3 4764778
2 4764778
1 4764778
8 4847005
7 4847005
6 4847005
5 4847005
4 4847005
3 4847005
2 4847005
6 4903551
5 4903551
4 4903551
3 4903551
8 4966484
7 4966484
6 4966484
5 4966484
5 4980778
4 4980778
3 4980778
5 5008200
4 5008200
3 5008200
3 5012679
2 5012679
16 5113894
15 5113894
14 5113894
13 5113894
12 5113894
11 5113894
10 5113894
9 5113894
8 5113894
7 5113894
6 5113894
5 5113894
6 5121871
5 5121871
4 5121871
3 5121871
2 5121871
16 5207792
15 5207792
14 5207792
13 5207792
12 5207792
11 5207792
10 5207792
9 5207792
8 5207792
7 5207792
6 5207792
5 5207792
4 5207792
16 5261666
15 5261666
14 5261666
13 5261666
12 5261666
11 5261666
10 5261666
9 5261666
8 5261666
7 5261666
6 5261666
5 5261666
10 5296824
9 5296824
8 5296824
7 5296824
6 5296824
5 5296925
4 5296925
3 5296925
2 5296925
1 5296925
3 5317453
2 5317453
6 5341863
5 5341863
4 5341863
3 5341863
2 5341863
4 5359383
3 5359383
3 5376776
2 5376776
1 5376776
0 5380707
2 5393227
3 5422989
2 5422989
1 5422989
6 5490806
5 5490806
4 5490806
6 5527971
5 5527971
4 5527971
3 5527971
2 5527971
5 5547078
4 5547078
3 5547078
2 5547598
1 5547598
5 5613491
4 5613491
3 5613491
3 5629934
2 5629934
1 5629934
3 5659889
2 5659889
1 5659889
2 5675770
1 5675770
9 5770141
8 5770141
7 5770141
6 5770141
9 5789285
8 5789285
7 5789285
6 5789285
8 5808853
7 5808853
6 5808853
5 5808853
4 5810739
3 5810739
2 5810739
3 5821392
2 5821392
1 5836648
1 5842889
5 5912154
4 5912154
3 5912154
2 5919436
1 5919924
9 5971589
8 5971589
7 5971589
6 5971589
5 5971589
4 5975624
3 5975624
11 6059737
10 6059737
9 6059737
8 6059737
7 6059737
6 6059737
8 6069562
7 6069562
6 6069562
5 6069562
7 6085725
6 6085725
5 6085725
8 6114007
7 6114007
6 6114007
5 6114007
4 6114007
3 6114007
5 6127440
4 6127440
12 6205466
11 6205466
10 6205466
9 6205466
8 6205466
7 6205466
13 6225936
12 6225936
11 6225936
10 6225936
9 6225936
8 6225936
7 6225936
6 6225936
5 6225936
4 6225936
10 6252385
9 6252385
8 6252385
7 6252385
6 6252385
5 6252385
4 6252385
3 6252385
11 6294492
10 6294492
9 6294492
8 6294492
7 6294492
7 6308059
6 6308059
5 6308059
4 6308059
8 6362605
7 6362605
6 6362605
5 6362605
4 6362605
3 6362605
10 6433980
9 6433980
8 6433980
7 6433980
6 6433980
5 6433980
4 6442202
3 6442202
4 6459070
3 6459070
3 6470266
2 6470266
1 6474482
1 6485833
2 6533702
4 6559778
3 6559778
7 6607052
6 6607052
5 6607052
4 6607052
4 6616277
3 6616277
2 6616277
5 6625676
4 6625676
3 6625676
5 6636030
4 6636030
3 6636030
4 6644576
3 6644576
2 6652287
1 6670272
0 6674968
1 6677540
2 6690057
5 6719868
4 6719868
3 6719868
2 6719868
1 6725113
4 6754807
3 6754807
2 6754807
2 6764938
1 6764938
1 6775628
4 6806030
3 6806030
2 6806030
1 6806030
2 6827666
1 6827666
3 6861229
2 6861229
1 6861229
4 6890370
3 6890370
2 6890370
2 6911515
1 6911515
1 6926803
0 6930247
4 6978203
3 6978203
6 6999923
5 6999923
4 6999923
3 6999923
7 7031511
6 7031511
5 7031511
4 7031511
3 7031511
2 7031511
2 7036816
1 7036816
2 7052369
1 7052369
3 7083599
2 7083599
3 7119752
2 7119752
2 7143849
3 7172802
2 7172802
4 7191483
3 7191483
4 7210414
3 7210414
4 7236278
3 7236278
5 7264839
4 7264839
3 7264839
2 7266736
4 7300446
3 7300446
2 7300446
1 7306733
2 7315211
1 7315211
3 7328683
2 7328683
1 7328683
8 7404745
7 7404745
6 7404745
5 7404745
4 7405478
3 7405478
2 7408911
13 7478880
12 7478880
11 7478880
10 7478880
9 7478880
8 7478880
10 7496415
9 7496415
8 7496415
7 7496415
6 7496415
5 7501312
4 7501312
3 7501312
7 7519809
6 7519809
5 7519809
5 7532149
4 7532149
3 7532149
3 7543677
2 7543677
1 7543677
4 7573661
3 7573661
2 7577008
1 7577008
1 7593820
0 7594924
2 7602109
1 7602109
6 7651506
5 7651506
4 7651506
7 7711152
6 7711152
5 7711152
4 7711152
3 7711152
3 7713713
2 7713713
1 7713713
2 7735495
1 7735495
5 7762600
4 7762600
6 7808658
5 7808658
4 7808658
3 7813340
2 7813340
5 7831462
4 7831462
3 7831462
3 7853986
2 7853986
7 7888619
6 7888619
5 7888619
4 7888619
3 7888619
2 7888619
1 7892455
3 7929061
5 7970350
4 7970350
3 7970350
2 7970350
5 7989217
4 7989217
3 7989217
19 8171855
18 8171855
17 8171855
16 8171855
15 8171855
14 8171855
13 8171855
12 8171855
11 8171855
10 8171855
9 8171855
8 8171855
7 8171855
6 8171855
5 8171855
4 8177669
3 8177669
5 8184632
4 8184632
3 8184632
2 8184632
13 8258321
12 8258321
11 8258321
10 8258321
9 8258321
8 8258321
7 8258321
6 8259206
5 8259206
4 8259206
3 8259206
8 8281843
7 8281843
6 8281843
5 8281843
4 8281843
3 8281843
3 8286856
2 8286856
1 8286856
4 8332109
3 8332109
2 8334455
1 8334455
1 8339406
3 8359338
2 8359338
1 8359338
2 8372018
7 8418981
6 8418981
5 8418981
4 8418981
5 8424930
4 8424930
8 8447447
7 8447447
6 8447447
5 8447447
5 8455291
4 8455291
3 8455291
2 8455291
4 8495930
3 8495930
2 8513108
1 8513108
11 8647186
10 8647186
9 8647186
8 8647186
7 8647186
7 8658033
6 8658033
5 8658033
9 8694957
8 8694957
7 8694957
6 8694957
12 8750501
11 8750501
10 8750501
9 8750501
8 8750501
7 8750501
6 8750501
5 8750501
4 8750501
3 8750501
10 8800728
9 8800728
8 8800728
7 8800728
6 8800728
7 8812590
6 8812590
5 8812590
4 8812590
3 8812590
3 8833192
3 8846665
2 8846665
1 8846665
4 8881924
3 8881924
2 8881924
2 8891211
11 8970122
10 8970122
9 8970122
8 8970122
7 8970122
11 9011269
10 9011269
9 9011269
8 9011269
7 9011269
14 9069669
13 9069669
12 9069669
11 9069669
10 9069669
9 9069669
8 9069669
7 9069669
6 9069669
5 9069669
4 9069669
12 9140000
11 9140000
10 9140000
9 9140000
8 9140000
7 9140000
6 9140000
5 9140000
4 9140000
3 9140000
6 9182828
5 9182828
4 9182828
3 9182828
3 9191624
2 9191624
5 9219220
4 9219220
3 9219220
2 9219220
1 9219220
1 9232887
0 9232887
3 9278607
9 9334720
8 9334720
7 9334720
6 9334720
5 9334720
8 9352903
7 9352903
6 9352903
12 9372923
11 9372923
10 9372923
9 9372923
8 9372923
7 9372923
14 9402404
13 9402404
12 9402404
11 9402404
10 9402404
9 9402404
12 9431374
11 9431374
10 9431374
9 9431374
8 9431374
7 9431374
6 9431374
5 9431374
4 9431374
3 9431374
6 9450134
5 9450134
4 9450134
3 9450134
2 9450134
7 9473232
6 9473232
5 9473232
4 9473232
4 9485633
3 9485633
2 9485633
1 9485633
4 9505915
3 9505915
4 9521111
3 9521111
4 9533120
3 9533120
7 9606999
6 9606999
5 9606999
4 9606999
3 9608201
2 9608201
1 9608201
3 9614320
2 9614320
1 9614320
6 9663480
5 9663480
4 9663480
3 9663480
2 9663480
4 9672830
3 9672830
2 9672830
2 9694871
1 9694871
4 9719378
3 9719378
2 9719378
1 9719378
0 9722797
2 9746609
11 9840639
10 9840639
9 9840639
8 9840639
7 9840639
6 9840639
13 9883555
12 9883555
11 9883555
10 9883555
9 9883555
8 9883555
7 9883555
6 9883555
5 9883555
4 9883555
6 9908645
5 9908645
4 9908645
3 9908645
2 9908645
8 9944888
7 9944888
6 9944888
5 9944888
4 9944888
3 9944888
4 9963522
3 9963522
2 9963522
7 10013099
6 10013099
5 10013099
4 10013099
9 10059073
8 10059073
7 10059073
6 10059073
5 10059073
9 10091109
8 10091109
7 10091109
6 10091109
5 10091109
4 10091109
3 10091109
2 10091109
2 10095102
5 10114202
4 10114202
3 10114202
4 10145476
3 10145476
2 10145476
2 10157860
2 10162131
1 10162131
2 10177283
1 10177283
2 10181261
1 10181261
5 10216884
4 10216884
6 10227997
5 10227997
4 10227997
10 10284694
9 10284694
8 10284694
7 10284694
6 10284694
5 10284694
10 10329392
9 10329392
8 10329392
7 10329392
6 10329392
5 10329392
5 10332904
4 10332904
3 10332904
4 10343856
3 10343856
2 10343856
1 10343856
7 10379926
6 10379926
5 10379926
18 10513176
17 10513176
16 10513176
15 10513176
14 10513176
13 10513176
12 10513176
11 10513176
10 10513176
17 10539867
16 10539867
15 10539867
14 10539867
13 10539867
12 10539867
11 10539867
11 10547150
10 10547150
9 10547150
8 10547150
7 10547150
6 10547150
7 10556012
6 10556012
5 10556012
4 10556012
4 10566312
3 10566312
2 10576003
1 10577250
3 10593337
2 10593337
6 10621669
5 10621669
4 10621669
4 10633405
3 10633405
8 10673073
7 10673073
6 10673073
5 10673073
4 10673073
3 10673073
6 10702639
5 10702639
9 10742845
8 10742845
7 10742845
6 10742845
5 10742845
4 10746640
3 10746640
6 10778225
5 10778225
4 10778225
6 10802338
5 10802338
4 10802338
3 10802338
2 10802338
3 10835758
2 10835758
2 10848006
1 10848006
5 10890442
4 10890442
3 10890442
3 10904028
2 10904028
3 10916638
2 10916638
1 10924733
6 10951153
5 10951153
4 10951153
3 10951153
5 10966478
4 10966478
3 10966478
2 10966478
2 10978067
1 10978067
5 11015026
4 11015026
3 11015026
5 11063992
4 11063992
9 11105306
8 11105306
7 11105306
6 11105306
8 11129943
7 11129943
6 11129943
5 11129943
4 11129943
3 11129943
2 11129943
8 11155239
7 11155239
6 11155239
5 11155239
4 11155239
3 11155239
2 11155239
2 11163623
1 11168581
4 11197800
3 11197800
2 11197800
1 11197800
2 11211291
5 11265725
4 11265725
3 11265725
2 11272828
7 11332839
6 11332839
5 11332839
6 11355093
5 11355093
4 11355093
3 11355093
2 11355093
5 11376001
4 11376001
3 11376001
2 11376001
1 11376001
13 11475307
12 11475307
11 11475307
10 11475307
9 11475307
8 11475307
7 11475307
6 11475307
5 11475307
4 11475307
7 11486304
6 11486304
5 11486304
5 11494586
4 11494586
3 11494586
4 11514571
3 11514571
9 11542406
8 11542406
7 11542406
6 11542406
5 11542406
8 11560292
7 11560292
6 11560292
5 11560292
4 11560292
3 11560292
2 11562368
1 11562368
7 11605539
6 11605539
5 11605539
4 11605539
3 11610777
4 11621059
3 11621059
5 11662281
4 11662281
3 11662281
3 11679408
2 11679408
1 11679408
7 11716161
6 11716161
5 11716161
4 11716161
4 11721285
3 11721285
2 11721285
5 11750108
4 11750108
3 11750108
2 11750108
10 11812590
9 11812590
8 11812590
7 11812590
6 11812590
5 11812590
4 11812590
3 11812590
7 11833038
6 11833038
5 11833038
4 11833038
4 11835669
3 11835669
3 11837195
2 11837195
1 11839590
0 11839590
3 11919005
2 11919005
8 11992769
7 11992769
6 11992769
5 11992769
5 12008335
4 12008335
3 12008335
9 12066634
8 12066634
7 12066634
6 12066634
5 12066634
5 12070100
4 12070100
3 12070100
2 12070100
1 12070100
4 12096128
3 12096128
8 12168531
7 12168531
6 12168531
5 12168531
12 12202655
11 12202655
10 12202655
9 12202655
8 12202655
7 12202655
6 12202655
5 12202655
4 12202655
11 12251876
10 12251876
9 12251876
8 12251876
7 12251876
6 12251876
5 12251876
4 12251876
6 12264083
5 12264083
4 12264083
3 12264083
2 12264083
1 12266528
0 12266528
4 12301531
3 12301531
6 12342688
5 12342688
4 12342688
6 12375232
5 12375232
4 12375232
3 12375232
2 12375232
9 12420687
8 12420687
7 12420687
6 12420687
5 12422160
4 12422160
3 12422160
10 12462435
9 12462435
8 12462435
7 12462435
11 12488859
10 12488859
9 12488859
8 12488859
7 12488859
6 12488859
7 12498686
6 12498686
5 12498686
4 12498686
3 12498686
2 12498686
11 12626627
10 12626627
9 12626627
8 12626627
7 12626627
6 12626627
5 12626627
6 12648076
5 12648076
4 12648076
3 12648076
2 12648076
9 12716321
8 12716321
7 12716321
6 12716321
5 12716321
4 12716321
3 12716321
2 12718934
12 12811868
11 12811868
10 12811868
9 12811868
8 12811868
7 12811868
12 12840167
11 12840167
10 12840167
9 12840167
8 12840167
7 12840167
6 12840167
6 12846302
5 12846302
4 12846302
3 12846302
2 12846302
8 12877475
7 12877475
6 12877475
8 12931305
7 12931305
6 12931305
5 12931305
4 12931305
16 13072819
15 13072819
14 13072819
13 13072819
12 13072819
11 13072819
10 13072819
9 13072819
9 13075498
8 13075498
7 13075498
6 13075498
5 13075498
4 13075498
3 13075498
2 13075498
9 13107869
8 13107869
7 13107869
6 13107869
5 13107869
4 13107869
3 13107869
2 13109666
8 13151570
7 13151570
6 13151570
5 13151570
4 13151570
3 13151570
2 13151570
3 13169077
4 13182212
3 13182212
2 13182212
2 13186995
1 13186995
3 13249963
2 13249963
10 13362612
9 13362612
8 13362612
7 13362612
6 13362612
15 13405206
14 13405206
13 13405206
12 13405206
11 13405206
10 13405206
9 13405206
8 13405206
13 13505809
12 13505809
11 13505809
10 13505809
9 13505809
8 13505809
7 13505809
19 13603693
18 13603693
17 13603693
16 13603693
15 13603693
14 13603693
13 13603693
12 13603693
11 13603693
10 13603693
9 13603693
8 13603693
7 13603693
8 13614539
7 13614539
6 13614539
5 13614539
4 13614539
3 13614539
2 13614539
7 13657864
6 13657864
5 13657864
6 13690213
5 13690213
5 13693920
4 13693920
3 13693920
6 13717277
5 13717277
4 13717277
5 13750831
4 13750831
3 13750831
5 13766319
4 13766319
3 13766319
2 13766319
8 13813633
7 13813633
6 13813633
5 13813633
9 13849390
8 13849390
7 13849390
6 13849390
6 13860408
5 13860408
4 13860408
4 13872154
3 13872154
2 13872154
4 13882299
3 13882299
2 13882299
1 13882299
2 13891432
1 13892584
0 13892584
4 13933071
3 13933071
3 13950328
2 13950328
1 13951101
7 13990295
6 13990295
5 13990295
10 14020615
9 14020615
8 14020615
7 14020615
6 14020615
5 14020615
6 14042639
5 14042639
4 14042639
3 14042639
5 14052078
4 14052078
3 14052078
7 14107519
6 14107519
5 14107519
4 14110439
3 14110439
3 14120069
2 14120069
1 14120069
2 14128101
1 14128101
2 14143296
1 14143296
5 14194163
4 14194163
3 14194163
2 14195839
1 14195839
3 14274339
2 14274339
2 14290530
1 14290530
4 14306432
3 14306432
2 14306432
1 14306432
9 14384841
8 14384841
7 14384841
6 14384841
5 14384841
4 14384841
3 14384841
2 14384947
1 14384947
2 14395460
1 14395460
5 14435382
4 14435382
3 14435382
3 14449601
2 14449601
1 14467148
0 14468987
2 14502133
3 14522366
2 14522366
4 14549904
3 14549904
2 14549904
1 14552706
2 14564207
1 14564207
2 14572420
1 14572420
1 14578925
4 14608004
3 14608004
4 14616965
3 14616965
2 14616965
6 14700181
5 14700181
4 14700181
3 14700181
2 14700181
1 14704621
7 14742499
6 14742499
5 14742499
4 14742499
3 14742499
2 14743689
1 14743689
2 14757565
1 14757565
3 14767922
2 14767922
1 14767922
0 14772804
0 14775928
7 14819893
6 14819893
5 14819893
4 14819893
3 14819893
2 14819893
1 14826854
9 14873286
8 14873286
7 14873286
6 14873286
5 14873286
9 14887687
8 14887687
7 14887687
6 14887687
5 14887687
8 14921939
7 14921939
6 14921939
5 14921939
4 14921939
3 14921939
2 14921939
5 14940008
4 14940008
5 14953069
4 14953069
3 14953069
2 14953069
3 14972442
2 14972442
1 14974378
1 14984257
5 15038474
4 15038474
6 15065670
5 15065670
4 15065670
4 15069183
3 15069183
2 15069183
4 15079884
3 15079884
4 15118383
3 15118383
2 15118383
2 15123811
1 15123811
10 15197140
9 15197140
8 15197140
7 15197140
7 15203441
6 15203441
5 15203441
4 15203441
3 15203441
2 15205220
1 15205220
2 15214088
1 15214088
3 15226691
2 15226691
4 15244370
3 15244370
5 15268557
4 15268557
3 15268557
2 15274362
1 15274362
2 15317149
1 15317149
2 15334696
1 15334696
1 15337583
3 15368093
2 15368093
1 15376714
3 15416782
2 15416782
1 15416782
4 15447036
3 15447036
2 15447886
1 15447886
3 15463650
2 15463650
1 15463650
6 15531778
5 15531778
4 15531778
3 15531778
6 15543101
5 15543101
4 15543101
3 15543101
2 15543101
8 15592483
7 15592483
6 15592483
5 15597029
4 15597029
3 15597029
10 15645583
9 15645583
8 15645583
7 15645583
6 15645583
5 15645583
4 15645583
3 15645583
3 15651342
7 15675454
6 15675454
5 15675454
4 15675454
5 15696290
4 15696290
3 15696290
2 15696290
3 15711214
2 15711214
1 15724532
4 15762752
3 15762752
2 15762752
5 15778887
4 15778887
11 15834010
10 15834010
9 15834010
8 15834010
7 15834010
6 15834010
6 15848136
5 15848136
4 15848136
4 15853161
3 15853161
2 15853161
9 15903866
8 15903866
7 15903866
6 15903866
8 15932382
7 15932382
6 15932382
5 15932382
4 15932382
3 15932382
5 15955983
4 15955983
3 15955983
5 15980629
4 15980629
3 15988752
2 15988752
5 16051085
4 16051085
3 16051085
4 16056557
3 16056557
2 16056557
2 16064856
1 16064856
5 16106532
4 16106532
3 16106532
3 16146967
2 16146967
2 16167670
1 16167670
1 16198631
0 16198631
2 16230081
1 16230081
2 16251059
1 16251059
7 16310684
6 16310684
5 16310684
4 16310684
3 16310684
2 16310684
4 16323114
3 16323114
2 16323114
1 16323114
6 16376997
5 16376997
4 16376997
4 16392822
3 16392822
2 16392822
4 16430694
3 16430694
2 16430694
13 16559375
12 16559375
11 16559375
10 16559375
9 16559375
8 16559375
10 16572864
9 16572864
8 16572864
7 16572864
6 16572864
5 16572864
9 16593558
8 16593558
7 16593558
6 16593558
5 16593558
4 16593558
3 16593558
5 16624314
4 16624314
8 16673303
7 16673303
6 16673303
5 16673303
4 16676011
3 16676011
4 16684389
3 16684389
2 16684389
10 16745470
9 16745470
8 16745470
7 16745470
6 16745470
5 16745470
4 16745470
3 16745470
14 16831920
13 16831920
12 16831920
11 16831920
10 16831920
9 16831920
12 16853840
11 16853840
10 16853840
9 16853840
8 16853840
7 16853840
6 16883727
5 16883727
4 16883727
9 16951044
8 16951044
7 16951044
6 16951044
5 16951044
4 16951044
3 16951044
2 16951044
6 16983138
5 16983138
4 16983138
5 17000116
4 17000116
3 17000116
7 17023975
6 17023975
5 17023975
7 17060539
6 17060539
5 17060539
4 17060539
3 17062386
2 17062386
9 17111268
8 17111268
7 17111268
6 17111268
5 17111268
4 17111268
3 17111268
4 17120553
3 17120553
5 17140247
4 17140247
3 17140247
6 17166961
5 17166961
4 17166961
9 17231881
8 17231881
7 17231881
6 17231881
7 17245216
6 17245216
5 17245216
10 17285609
9 17285609
8 17285609
7 17285609
6 17285609
5 17285609
5 17291628
4 17291628
3 17291628
2 17291628
1 17291628
2 17303117
1 17303117
6 17352333
5 17352333
4 17352333
3 17352333
5 17378086
4 17378086
3 17378086
2 17378086
5 17395674
4 17395674
3 17395674
2 17395674
1 17395674
7 17436000
6 17436000
5 17436000
4 17436000
3 17436000
2 17436000
1 17437130
2 17449808
1 17449808
3 17486943
2 17486943
1 17486943
4 17515945
3 17515945
2 17515945
3 17545729
2 17545729
3 17562117
2 17562117
1 17562117
5 17626831
4 17626831
3 17626831
5 17640296
4 17640296
3 17640296
2 17640296
2 17643614
2 17650637
1 17650637
10 17698613
9 17698613
8 17698613
7 17698613
6 17698613
17 17764152
16 17764152
15 17764152
14 17764152
13 17764152
12 17764152
11 17764152
10 17764152
9 17764152
12 17784328
11 17784328
10 17784328
9 17784328
8 17784328
7 17784328
6 17784328
5 17784328
4 17784328
3 17784328
6 17813509
5 17813509
4 17813509
3 17813509
5 17849725
4 17849725
4 17857766
3 17857766
11 17964595
10 17964595
9 17964595
8 17964595
7 17964595
6 17964595
5 17964595
4 17964595
6 17985493
5 17985493
4 17985493
3 17985493
2 17985493
2 17992464
1 17992464
7 18096975
6 18096975
5 18096975
4 18096975
6 18127814
5 18127814
4 18127814
3 18127814
3 18132661
2 18132661
2 18161161
1 18161161
1 18165053
0 18165925
1 18188454
5 18248382
4 18248382
3 18248382
10 18294940
9 18294940
8 18294940
7 18294940
9 18312669
8 18312669
7 18312669
6 18312669
5 18312669
5 18316805
4 18316805
3 18316805
3 18327748
2 18327748
2 18340867
1 18340867
2 18355577
4 18375362
3 18375362
2 18375362
4 18422590
3 18422590
2 18422590
1 18422590
9 18520089
8 18520089
7 18520089
6 18520089
5 18520089
4 18520089
8 18553909
7 18553909
6 18553909
5 18553909
4 18553909
7 18590039
6 18590039
5 18590039
4 18590039
3 18590039
2 18590039
1 18593220
3 18603745
2 18603745
1 18603891
4 18642168
3 18642168
6 18673690
5 18673690
4 18673690
3 18673690
2 18673690
8 18704776
7 18704776
6 18704776
5 18704776
5 18716904
4 18716904
3 18716904
8 18744616
7 18744616
6 18744616
5 18744616
4 18744616
3 18744616
9 18790363
8 18790363
7 18790363
6 18790363
11 18811272
10 18811272
9 18811272
8 18811272
7 18811272
6 18811272
10 18834661
9 18834661
8 18834661
12 18870717
11 18870717
10 18870717
9 18870717
8 18870717
7 18870717
6 18870717
5 18870717
4 18870717
13 18958594
12 18958594
11 18958594
10 18958594
9 18958594
8 18958594
7 18958594
6 18958594
5 18958594
4 18958594
3 18964609
2 18964609
4 18990297
3 18990297
5 19031503
4 19031503
3 19031503
5 19045267
4 19045267
3 19045267
7 19062275
6 19062275
5 19062275
6 19084371
5 19084371
4 19084371
3 19084371
2 19084371
7 19149122
6 19149122
5 19149122
4 19149122
4 19179977
3 19179977
2 19179977
1 19179977
4 19207030
3 19207030
3 19212936
2 19212936
4 19243056
3 19243056
2 19243056
3 19252329
2 19252329
1 19254343
3 19297113
2 19297113
1 19303618
7 19338117
6 19338117
5 19338117
9 19372797
8 19372797
7 19372797
6 19372797
5 19372797
12 19453528
11 19453528
10 19453528
9 19453528
8 19453528
7 19453528
6 19453528
5 19453528
4 19453528
5 19469135
4 19469135
3 19469135
3 19477766
2 19477766
2 19486882
10 19522262
9 19522262
8 19522262
7 19522262
12 19568396
11 19568396
10 19568396
9 19568396
8 19568396
7 19568396
6 19568396
5 19568396
4 19568396
6 19587208
5 19587208
4 19587208
3 19587208
2 19587208
2 19604581
5 19617243
4 19617243
3 19617243
2 19617243
8 19648015
7 19648015
6 19648015
5 19648015
4 19648015
3 19648015
2 19648015
3 19659578
2 19659578
5 19695867
4 19695867
3 19695867
2 19695867
1 19695867
6 19731086
5 19731086
4 19731086
3 19731086
9 19782710
8 19782710
7 19782710
6 19782710
6 19791876
5 19791876
4 19791876
3 19791876
2 19791876
4 19805105
3 19805105
2 19805105
8 19827811
7 19827811
6 19827811
5 19827811
4 19827811
3 19827811
2 19827811
11 19907002
10 19907002
9 19907002
8 19907002
10 19933239
9 19933239
8 19933239
7 19933239
6 19933239
5 19933239
4 19933239
3 19933239
4 19952518
3 19952518
2 19952518
1 19952518
4 19979461
3 19979461
2 19979461
3 19992231
2 19992231
3 20032730
2 20032730
7 20073592
6 20073592
5 20073592
4 20073592
6 20099404
5 20099404
4 20099404
3 20099404
2 20100202
2 20105562
1 20105562
2 20123654
1 20123654
1 20129825
0 20129825
1 20143457
4 20191563
3 20191563
2 20191563
1 20191783
0 20191783
6 20234715
5 20234715
4 20234715
3 20234715
2 20234715
3 20259935
2 20259935
2 20273766
1 20273766
3 20299604
2 20299604
5 20314379
4 20314379
3 20314379
4 20330620
3 20330620
6 20345646
5 20345646
4 20345646
3 20345646
9 20374287
8 20374287
7 20374287
6 20374287
5 20374287
7 20403037
6 20403037
5 20403037
4 20403037
4 20414605
3 20414605
3 20416845
2 20416845
1 20416845
4 20442599
3 20442599
9 20504174
8 20504174
7 20504174
6 20504174
7 20524649
6 20524649
5 20524649
4 20524649
3 20524649
2 20524649
3 20532608
2 20532608
1 20532608
6 20556114
5 20556114
11 20632151
10 20632151
9 20632151
8 20632151
7 20632151
6 20632151
5 20632151
4 20632151
3 20638222
2 20638222
7 20690241
6 20690241
5 20690241
4 20693544
3 20693544
2 20693544
3 20710213
2 20710213
5 20757451
4 20757451
3 20757451
6 20806780
5 20806780
6 20821159
5 20821159
4 20821159
3 20821159
7 20855509
6 20855509
5 20855509
4 20855509
3 20855509
2 20855509
1 20858539
6 20887048
5 20887048
4 20887048
5 20899021
4 20899021
3 20899021
3 20900275
2 20900275
6 20964401
5 20964401
4 20964401
3 20964401
2 20964401
6 20983903
5 20983903
4 20983903
10 21047730
9 21047730
8 21047730
7 21047730
6 21047730
5 21047730
4 21047730
3 21047730
7 21072536
6 21072536
5 21072536
4 21072536
3 21072536
3 21084882
3 21088872
2 21088872
7 21107565
6 21107565
5 21107565
4 21107565
3 21107565
2 21107565
2 21109041
1 21109041
2 21119953
1 21119953
3 21201110
2 21201110
8 21235969
7 21235969
6 21235969
5 21235969
8 21257330
7 21257330
6 21257330
5 21257330
4 21257330
5 21267137
4 21267137
3 21267137
2 21267137
1 21270501
0 21272106
1 21286666
9 21348066
8 21348066
7 21348066
6 21348066
5 21348066
4 21348066
3 21348999
2 21348999
3 21361531
2 21361531
1 21361531
12 21446034
11 21446034
10 21446034
9 21446034
8 21446034
7 21446034
6 21446034
5 21446034
4 21446034
3 21446034
7 21457505
6 21457505
5 21457505
4 21457505
3 21457505
2 21457505
1 21461742
6 21485427
5 21485427
4 21485427
8 21524833
7 21524833
6 21524833
5 21524833
4 21524833
3 21524833
2 21526279
1 21528556
2 21545278
1 21545278
4 21576275
3 21576275
2 21576275
1 21576275
6 21630124
5 21630124
4 21630124
14 21691857
13 21691857
12 21691857
11 21691857
10 21691857
9 21691857
8 21691857
7 21691857
6 21691857
5 21691857
4 21691857
11 21716549
10 21716549
9 21716549
8 21716549
7 21716549
6 21716549
6 21732236
5 21732236
4 21732236
6 21787224
5 21787224
4 21787224
3 21787224
7 21833610
6 21833610
5 21833610
4 21833610
3 21833610
3 21839587
2 21839587
8 21878475
7 21878475
6 21878475
5 21878475
4 21878475
3 21878475
5 21896622
4 21896622
3 21896622
2 21896622
8 21936642
7 21936642
6 21936642
5 21936642
4 21936642
5 21946092
4 21946092
3 21946092
2 21947516
7 22060170
6 22060170
5 22060170
4 22060170
3 22060170
2 22060170
2 22062517
1 22062517
1 22077541
2 22093457
7 22113913
6 22113913
5 22113913
4 22113913
3 22113913
3 22118716
2 22118716
2 22134456
6 22170262
5 22170262
4 22170262
6 22197182
5 22197182
4 22197182
3 22197182
2 22197182
6 22225327
5 22225327
4 22225327
6 22234568
5 22234568
4 22234568
3 22234568
4 22244725
3 22244725
8 22281506
7 22281506
6 22281506
5 22281506
4 22281506
4 22282595
3 22282595
4 22298589
3 22298589
2 22298589
3 22303221
2 22303221
4 22317895
3 22317895
2 22317895
4 22352970
3 22352970
11 22434170
10 22434170
9 22434170
8 22434170
7 22434170
6 22434170
5 22434170
4 22434170
11 22459067
10 22459067
9 22459067
8 22459067
7 22459067
6 22459067
7 22461072
6 22461072
5 22461072
4 22461072
3 22461072
2 22461072
2 22469483
13 22506098
12 22506098
11 22506098
10 22506098
9 22506098
8 22506098
7 22506098
6 22512473
5 22512473
4 22512473
3 22512473
2 22512473
12 22611914
11 22611914
10 22611914
9 22611914
8 22611914
7 22611914
15 22688631
14 22688631
13 22688631
12 22688631
11 22688631
10 22688631
9 22688631
8 22688631
7 22688631
6 22688631
11 22723893
10 22723893
9 22723893
8 22723893
7 22723893
6 22723893
11 22763225
10 22763225
9 22763225
8 22763225
7 22763225
6 22765412
5 22765412
4 22765412
7 22790312
6 22790312
5 22790312
8 22828862
7 22828862
6 22828862
5 22828862
5 22835559
4 22835559
3 22835559
3 22840809
2 22840809
2 22853751
1 22853751
8 22910916
7 22910916
6 22910916
5 22910916
4 22913090
3 22913090
2 22913090
10 22996370
9 22996370
8 22996370
7 22996370
6 22996370
10 23019748
9 23019748
8 23019748
7 23019748
6 23019748
5 23023294
4 23023294
3 23023294
2 23023294
6 23042091
5 23042091
4 23042091
3 23042091
2 23042091
2 23050833
1 23050833
12 23192512
11 23192512
10 23192512
9 23192512
8 23192512
7 23192512
6 23192512
5 23192512
4 23192512
4 23195297
3 23195297
2 23195297
1 23195297
1 23196676
5 23238620
4 23238620
3 23238620
2 23238620
4 23256503
3 23256503
2 23256503
6 23285633
5 23285633
5 23295911
4 23295911
4 23299439
3 23299439
5 23326261
4 23326261
3 23326261
7 23352457
6 23352457
5 23352457
4 23352457
7 23405043
6 23405043
5 23405043
5 23406354
4 23406354
3 23406354
7 23452707
6 23452707
5 23452707
4 23452707
3 23452707
2 23452707
2 23458529
1 23458529
1 23481066
1 23518032
1 23534363
2 23544365
1 23544365
1 23548788
1 23566860
5 23610931
4 23610931
4 23620167
3 23620167
2 23620167
1 23620167
13 23674806
12 23674806
11 23674806
10 23674806
9 23674806
8 23674806
7 23674806
6 23674806
5 23674806
4 23674806
3 23674806
4 23680355
3 23680355
2 23680355
4 23687423
3 23687423
2 23687423
6 23709301
5 23709301
4 23709301
3 23709301
16 23747291
15 23747291
14 23747291
13 23747291
12 23747291
11 23747291
10 23747291
9 23747291
8 23747291
7 23747291
6 23747291
5 23747291
4 23747291
3 23759452
2 23759452
6 23786741
5 23786741
4 23786741
3 23786741
2 23786741
3 23795458
2 23795458
9 23826506
8 23826506
7 23826506
6 23826506
11 23880809
10 23880809
9 23880809
8 23880809
7 23880809
6 23880809
10 23907981
9 23907981
8 23907981
7 23907981
6 23907981
12 23952613
11 23952613
10 23952613
9 23952613
8 23952613
14 23998583
13 23998583
12 23998583
11 23998583
10 23998583
9 23998583
8 23998583
7 23998583
6 23998583
5 23998583
12 24049911
11 24049911
10 24049911
9 24049911
8 24049911
7 24049911
6 24049911
5 24049911
4 24049911
5 24062519
4 24062519
3 24062519
2 24062519
1 24062519
11 24129902
10 24129902
9 24129902
8 24129902
7 24129902
9 24167879
8 24167879
7 24167879
6 24167879
16 24240160
15 24240160
14 24240160
13 24240160
12 24240160
11 24240160
10 24240160
9 24240160
12 24266167
11 24266167
10 24266167
9 24266167
8 24266167
7 24266167
6 24266167
6 24271748
5 24271748
4 24271748
3 24271748
2 24271748
5 24305541
4 24305541
3 24305541
6 24340786
5 24340786
4 24340786
3 24340786
2 24340786
3 24376886
6 24421172
5 24421172
4 24421172
14 24495727
13 24495727
12 24495727
11 24495727
10 24495727
9 24495727
14 24532341
13 24532341
12 24532341
11 24532341
10 24532341
9 24532341
8 24532341
9 24551654
8 24551654
7 24551654
6 24551654
5 24551654
4 24551654
3 24551654
2 24551654
2 24558307
4 24582174
3 24582174
2 24582174
2 24595223
1 24595223
7 24634326
6 24634326
5 24634326
4 24634326
3 24657437
6 24699901
5 24699901
4 24699901
9 24784352
8 24784352
7 24784352
6 24784352
5 24784352
4 24784352
3 24784352
9 24849686
8 24849686
7 24849686
6 24849686
5 24849686
4 24849686
3 24849686
3 24859081
2 24859081
1 24859081
2 24869924
1 24869924
1 24879853
1 24888012
0 24896543
3 24957441
2 24957441
1 24957441
1 24960261
0 24960261
3 24982522
2 24982522
2 24996216
1 24996216
1 25004410
2 25019925
1 25019925
1 25055855
3 25088996
2 25088996
1 25088996
8 25172762
7 25172762
6 25172762
8 25207257
7 25207257
6 25207257
5 25207257
8 25218228
7 25218228
6 25218228
5 25218228
7 25242700
6 25242700
5 25242700
6 25250824
5 25250824
4 25250824
3 25250824
2 25250824
7 25291502
6 25291502
5 25291502
4 25291502
8 25316719
7 25316719
6 25316719
5 25316719
4 25316719
3 25316719
5 25352560
4 25352560
5 25361183
4 25361183
3 25361183
9 25450900
8 25450900
7 25450900
6 25450900
5 25450900
13 25503323
12 25503323
11 25503323
10 25503323
9 25503323
8 25503323
7 25503323
6 25503323
5 25503323
8 25553797
7 25553797
6 25553797
5 25553797
4 25553797
3 25553797
2 25553797
10 25624729
9 25624729
8 25624729
7 25624729
6 25624729
5 25624729
14 25708217
13 25708217
12 25708217
11 25708217
10 25708217
9 25708217
8 25708217
7 25708217
6 25708217
5 25708217
9 25738721
8 25738721
7 25738721
6 25738721
16 25793170
15 25793170
14 25793170
13 25793170
12 25793170
11 25793170
10 25793170
9 25793170
8 25793170
7 25793170
6 25793170
5 25793170
5 25798239
4 25798239
3 25798239
2 25798239
1 25798239
4 25816571
3 25816571
5 25832300
4 25832300
3 25832300
8 25865446
7 25865446
6 25865446
5 25865446
6 25892356
5 25892356
4 25892356
3 25892356
2 25892356
1 25898838
7 25962642
6 25962642
5 25962642
4 25962642
3 25965704
13 26051252
12 26051252
11 26051252
10 26051252
9 26051252
8 26051252
16 26112201
15 26112201
14 26112201
13 26112201
12 26112201
11 26112201
10 26112201
9 26112201
15 26162872
14 26162872
13 26162872
12 26162872
11 26162872
10 26162872
9 26162872
8 26162872
7 26162872
6 26162872
5 26162872
11 26231501
10 26231501
9 26231501
8 26231501
7 26231501
6 26231501
6 26239620
5 26239620
4 26239620
3 26239620
2 26239620
2 26244875
10 26281581
9 26281581
8 26281581
7 26281581
6 26281581
5 26281581
4 26281581
3 26281581
6 26308442
5 26308442
4 26308442
5 26316483
4 26316483
10 26394134
9 26394134
8 26394134
7 26394134
6 26394134
13 26458372
12 26458372
11 26458372
10 26458372
9 26458372
8 26458372
7 26458372
6 26458372
5 26458372
4 26458372
7 26476566
6 26476566
5 26476566
4 26476566
3 26476566
2 26476566
12 26534001
11 26534001
10 26534001
9 26534001
8 26534001
7 26534001
6 26534001
5 26534001
4 26534001
3 26534001
2 26534847
10 26589415
9 26589415
8 26589415
7 26589415
6 26595611
5 26595611
4 26595611
5 26616001
4 26616001
3 26616001
5 26647597
4 26647597
3 26647597
5 26677159
4 26677159
3 26677159
6 26716148
5 26716148
4 26716148
3 26716148
2 26716148
5 26733464
4 26733464
8 26781288
7 26781288
6 26781288
5 26781288
4 26781288
3 26781288
2 26781288
16 26871038
15 26871038
14 26871038
13 26871038
12 26871038
11 26871038
10 26871038
9 26871038
8 26871038
7 26871038
6 26871038
5 26871038
11 26943494
10 26943494
9 26943494
8 26943494
7 26943494
6 26945681
5 26945681
4 26945681
13 27005623
12 27005623
11 27005623
10 27005623
9 27005623
8 27005623
7 27007486
6 27007486
5 27007486
4 27007486
3 27007486
2 27007486
8 27045158
7 27045158
6 27045158
5 27045158
5 27062230
4 27062230
3 27063775
2 27063775
4 27091486
3 27091486
4 27108903
3 27108903
2 27108903
1 27108903
3 27140616
6 27151342
5 27151342
4 27151342
3 27151342
4 27162778
3 27162778
2 27162778
3 27196589
2 27196589
1 27202450
3 27215499
2 27215499
1 27222220
3 27241536
2 27241536
4 27268641
3 27268641
5 27290412
4 27290412
3 27290412
2 27290412
2 27304151
1 27304151
6 27367232
5 27367232
4 27367232
6 27392169
5 27392169
4 27392169
4 27397733
3 27397733
2 27397733
3 27420178
5 27470006
4 27470006
3 27470006
3 27506192
2 27506192
5 27545672
4 27545672
3 27545672
11 27587573
10 27587573
9 27587573
8 27587573
7 27587573
6 27587573
5 27587573
4 27587573
3 27587573
5 27604709
4 27604709
3 27604709
4 27614505
3 27614505
7 27657327
6 27657327
5 27657327
4 27657327
3 27662862
2 27662862
7 27692346
6 27692346
5 27692346
4 27692346
3 27692346
2 27692346
2 27705012
1 27705012
5 27735158
4 27735158
7 27778739
6 27778739
5 27778739
4 27778739
3 27778739
2 27778739
7 27820484
6 27820484
5 27820484
4 27820484
3 27820484
2 27820484
6 27836695
5 27836695
4 27836695
3 27836695
6 27870467
5 27870467
4 27870467
5 27895996
4 27895996
3 27895996
4 27921780
3 27921780
3 27930048
2 27930048
1 27930048
3 27953306
7 27998721
6 27998721
5 27998721
4 27998721
8 28070422
7 28070422
6 28070422
5 28070422
8 28083471
7 28083471
6 28083471
5 28083471
8 28106037
7 28106037
6 28106037
5 28106037
4 28106037
3 28106037
8 28134652
7 28134652
6 28134652
5 28134652
6 28172198
5 28172198
4 28172198
4 28177457
3 28177457
3 28183341
2 28183341
3 28188600
2 28188600
8 28235536
7 28235536
6 28235536
5 28235536
4 28235536
3 28235536
14 28352244
13 28352244
12 28352244
11 28352244
10 28352244
9 28352244
8 28352244
7 28352244
6 28352482
5 28352482
4 28352482
6 28372841
5 28372841
4 28372841
6 28438873
5 28438873
4 28438873
6 28453540
5 28453540
4 28453540
5 28471060
4 28471060
3 28471060
2 28471060
7 28512211
6 28512211
5 28512211
15 28603253
14 28603253
13 28603253
12 28603253
11 28603253
10 28603253
9 28603253
8 28603253
18 28680926
17 28680926
16 28680926
15 28680926
14 28680926
13 28680926
12 28680926
11 28680926
10 28680926
10 28694849
9 28694849
8 28694849
7 28694849
6 28694849
5 28694849
4 28694849
5 28702284
4 28702284
3 28702284
2 28702284
1 28702284
6 28727493
5 28727493
4 28733140
3 28733140
2 28736350
1 28736350
3 28755654
2 28755654
1 28755654
4 28770861
3 28770861
11 28815439
10 28815439
9 28815439
8 28815439
7 28815439
6 28815439
10 28880036
9 28880036
8 28880036
7 28880036
6 28880036
5 28880036
4 28880036
3 28880036
8 28911790
7 28911790
6 28911790
5 28911790
6 28970563
5 28970563
4 28970563
3 28970563
3 28971565
2 28971565
1 28971565
3 28982033
2 28982033
1 28982033
1 28992822
4 29013309
3 29013309
2 29013309
1 29013309
9 29119798
8 29119798
7 29119798
6 29119798
5 29119798
4 29119798
3 29119798
5 29135565
4 29135565
3 29135565
12 29188061
11 29188061
10 29188061
9 29188061
8 29188061
7 29188333
6 29188333
5 29188333
4 29188333
3 29188333
2 29188333
3 29203032
2 29203032
1 29203032
3 29222561
5 29231779
4 29231779
3 29231779
2 29234256
4 29248214
3 29248214
6 29308333
5 29308333
4 29308333
3 29308333
4 29319798
3 29319798
2 29319798
1 29322132
0 29322132
7 29376304
6 29376304
5 29376304
4 29376304
3 29376304
2 29376304
4 29391789
3 29391789
8 29423296
7 29423296
6 29423296
5 29423296
4 29423296
3 29423296
2 29424920
1 29424920
1 29444683
0 29444683
5 29525647
4 29525647
3 29525647
2 29536352
4 29540849
3 29540849
6 29572308
5 29572308
4 29572308
3 29572308
2 29572308
5 29601024
4 29601024
3 29601024
2 29609414
7 29636675
6 29636675
5 29636675
4 29636675
5 29647866
4 29647866
3 29647866
8 29661994
7 29661994
6 29661994
5 29661994
4 29661994
3 29661994
4 29665500
3 29665500
2 29665500
1 29665500
9 29710747
8 29710747
7 29710747
6 29710747
