1 0 698
2 0 5474
3 0 5852
5 0 7149
10 0 23542
11 0 24487
13 0 25891
14 0 26671
15 0 26827
17 0 32158
18 0 34637
19 0 38652
21 0 42322
23 0 45393
24 0 50541
25 0 51288
29 0 53388
30 0 55399
31 0 56424
33 0 58611
35 0 63191
36 0 63560
37 0 65589
38 0 70692
40 0 72557
42 0 74251
44 0 83388
45 0 85378
46 0 86374
47 0 89773
54 0 101567
56 0 104786
57 0 106395
59 0 107270
60 0 110965
61 0 111203
63 0 115985
65 0 119880
66 0 122581
67 0 124790
68 0 130250
69 0 131498
71 0 132204
73 0 135498
75 0 137209
78 0 141121
82 0 144604
83 0 146471
85 0 148583
86 0 149336
88 2 152020
89 1 154592
91 2 160307
93 0 160865
95 0 170544
97 1 172586
98 1 174809
99 0 176129
100 1 182204
104 0 190782
105 1 193040
109 0 199218
110 1 201011
112 0 204802
114 1 210354
115 2 216175
117 0 216487
119 1 217267
121 1 218441
123 0 220383
124 0 223976
125 1 224181
126 0 227145
127 1 229222
129 0 229772
131 2 239113
132 1 239630
133 0 239992
136 2 243287
137 0 244980
139 2 246614
140 0 248067
141 2 251819
142 1 256417
143 0 256573
145 1 256927
147 1 259267
148 1 260515
149 0 260827
150 2 264160
151 0 265523
154 1 265868
157 2 272523
160 1 274645
163 0 280552
165 1 282381
166 0 283374
167 1 283865
169 0 289311
171 1 298987
173 0 301467
174 1 303651
175 1 306303
179 0 308156
180 2 313447
181 0 316879
182 1 317084
185 1 324660
186 0 326536
188 1 330571
189 0 335942
190 1 337014
191 0 338071
192 1 347726
193 0 351586
194 1 353380
195 0 356360
196 2 360332
197 0 361498
201 1 363440
202 1 365813
206 0 366625
208 1 367312
209 0 368944
210 1 371604
211 0 372436
212 1 375223
213 0 376364
215 2 384808
216 0 386729
217 1 392068
221 1 412659
222 1 413332
225 0 422078
227 1 422595
229 1 431846
235 1 435286
237 0 438398
239 0 440059
241 1 446251
244 0 447706
245 1 453839
247 0 456127
249 1 456283
250 0 458490
252 1 465613
253 0 466081
258 1 487258
259 0 489130
261 1 489360
263 0 492568
265 1 502196
267 0 502508
268 1 503631
269 0 503844
271 2 506813
274 0 516131
275 0 524353
277 1 524665
282 0 536175
284 2 542899
291 0 568721
295 0 573150
296 1 574915
297 0 575547
298 1 577033
300 0 579568
302 0 581547
305 1 585458
306 1 589123
307 0 590063
308 1 591311
316 0 606605
317 1 607434
320 0 616469
321 1 618070
324 1 622316
327 0 630393
328 2 634211
329 0 637487
331 1 637766
335 0 640420
336 1 641262
338 0 644178
340 0 645344
341 1 648043
342 1 650927
346 2 654994
348 0 656054
351 0 663028
356 1 672383
357 0 676169
359 1 679551
361 0 682872
363 0 685753
366 1 689747
367 0 690995
368 2 693852
371 0 700936
372 1 701404
373 1 705148
375 1 710009
376 0 711239
377 1 712068
378 1 723163
379 0 724108
381 1 724888
387 1 732871
389 0 733413
392 1 735302
393 2 737850
394 1 739209
395 1 745086
396 0 747339
399 1 754117
401 0 759055
402 1 762103
403 1 767144
404 1 767817
405 0 771893
406 1 772673
407 0 772829
408 2 773658
415 0 785454
417 1 786994
418 0 789686
419 1 791930
420 0 795278
422 1 796832
423 0 798753
424 2 800214
425 1 807732
431 0 818673
432 1 821838
434 1 828692
436 0 831591
438 2 834100
439 0 836055
443 1 845413
445 0 845684
446 2 850052
447 0 850840
452 2 853608
454 0 863461
455 2 865858
458 0 870425
460 1 871826
461 1 874521
462 0 875457
463 1 876155
465 2 884004
467 0 885556
469 1 885868
471 0 892980
474 1 901264
475 0 902144
478 1 906470
479 0 907227
480 1 913018
482 0 917020
483 1 918848
485 1 926134
487 0 926520
490 1 933348
492 1 938230
495 0 942238
497 1 948787
498 0 950053
499 1 954814
501 0 956138
503 1 962729
504 0 963415
506 1 970694
507 0 973648
509 1 974724
521 0 999776
522 1 1003199
523 1 1007606
524 0 1013236
525 2 1015108
526 0 1019057
529 1 1024886
530 0 1026257
531 2 1027661
532 0 1028441
533 1 1029065
534 0 1031766
539 1 1045455
541 0 1046800
543 1 1048671
544 1 1056382
545 0 1057228
546 1 1057540
548 0 1057948
553 1 1070032
554 0 1071354
555 1 1071510
556 0 1071871
561 1 1082649
562 0 1083322
564 1 1085803
568 1 1093023
569 0 1094164
570 2 1095187
572 0 1100305
574 3 1112427
575 0 1116564
577 1 1121556
579 0 1123116
581 2 1124980
585 0 1133794
591 0 1140000
592 2 1140985
593 0 1143407
595 1 1150178
596 2 1156952
597 0 1158044
599 1 1161427
600 0 1161739
601 1 1167718
603 0 1168704
607 2 1169271
608 0 1169583
610 1 1174302
611 1 1176067
612 0 1180112
617 1 1193508
619 0 1195070
620 1 1195431
621 0 1200322
624 1 1201215
626 0 1207128
627 1 1210421
629 1 1217650
631 0 1218455
633 1 1218627
635 1 1222831
637 0 1223529
638 2 1224933
641 0 1235079
643 1 1252193
644 0 1253671
645 1 1254763
646 0 1255756
647 1 1256834
649 0 1260686
650 1 1262969
651 0 1265700
652 1 1267660
656 0 1278538
658 1 1281703
659 2 1290431
661 1 1291384
666 0 1303485
674 2 1311030
677 1 1316286
679 1 1317624
682 0 1324797
683 1 1329730
684 0 1336726
685 1 1337350
686 1 1344462
687 0 1346547
688 2 1352530
689 0 1352928
690 1 1361379
691 0 1364542
692 1 1369222
694 0 1377009
695 1 1378186
698 0 1381567
699 1 1382708
700 1 1385261
701 0 1388135
705 1 1393561
706 0 1397483
711 2 1412102
713 0 1413112
715 2 1415296
716 0 1415452
717 1 1417012
718 0 1417472
719 1 1418096
720 0 1418564
721 1 1420904
723 0 1423490
725 1 1438099
727 0 1438255
729 1 1439035
731 1 1444057
733 0 1444558
737 2 1453065
739 0 1453520
743 1 1461121
745 0 1467940
746 2 1470592
747 0 1473505
748 1 1473817
749 0 1475221
750 1 1476058
752 0 1477321
753 1 1479087
755 1 1483715
757 0 1487695
758 3 1497217
759 0 1497587
761 1 1498367
763 1 1501799
765 0 1502095
767 2 1504747
769 1 1509311
770 0 1509672
771 1 1514824
779 0 1538003
780 1 1549303
781 0 1549664
784 1 1555094
786 0 1560584
789 1 1566046
790 0 1571364
792 1 1571978
793 0 1578466
795 1 1581994
796 0 1582774
797 1 1583952
799 1 1590993
801 1 1601442
803 0 1603276
806 1 1605176
807 0 1606662
808 1 1608399
810 1 1610693
811 1 1613962
813 0 1618293
814 2 1620145
816 1 1639921
817 1 1646440
819 0 1646596
821 1 1647220
823 1 1650726
825 0 1656452
827 2 1657700
828 1 1661600
829 0 1663316
831 1 1664121
833 0 1664433
835 1 1665213
837 1 1665525
842 0 1676903
843 1 1679021
849 1 1692712
852 0 1699043
856 1 1706492
857 0 1706713
858 2 1711416
861 1 1720001
862 0 1723057
863 1 1725110
869 1 1741534
870 1 1748948
871 0 1750188
872 2 1752528
873 0 1756740
874 1 1757676
875 0 1763633
876 1 1765193
877 0 1765661
878 1 1765817
882 0 1772977
885 1 1775198
887 0 1775428
889 1 1778003
891 1 1784255
893 0 1790373
894 2 1792089
895 1 1794971
896 0 1797311
899 1 1804903
902 0 1810002
903 1 1810675
904 1 1816969
907 0 1830707
912 0 1841345
918 1 1855164
919 0 1855993
921 1 1868363
924 0 1873475
928 2 1882763
933 0 1887220
937 1 1898754
940 1 1902613
941 0 1902818
943 1 1911246
945 0 1914445
948 1 1923545
949 0 1929140
953 1 1935778
955 0 1939621
957 1 1940557
964 0 1957699
969 1 1962140
970 0 1962345
971 0 1969220
973 1 1970368
974 0 1973460
975 1 1976733
977 0 1980409
979 1 1983237
987 1 2002668
997 0 2024098
998 1 2024459
1003 0 2038860
1006 1 2045747
1008 0 2050600
1009 1 2056365
1010 0 2057942
1011 1 2058147
1013 1 2067234
1016 0 2071161
1019 1 2077093
1020 1 2079022
1023 0 2091548
1025 1 2094200
1027 0 2101231
1029 1 2106094
1030 1 2107859
1032 0 2110636
1033 1 2113902
1039 1 2127407
1043 0 2139782
1045 1 2140779
1047 0 2143275
1051 2 2144581
1052 0 2147915
1053 1 2151605
1055 0 2152016
1057 1 2152229
1059 2 2161841
1061 1 2163598
1063 0 2166119
1067 1 2167539
1069 0 2168319
1071 2 2170511
1072 0 2172457
1073 1 2175504
1075 0 2176227
1076 1 2177631
1077 0 2184010
1081 1 2193653
1082 0 2194433
1083 1 2195106
1084 0 2196336
1086 1 2200151
1087 0 2201604
1089 1 2204979
1091 0 2210507
1093 1 2219599
1096 1 2223147
1098 1 2228732
1099 0 2236015
1103 1 2258183
1105 1 2264069
1106 0 2265070
1107 0 2274676
1110 1 2277005
1111 1 2280330
1113 0 2281821
1115 1 2282765
1116 0 2283701
1118 1 2289772
1119 0 2290481
1120 0 2297633
1125 0 2304350
1131 1 2312815
1132 0 2314732
1133 1 2315754
1135 0 2316452
1136 2 2319481
1144 0 2333686
1145 0 2339569
1147 1 2340751
1149 1 2344612
1151 1 2346246
1152 0 2349541
1153 1 2350682
1154 0 2353982
1155 2 2355763
1156 0 2357990
1157 1 2363457
1159 0 2365728
1168 1 2371277
1170 0 2377519
1174 1 2391415
1175 0 2392729
1178 2 2399261
1179 0 2401322
1180 1 2406302
1181 1 2410046
1182 1 2410432
1183 1 2411680
1184 0 2412985
1185 0 2422932
1187 1 2425322
1189 1 2426052
1190 0 2427924
1191 1 2428112
1193 0 2428434
1195 1 2430618
1196 0 2432802
1197 1 2434050
1198 0 2434986
1199 1 2436218
1201 0 2436842
1203 1 2440430
1205 0 2442770
1207 1 2444234
1211 0 2446642
1212 2 2450647
1214 1 2456815
1215 1 2457398
1217 0 2459426
1225 1 2469922
1226 0 2471408
1229 1 2477184
1230 0 2478177
1231 2 2479390
1232 0 2482723
1236 1 2488834
1237 1 2489507
1239 0 2494473
1241 2 2497762
1243 0 2498952
1244 1 2499174
1245 0 2499486
1246 1 2499847
1249 0 2508397
1250 1 2510786
1253 1 2518965
1257 0 2526168
1259 2 2527983
1260 1 2529395
1261 0 2530101
1263 1 2530775
1264 1 2533739
1273 0 2544455
1275 1 2544693
1277 0 2550186
1278 1 2554002
1280 1 2563986
1281 0 2564503
1282 1 2568367
1283 0 2569278
1288 2 2579603
1289 0 2583375
1291 1 2583778
1297 0 2594432
1299 1 2600440
1302 1 2606261
1303 0 2613175
1304 1 2617726
1306 0 2618578
1307 1 2619033
1309 0 2624277
1310 2 2625369
1311 0 2626773
1312 1 2627298
1313 0 2630780
1314 1 2631248
1315 0 2632539
1319 1 2640562
1326 1 2656628
1327 0 2660921
1329 1 2661077
1331 0 2661389
1333 1 2663105
1338 0 2668417
1339 1 2668934
1340 1 2676815
1341 1 2679402
1343 1 2683614
1345 0 2685158
1346 1 2687736
1347 0 2689870
1348 1 2691964
1349 0 2694304
1351 1 2695068
1352 1 2698032
1353 0 2698196
1355 2 2707482
1356 0 2709009
1357 1 2709633
1359 0 2713746
1360 1 2714336
1368 1 2741832
1369 0 2742579
1374 1 2745794
1375 0 2747231
1379 0 2759886
1382 2 2765596
1384 0 2766859
1386 1 2768069
1387 0 2775612
1388 1 2776833
1389 1 2781034
1391 0 2788221
1393 1 2789556
1395 0 2790691
1397 1 2793061
1398 1 2796854
1405 1 2815675
1407 0 2815831
1409 2 2817803
1411 0 2819519
1413 1 2821375
1417 1 2825357
1420 0 2829912
1422 1 2833576
1423 1 2835982
1425 1 2840531
1427 0 2840843
1429 1 2841155
1432 1 2847522
1433 1 2848606
1435 1 2852760
1437 0 2853655
1438 1 2853967
1440 1 2858728
1443 0 2858991
1444 1 2860239
1449 1 2876187
1451 0 2879148
1452 1 2887788
1455 0 2890153
1457 2 2896052
1458 0 2902627
1461 1 2906808
1462 0 2913818
1470 1 2925696
1471 0 2927626
1473 1 2933434
1475 0 2936452
1478 2 2943342
1483 0 2956638
1485 1 2958042
1486 0 2958420
1487 1 2958888
1488 0 2961945
1489 1 2966531
1490 0 2968758
1491 1 2973411
1493 2 2978369
1494 0 2978681
1496 1 2984253
1500 0 2989632
1501 1 2990019
1502 0 2994984
1503 2 3003921
1504 0 3009805
1505 2 3013777
1507 0 3015320
1509 2 3016486
1510 0 3016691
1513 1 3025097
1515 0 3025877
1517 1 3027232
1523 1 3031640
1524 0 3032774
1529 2 3042411
1530 0 3044621
1531 1 3047954
1532 0 3049715
1538 1 3059399
1539 0 3060122
1541 1 3060746
1544 0 3063713
1545 1 3065215
1547 0 3067392
1548 1 3075140
1551 2 3080462
1552 0 3083319
1553 1 3084329
1555 0 3084584
1557 1 3084740
1559 0 3091239
1561 1 3092168
1563 0 3093022
1564 2 3093464
1565 0 3097720
1568 2 3114214
1569 0 3116546
1574 1 3118445
1575 0 3119649
1578 1 3128929
1581 0 3137305
1583 1 3137617
1584 0 3138938
1586 1 3143140
1587 0 3145175
1589 0 3149205
1590 1 3150846
1591 0 3151589
1592 2 3153086
1593 0 3155350
1594 1 3155747
1595 0 3156264
1596 1 3156469
1597 0 3157298
1598 2 3169450
1599 0 3169606
1600 1 3170854
1601 1 3172570
1603 0 3174604
1606 2 3188241
1608 0 3197826
1611 2 3207799
1612 0 3214544
1613 1 3216174
1615 0 3216798
1616 1 3218854
1617 0 3220157
1619 1 3226164
1621 0 3239582
1623 1 3240568
1625 0 3241988
1627 1 3243360
1629 0 3243984
1630 2 3265428
1633 0 3271442
1635 1 3273033
1637 0 3273994
1640 1 3276324
1643 1 3285293
1645 0 3285449
1647 1 3287165
1649 0 3288471
1651 1 3289767
1653 0 3292106
1657 1 3292813
1658 0 3293740
1659 1 3297093
1663 1 3305244
1664 1 3309083
1667 1 3316753
1670 0 3323701
1671 1 3325647
1673 0 3327462
1676 1 3334479
1677 0 3334635
1679 1 3334931
1681 1 3337583
1682 0 3339502
1683 1 3343076
1685 0 3343856
1687 2 3346804
1689 2 3354637
1691 1 3355811
1692 0 3357440
1693 1 3362704
1696 0 3363443
1697 1 3367754
1698 0 3371235
1702 1 3374032
1704 0 3374504
1706 1 3379901
1707 0 3385105
1708 1 3386246
1709 1 3389415
1712 0 3393943
1713 1 3394395
1717 0 3395208
1721 1 3411725
1722 1 3417850
1723 1 3423034
1724 0 3423256
1725 2 3424816
1726 1 3426269
1727 1 3428905
1729 0 3429997
1730 1 3430621
1731 1 3433896
1733 0 3436039
1734 2 3437755
1735 0 3438535
1736 1 3438740
1737 1 3444987
1739 0 3451839
1740 2 3452931
1741 0 3454647
1743 1 3455091
1745 0 3456339
1746 2 3458884
1747 1 3462694
1749 1 3466832
1752 0 3473650
1754 1 3478078
1757 0 3481068
1759 2 3492719
1760 0 3493499
1763 1 3494296
1764 1 3495856
1765 1 3496636
1770 0 3507145
1771 1 3508131
1773 0 3514841
1777 1 3523626
1779 0 3524028
1781 1 3528660
1782 0 3529029
1787 0 3532027
1789 1 3534552
1791 0 3540765
1792 1 3542226
1793 0 3544288
1796 0 3547940
1798 1 3549365
1799 0 3552694
1800 1 3554016
1801 0 3554952
1803 2 3561282
1805 1 3566277
1806 0 3566589
1807 1 3567287
1809 0 3567897
1812 1 3577079
1815 0 3585307
1816 1 3594053
1818 0 3598334
1821 0 3609041
1822 1 3610982
1823 0 3614277
1826 2 3620543
1827 0 3621109
1832 2 3629849
1833 1 3633240
1837 0 3637099
1838 1 3637879
1839 0 3642717
1841 1 3643341
1843 0 3645369
1845 1 3646149
1847 0 3647189
1849 1 3647813
1851 0 3648722
1853 1 3653056
1855 1 3655397
1856 0 3657950
1859 2 3668568
1860 0 3668773
1866 1 3677891
1870 0 3691940
1873 0 3706326
1875 2 3707910
1876 0 3708477
1878 1 3720486
1880 0 3722515
1882 1 3728251
1883 1 3731657
1884 1 3732962
1885 0 3735438
1887 1 3736283
1888 1 3741168
1891 0 3753075
1895 1 3771348
1896 1 3775996
1897 1 3781990
1899 0 3782393
1901 2 3782705
1903 0 3783641
1911 1 3792078
1913 0 3795840
1915 1 3805279
1916 0 3807287
1919 1 3810877
1920 0 3812018
1922 1 3814495
1925 0 3815509
1927 1 3825416
1929 1 3829353
1930 0 3830445
1933 1 3835204
1934 1 3838324
1935 0 3838579
1939 0 3849674
1942 1 3852964
1943 1 3860969
1945 0 3868746
1947 2 3869214
1949 0 3869370
1951 1 3870462
1954 0 3874750
1955 1 3876718
1959 1 3885902
1961 0 3887207
1963 2 3893291
1964 0 3893447
1967 1 3898594
1970 0 3900991
1971 1 3903380
1973 0 3909665
1978 2 3915658
1979 0 3916069
1982 2 3918659
1983 0 3919817
1985 1 3920905
1987 1 3929662
1988 0 3930755
1992 1 3938581
1993 1 3941201
1994 0 3942498
1995 1 3943389
1997 0 3950244
1998 1 3951727
1999 0 3952425
2002 1 3956958
2003 0 3959052
2005 2 3960826
2006 0 3961204
2007 1 3962140
2008 0 3963299
2009 1 3972542
2010 0 3973535
2015 1 3976711
2017 0 3980376
2018 1 3986815
2020 0 3992929
2021 1 3996221
2022 1 3997050
2024 1 4001745
2027 0 4008595
2029 1 4009531
2030 0 4012495
2031 1 4012651
2034 0 4017380
2037 1 4021209
2041 1 4036075
2043 0 4038516
2045 1 4040402
2047 1 4043292
2049 0 4043580
2050 1 4043892
2051 0 4045140
2056 2 4047272
2058 0 4052155
2062 1 4054716
2063 0 4057132
2064 1 4059658
2066 0 4064945
2069 1 4070536
2071 0 4071185
2072 1 4072449
2073 0 4073951
2075 1 4074477
2076 0 4075569
2077 1 4075799
2079 0 4080905
2080 1 4082509
2081 0 4084326
2083 2 4097576
2085 1 4104477
2087 0 4108281
2091 1 4113188
2093 1 4121335
2094 0 4121635
2095 2 4134313
2097 0 4134871
2098 1 4137352
2099 0 4140374
2104 1 4148237
2105 1 4154831
2108 1 4159685
2113 0 4170740
2114 1 4181044
2115 0 4182721
2117 2 4184905
2121 0 4194411
2122 2 4196127
2130 1 4213715
2132 0 4219353
2133 1 4221491
2134 1 4224951
2135 0 4227296
2136 1 4228621
2140 0 4232986
2141 1 4235933
2142 0 4236713
2143 1 4243704
2145 0 4245888
2146 2 4247760
2147 1 4250133
2154 0 4251505
2155 1 4254419
2158 0 4255148
2159 2 4260253
2160 0 4262751
2161 2 4266700
2163 0 4271600
2165 1 4271756
2166 0 4279317
2168 1 4283970
2169 0 4285579
2170 1 4286252
2171 1 4289292
2172 0 4289653
2175 1 4296972
2176 0 4299272
2177 1 4300384
2182 0 4306301
2186 1 4316856
2187 1 4319089
2188 0 4323079
2194 2 4334797
2197 0 4340473
2198 1 4340916
2200 0 4345316
2201 1 4346769
2202 0 4347409
2203 1 4347622
2205 1 4352170
2206 0 4354539
2207 1 4359345
2210 0 4364797
2213 1 4368329
2215 1 4374150
2216 0 4377085
2217 1 4378382
2218 0 4381053
2221 1 4390590
2222 1 4396836
2226 1 4407568
2227 0 4408414
2230 2 4415965
2231 0 4420393
2233 1 4420549
2237 0 4425664
2238 1 4425869
2247 0 4445199
2249 1 4446291
2250 0 4446652
2253 1 4454420
2257 0 4462152
2259 1 4467198
2260 0 4469431
2261 1 4470572
2263 1 4475916
2268 2 4493243
2269 0 4493940
2271 2 4499677
2275 0 4505947
2276 1 4515125
2278 0 4522521
2279 2 4523145
2280 0 4523457
2283 1 4526926
2285 0 4527156
2289 1 4536362
2292 0 4542245
2293 2 4543732
2295 0 4552931
2297 1 4555388
2298 0 4556217
2300 1 4563013
2301 1 4571456
2302 0 4573552
2303 1 4574956
2307 1 4579735
2308 0 4581812
2309 1 4582354
2312 0 4584219
2317 1 4592231
2319 1 4595039
2321 0 4596993
2325 2 4602249
2327 0 4604679
2331 1 4607414
2338 1 4621290
2340 1 4624114
2341 1 4625058
2342 0 4628074
2343 2 4630324
2345 0 4636102
2347 1 4636258
2348 0 4636570
2350 1 4636909
2353 0 4642383
2359 1 4657130
2363 0 4666472
2366 1 4684460
2367 0 4685601
2368 1 4688180
2370 0 4694188
2372 1 4700269
2373 0 4702242
2375 1 4707633
2376 0 4708693
2377 0 4714986
2379 2 4716383
2381 0 4716539
2387 1 4725887
2388 1 4729721
2389 0 4732419
2390 1 4732608
2391 1 4741121
2393 0 4746177
2394 1 4747666
2399 0 4757336
2400 1 4758397
2403 0 4767128
2404 1 4771782
2412 0 4781016
2415 1 4787959
2416 0 4788583
2420 0 4807034
2424 1 4817880
2426 0 4825350
2427 1 4828410
2429 0 4828624
2430 1 4829872
2431 0 4830537
2433 1 4833825
2434 0 4837150
2435 1 4838037
2439 1 4843709
2441 0 4844423
2445 1 4852199
2446 0 4852560
2447 1 4853694
2449 1 4858263
2450 1 4864077
2451 1 4864906
2453 1 4869411
2455 1 4882313
2457 0 4882625
2462 2 4885338
2467 1 4890806
2468 0 4893859
2469 2 4895164
2470 0 4897030
2471 1 4897891
2475 0 4905676
2476 1 4906834
2477 0 4907302
2479 1 4907927
2481 1 4914068
2483 1 4917033
2485 0 4917813
2489 2 4920321
2490 0 4922554
2492 1 4930744
2493 0 4931699
2500 1 4951271
2501 0 4952880
2502 1 4953570
2503 0 4955442
2505 1 4957881
2506 1 4959441
2507 0 4961911
2508 1 4962535
2513 0 4968270
2515 1 4970922
2517 0 4972554
2518 1 4975762
2520 0 4983328
2522 1 4986691
2523 1 4992536
2525 2 5001371
2526 0 5002151
2527 1 5003013
2528 0 5005197
2529 1 5006502
2530 0 5007027
2531 1 5008759
2533 0 5012480
2534 1 5014046
2535 0 5017488
2536 1 5019178
2537 1 5022364
2539 0 5024050
2541 1 5026330
2545 0 5034253
2547 1 5035827
2549 1 5037494
2550 0 5039210
2551 1 5040507
2553 2 5057100
2555 0 5057412
2561 1 5060071
2564 0 5065368
2565 1 5067289
2567 0 5069260
2568 1 5069884
2571 1 5076814
2572 0 5078267
2574 1 5081718
2575 0 5082966
2576 1 5084473
2579 0 5088298
2580 1 5089505
2585 0 5094675
2586 1 5102461
2587 0 5106673
2589 2 5108980
2590 0 5109760
2591 2 5112059
2593 0 5112215
2595 2 5120862
2597 0 5121412
2598 1 5123509
2599 0 5128039
2601 1 5129270
2606 1 5141208
2607 0 5141766
2611 1 5148590
2615 0 5152114
2616 1 5152623
2617 0 5153609
2621 1 5156266
2622 1 5161602
2624 0 5176044
2625 2 5177817
2627 0 5182089
2629 1 5187636
2631 0 5189713
2632 1 5192275
2633 0 5192743
2635 2 5198528
2637 0 5200713
2639 1 5208995
2641 1 5214014
2642 0 5214490
2643 1 5216674
2649 2 5223429
2650 0 5226092
2651 1 5226716
2652 0 5227389
2653 1 5229778
2655 0 5232200
2656 2 5240374
2657 0 5241622
2658 1 5241934
2661 0 5249035
2665 1 5254899
2670 0 5266303
2671 2 5269177
2672 0 5271049
2673 1 5273811
2674 0 5274279
2675 1 5274796
2676 0 5283905
2677 1 5287858
2685 0 5312282
2687 1 5317269
2688 0 5317425
2691 1 5330868
2693 0 5332293
2695 2 5334371
2697 0 5334995
2703 2 5341365
2704 0 5342818
2709 1 5351340
2711 1 5358256
2712 1 5359348
2713 0 5360128
2718 1 5367081
2719 0 5367598
2720 1 5369519
2722 0 5373449
2726 2 5381925
2729 0 5382213
2731 2 5384878
2732 1 5385691
2735 0 5390009
2736 1 5391237
2739 0 5397730
2744 2 5403273
2745 0 5404275
2749 1 5413472
2751 0 5420543
2753 2 5422776
2755 0 5424158
2756 2 5425954
2758 0 5427204
2759 1 5427360
2761 0 5432761
2764 1 5441730
2765 0 5447170
2766 2 5449846
2769 0 5452660
2770 1 5457270
2772 0 5467010
2778 1 5482657
2779 0 5484813
2780 2 5487435
2782 0 5491178
2783 1 5496877
2784 0 5497394
2785 2 5502078
2786 0 5502283
2788 1 5505976
2790 0 5508292
2793 1 5513052
2794 0 5519502
2796 1 5520210
2799 1 5527762
2805 1 5538529
2807 0 5538735
2811 1 5541511
2812 1 5544009
2814 1 5548836
2816 0 5556373
2819 1 5567939
2821 0 5569655
2822 2 5577071
2823 0 5577781
2825 1 5578249
2829 0 5581270
2838 0 5600480
2839 1 5615720
2841 0 5616736
2843 2 5619856
2845 0 5621572
2851 1 5629856
2852 0 5631923
2853 1 5635815
2855 0 5638113
2856 1 5640173
2857 1 5646831
2859 0 5648811
2860 1 5650839
2861 0 5652153
2863 1 5654082
2865 1 5654969
2866 1 5655905
2869 1 5658465
2871 1 5661646
2872 1 5665234
2873 0 5667032
2875 2 5669109
2876 0 5673674
2877 2 5680549
2879 0 5681929
2882 1 5682981
2885 0 5686586
2887 1 5690647
2889 1 5692774
2891 0 5697678
2895 1 5706828
2899 0 5710523
2900 1 5711917
2901 0 5714278
2902 1 5718003
2903 0 5718743
2904 2 5725317
2905 0 5726212
2909 1 5729814
2912 0 5735723
2913 1 5742716
2915 0 5744047
2921 1 5746522
2925 1 5765250
2926 0 5767839
2927 1 5770715
2929 0 5772146
2930 1 5772302
2932 0 5782758
2933 1 5783316
2936 1 5785306
2937 1 5786500
2938 0 5794865
2939 1 5795071
2941 2 5800424
2943 0 5804105
2947 1 5809472
2948 1 5811944
2949 0 5812683
2953 2 5816052
2954 0 5816577
2956 1 5822974
2957 0 5825994
2961 2 5828729
2962 0 5833656
2963 1 5837723
2964 0 5839028
2967 1 5850237
2973 0 5856963
2975 1 5870140
2978 0 5873444
2979 1 5875210
2981 0 5877913
2982 1 5879697
2984 0 5883720
2985 1 5885190
2986 1 5887374
2987 0 5889164
2989 2 5892645
2991 0 5894605
2992 1 5899678
2993 1 5901550
2994 0 5902954
2998 1 5924845
2999 0 5939027
3005 1 5945543
3007 0 5949949
3009 1 5956793
3014 0 5967467
3015 1 5976043
3017 0 5976281
3021 1 5981383
3024 1 5989538
3025 0 5990663
3026 1 5990868
3027 1 6012696
3029 0 6016670
3031 1 6017787
3032 1 6019659
3033 0 6020283
3034 2 6022457
3035 0 6024805
3039 1 6025734
3043 0 6032538
3045 1 6043347
3049 0 6057243
3050 1 6060639
3051 1 6062692
3052 0 6063792
3054 1 6068201
3055 0 6074096
3057 2 6076086
3058 0 6080296
3059 1 6081437
3060 0 6085315
3061 1 6088098
3066 0 6102760
3068 1 6105135
3075 0 6114623
3079 2 6127400
3081 0 6128804
3083 1 6132854
3084 0 6134333
3085 2 6136369
3086 0 6139888
3087 1 6141344
3094 0 6163721
3095 2 6176522
3101 1 6183234
3107 0 6186777
3109 1 6188181
3110 1 6194733
3111 0 6195391
3113 2 6198043
3115 1 6203503
3117 1 6206155
3119 1 6208183
3121 0 6208905
3122 1 6210153
3123 0 6210982
3124 1 6212605
3125 0 6219874
3129 1 6223717
3130 1 6228308
3136 1 6247945
3140 0 6253748
3147 1 6265036
3148 0 6269857
3149 1 6271338
3151 0 6272635
3157 1 6284357
3162 0 6297579
3164 1 6305427
3165 0 6305846
3168 1 6310619
3172 0 6318572
3175 1 6323563
3177 1 6327464
3178 0 6328547
3179 1 6329048
3181 0 6332496
3183 1 6336496
3185 0 6336857
3186 1 6344235
3187 0 6344867
3189 1 6345647
3191 1 6347256
3193 0 6353898
3195 1 6354210
3197 0 6362056
3199 2 6366513
3202 1 6376983
3203 0 6377500
3205 1 6385254
3209 0 6392702
3211 1 6401710
3212 0 6401915
3217 1 6414993
3218 0 6417304
3221 1 6427064
3223 0 6432696
3226 2 6438397
3229 1 6448027
3230 0 6448700
3232 1 6455857
3233 0 6458905
3234 1 6464645
3235 0 6466673
3237 2 6470506
3238 0 6471598
3240 1 6472944
3242 0 6478443
3243 1 6480653
3245 0 6483593
3247 1 6484305
3248 0 6485518
3251 1 6491483
3253 0 6494706
3255 1 6497184
3257 0 6514518
3258 1 6518862
3259 0 6519486
3260 1 6520784
3263 1 6526687
3264 0 6526973
3265 1 6529300
3266 0 6531081
3271 1 6544348
3273 0 6544660
3275 2 6551384
3276 0 6551867
3278 1 6556348
3280 1 6561514
3282 0 6571231
3285 2 6584627
3288 0 6591717
3289 1 6593461
3290 1 6597853
3291 0 6600543
3297 1 6612452
3299 0 6613913
3301 2 6620255
3305 0 6634204
3307 2 6641613
3310 0 6645519
3311 1 6645741
3314 0 6653835
3317 2 6660322
3319 0 6665660
3321 1 6667613
3322 0 6669542
3323 1 6674348
3324 0 6681493
3325 1 6681649
3326 0 6681805
3327 1 6682018
3328 0 6682486
3329 1 6683143
3330 1 6687779
3333 0 6696541
3336 2 6702674
3337 0 6703832
3339 1 6704144
3341 1 6709136
3343 0 6709989
3344 1 6715755
3345 1 6722747
3349 0 6723024
3351 1 6727509
3352 0 6729539
3353 2 6738029
3354 0 6740120
3355 1 6740949
3357 0 6746785
3360 1 6751195
3361 0 6752355
3363 2 6758969
3366 0 6764505
3367 2 6767362
3371 0 6779322
3372 1 6781243
3377 1 6800135
3379 1 6803099
3381 0 6804035
3383 2 6813763
3385 1 6815167
3389 0 6815413
3390 2 6822106
3391 1 6823896
3393 0 6827111
3394 2 6828408
3400 0 6837629
3406 1 6849176
3407 0 6849767
3409 1 6850547
3411 0 6853622
3412 1 6861469
3413 0 6862093
3416 1 6867595
3417 1 6873560
3419 0 6880476
3421 1 6885653
3422 0 6887189
3425 1 6902104
3434 0 6925536
3436 2 6933428
3437 1 6940357
3439 0 6942853
3441 1 6943633
3442 1 6945349
3443 1 6947730
3444 0 6948978
3445 1 6949446
3446 0 6949914
3447 2 6951630
3450 0 6952987
3452 2 6960168
3453 1 6963977
3456 0 6968101
3457 1 6970022
3462 0 6981902
3463 1 6983905
3464 0 6985046
3465 1 6988114
3466 0 6989767
3467 1 6995121
3468 0 6997214
3470 1 7009919
3473 0 7027655
3475 1 7027811
3477 1 7029371
3479 0 7029708
3482 1 7032729
3483 0 7034831
3486 1 7037551
3488 1 7044073
3493 0 7051924
3494 2 7057259
3495 0 7057949
3502 1 7069521
3507 1 7076575
3513 2 7105324
3514 0 7105537
3516 1 7109221
3519 0 7113666
3521 1 7115274
3522 1 7121948
3524 0 7124684
3526 1 7130056
3528 0 7132621
3530 1 7135504
3531 0 7137961
3533 2 7141613
3534 1 7144715
3535 0 7153155
3536 2 7156119
3537 0 7157638
3538 1 7158418
3539 0 7159822
3541 1 7160553
3543 0 7162567
3549 1 7179811
3550 0 7180435
3551 1 7183611
3553 1 7187684
3555 0 7191667
3560 2 7196100
3561 0 7198240
3562 1 7202544
3564 0 7211233
3565 1 7213795
3567 0 7216110
3569 0 7216645
3570 1 7230259
3571 0 7230793
3575 2 7236974
3576 1 7240507
3577 1 7242214
3578 0 7246608
3579 1 7250475
3581 1 7252035
3582 1 7252971
3583 1 7254375
3584 1 7255467
3585 0 7256715
3586 2 7258119
3587 0 7258497
3589 2 7259121
3591 1 7260057
3594 0 7261932
3595 1 7266616
3597 1 7267240
3598 0 7269629
3599 2 7270647
3600 0 7271427
3604 1 7277492
3605 0 7280044
3606 2 7282121
3607 0 7288145
3608 1 7290940
3612 1 7303929
3614 0 7311581
3619 1 7323113
3623 0 7325825
3625 2 7337079
3627 0 7337547
3633 1 7346882
3635 1 7350133
3636 0 7350494
3639 1 7355527
3640 0 7356551
3642 2 7361731
3649 0 7371275
3656 0 7387040
3657 2 7391107
3661 0 7403490
3663 1 7410492
3665 0 7412072
3668 1 7419009
3669 1 7421760
3671 0 7421916
3673 1 7432701
3675 0 7432857
3676 1 7434708
3678 0 7437812
3679 1 7439489
3680 0 7440343
3681 1 7441903
3682 1 7446454
3683 0 7447489
3688 0 7456693
3689 1 7457226
3690 0 7458692
3691 1 7460219
3696 0 7470989
3698 1 7474022
3700 0 7482848
3701 1 7488235
3703 0 7488941
3704 1 7489565
3707 0 7493151
3709 2 7499289
3713 0 7501736
3714 1 7502554
3715 1 7504788
3716 1 7506241
3717 0 7507677
3718 2 7511087
3721 0 7518652
3723 2 7524542
3727 0 7535991
3728 1 7537038
3731 0 7541406
3732 1 7541880
3733 0 7550860
3735 1 7551082
3736 0 7551238
3737 1 7553081
3742 0 7568667
3744 2 7571753
3746 0 7586692
3747 1 7587160
3748 0 7590902
3749 1 7592272
3752 0 7597979
3753 1 7601751
3754 0 7603788
3758 1 7614976
3759 0 7618573
3760 1 7619193
3763 0 7625678
3767 1 7634048
3770 1 7640374
3773 1 7649208
3774 0 7650593
3784 1 7680190
3787 1 7684865
3788 0 7691759
3789 1 7694075
3790 2 7695085
3791 1 7696177
3792 0 7699399
3793 1 7705304
3794 0 7705616
3797 1 7718688
3800 0 7720722
3801 1 7733438
3803 0 7734112
3805 1 7735672
3807 0 7736411
3808 1 7736723
3809 1 7740550
3811 0 7743715
3813 1 7755180
3815 0 7757520
3817 1 7760353
3819 0 7760698
3821 1 7762258
3823 0 7762570
3825 0 7769233
3830 1 7783060
3831 1 7784981
3832 1 7788725
3833 1 7789817
3834 0 7790129
3835 2 7795162
3836 0 7796566
3838 1 7801239
3840 0 7802471
3843 2 7805200
3846 0 7812454
3850 1 7822420
3851 0 7829001
3852 2 7832014
3855 0 7840312
3857 2 7855902
3858 0 7856838
3859 1 7857306
3863 1 7860384
3864 1 7861253
3865 1 7864904
3870 1 7875725
3871 0 7878523
3872 1 7879525
3873 0 7881085
3876 2 7889125
3877 0 7890430
3879 0 7896201
3881 1 7899198
3882 0 7900347
3887 1 7907730
3890 0 7918572
3891 1 7919338
3893 0 7923407
3896 2 7930752
3898 0 7931894
3903 1 7944877
3905 0 7953302
3907 1 7953614
3909 0 7959700
3910 1 7962040
3911 1 7965628
3912 0 7965784
3915 1 7966581
3918 1 7975108
3919 0 7976266
3921 1 7977652
3922 1 7985070
3923 0 7987418
3925 1 7989992
3927 0 7991864
3928 1 7994672
3929 0 7994877
3930 3 8000332
3931 0 8000669
3933 1 8002178
3937 0 8002704
3938 1 8008484
3943 0 8016516
3949 1 8036884
3953 0 8037260
3955 2 8044397
3957 1 8046389
3959 0 8046644
3960 2 8048360
3961 1 8054089
3964 0 8056479
3965 1 8057726
3966 0 8060381
3968 2 8064843
3972 0 8067106
3974 1 8073035
3975 1 8074582
3976 0 8077447
3977 2 8080962
3978 0 8081274
3979 2 8082522
3981 1 8087136
3983 0 8090919
3984 1 8091904
3985 0 8099123
3986 1 8100732
3989 0 8107597
3993 1 8112932
3995 1 8115512
3996 0 8115873
3997 2 8124530
3999 0 8124710
4001 1 8125203
4003 0 8125573
4004 1 8125885
4007 0 8133624
4009 1 8140009
4010 0 8140321
4011 1 8143988
4016 0 8149300
4019 1 8155278
4021 1 8161110
4022 0 8161734
4023 1 8163048
4024 0 8163524
4025 1 8165158
4029 0 8168694
4031 2 8174165
4035 1 8181581
4037 0 8198470
4039 1 8202118
4041 0 8202586
4043 2 8207041
4045 0 8208339
4050 1 8209168
4052 1 8210551
4053 0 8213882
4056 1 8227608
4057 0 8229661
4059 1 8230731
4060 0 8231120
4063 1 8239381
4065 0 8243283
4067 1 8253482
4069 0 8253843
4071 1 8254187
4073 0 8255133
4075 2 8258409
4077 1 8261529
4078 1 8263768
4080 0 8267735
4081 2 8269981
4083 0 8277756
4085 2 8281284
4087 0 8281522
4088 2 8284363
4089 0 8284740
4091 1 8285776
4092 0 8285932
4093 1 8286868
4094 0 8287229
4095 2 8290812
4097 1 8298939
4099 2 8302454
4101 0 8303792
4104 1 8314287
4107 0 8319573
4109 1 8323558
4110 0 8324535
4111 1 8325806
4116 0 8335623
4118 1 8348982
4120 0 8355871
4123 2 8366645
4128 0 8377306
4129 2 8379711
4130 1 8380400
4135 1 8398006
4136 0 8399640
4137 1 8400732
4139 0 8404038
4141 1 8405286
4143 0 8413938
4144 1 8414250
4146 0 8415744
4147 1 8427310
4149 0 8428493
4151 1 8430365
4152 0 8430710
4156 2 8443708
4157 0 8447261
4159 1 8448041
4165 0 8453516
4167 1 8453762
4168 0 8456888
4169 1 8457110
4172 1 8463699
4176 0 8466614
4180 1 8485893
4181 1 8490528
4183 0 8492482
4186 1 8496189
4188 0 8509230
4189 1 8512275
4191 0 8514484
4194 1 8519897
4198 1 8522260
4199 0 8525453
4200 1 8525987
4201 1 8528171
4203 0 8530386
4205 1 8532787
4207 1 8541384
4211 0 8543246
4215 1 8555455
4219 0 8566929
4221 2 8574790
4223 1 8581091
4226 0 8588229
4229 2 8605471
4231 0 8605939
4233 1 8607294
4238 0 8612950
4240 1 8613336
4241 0 8617002
4242 1 8618498
4245 2 8632333
4247 0 8639138
4249 1 8639294
4250 1 8644286
4251 1 8646807
4253 0 8647973
4255 1 8648129
4257 0 8648441
4258 1 8648909
4259 1 8652563
4260 0 8654903
4261 1 8656372
4263 1 8656692
4265 0 8657004
4267 1 8657160
4268 0 8659032
4269 1 8659812
4276 1 8666404
4280 0 8670368
4281 1 8671149
4283 1 8674893
4285 0 8680029
4286 2 8684306
4287 1 8688718
4290 0 8693769
4293 2 8713412
4298 0 8714947
4299 1 8722916
4300 1 8725100
4304 0 8725700
4306 1 8729493
4307 0 8730018
4308 1 8734286
4309 1 8735731
4310 1 8739863
4311 0 8744368
4313 1 8747242
4315 0 8752455
4316 1 8752862
4317 0 8753396
4319 1 8754909
4321 0 8758220
4323 1 8765782
4324 1 8766250
4325 0 8767342
4329 2 8772027
4331 0 8773037
4332 2 8778722
4333 0 8779970
4334 1 8780126
4335 0 8783333
4337 1 8783957
4339 0 8785780
4343 1 8786174
4345 0 8789969
4346 1 8795005
4349 0 8807384
4351 1 8808008
4354 0 8815954
4361 1 8829106
4362 0 8830717
4365 2 8837446
4367 1 8843817
4369 0 8850870
4370 2 8852430
4371 0 8852808
4376 1 8856903
4377 0 8860540
4378 2 8869680
4379 0 8875343
4381 1 8878208
4385 1 8888903
4387 0 8890127
4391 1 8898139
4392 0 8898541
4393 1 8899165
4396 1 8905926
4397 0 8906082
4398 1 8907691
4399 0 8909746
4402 1 8914074
4403 0 8914279
4404 2 8916155
4405 0 8919480
4410 1 8929576
4412 0 8942160
4413 1 8946750
4414 0 8948991
4417 1 8958301
4419 0 8959106
4420 2 8961446
4421 0 8967737
4423 2 8969346
4427 1 8981620
4431 1 9000112
4433 0 9003031
4434 1 9007277
4435 0 9010768
4436 1 9013629
4437 0 9016749
4438 1 9017997
4439 0 9019245
4441 1 9019573
4445 0 9022065
4447 1 9037537
4449 0 9038161
4451 1 9039015
4456 1 9058476
4457 0 9063809
4459 2 9066754
4461 1 9070736
4463 0 9073758
4465 2 9076293
4466 0 9081001
4467 1 9084597
4468 1 9088017
4470 0 9091308
4473 1 9092129
4474 0 9092832
4478 1 9103596
4481 0 9106476
4482 1 9107528
4483 0 9111228
4484 2 9117033
4485 0 9118002
4491 1 9123383
4492 1 9125879
4493 1 9126922
4496 1 9130078
4497 0 9131398
4500 1 9133456
4505 0 9137288
4506 1 9139095
4507 0 9141361
4509 1 9145717
4510 0 9145873
4511 1 9147655
4514 0 9149028
4515 1 9152808
4517 1 9163745
4519 0 9166150
4521 1 9166331
4522 0 9166651
4525 1 9170357
4528 0 9182126
4529 1 9182282
4530 0 9182906
4531 2 9184466
4532 0 9185870
4536 2 9193337
4537 0 9195069
4539 1 9201271
4540 1 9203514
4541 1 9206758
4543 0 9213152
4545 1 9213727
4546 0 9213883
4549 1 9218920
4551 0 9231120
4554 1 9232667
4555 0 9234930
4557 1 9243397
4561 0 9253708
4563 1 9258188
4564 0 9259797
4565 2 9265031
4567 0 9267042
4569 2 9273672
4571 0 9274559
4574 1 9276645
4575 0 9278437
4577 2 9283411
4579 0 9284273
4581 1 9290997
4583 0 9292728
4585 2 9294288
4586 0 9295068
4587 1 9295331
4590 0 9296617
4591 2 9298902
4592 0 9300979
4593 1 9302284
4594 0 9304829
4595 1 9305502
4597 0 9312939
4599 1 9313407
4600 1 9318274
4601 0 9320819
4603 1 9322026
4604 1 9324054
4605 0 9325236
4606 1 9325548
4608 0 9328338
4609 2 9332238
4610 1 9333621
4611 0 9333777
4612 1 9334138
4613 0 9335091
4616 2 9341816
4617 1 9345264
4619 0 9346309
4620 2 9352552
4623 0 9360564
4625 1 9362943
4628 0 9369877
4629 1 9371511
4631 0 9374767
4632 1 9377025
4633 0 9377961
4634 1 9378265
4635 0 9380761
4636 1 9381073
4637 0 9381385
4639 2 9389742
4640 0 9390990
4641 1 9394562
4645 0 9395252
4646 1 9397904
4647 0 9398643
4653 1 9412631
4654 0 9423405
4657 1 9426492
4658 0 9429555
4659 1 9431665
4661 0 9434292
4663 1 9440003
4664 0 9440372
4665 1 9444834
4667 1 9446805
4668 0 9447585
4669 1 9447954
4671 0 9453923
4672 1 9454136
4673 2 9460327
4674 0 9461074
4675 1 9462322
4676 0 9463578
4679 2 9466649
4681 0 9467527
4683 1 9471564
4686 0 9477696
4687 1 9479256
4688 0 9481929
4690 1 9482863
4692 1 9485646
4696 0 9489002
4697 2 9498349
4698 0 9500130
4699 1 9500656
4703 1 9510917
4704 0 9511122
4705 1 9519705
4706 1 9521322
4707 1 9525451
4708 1 9536238
4709 0 9536476
4710 1 9536944
4711 0 9541730
4715 1 9552006
4717 1 9555421
4719 0 9556291
4720 1 9556513
4721 0 9558385
4722 1 9560791
4723 0 9561415
4725 1 9561686
4727 0 9562778
4728 1 9563272
4729 0 9574131
4731 1 9578467
4735 0 9579986
4740 1 9581004
4741 0 9587264
4743 2 9588512
4744 1 9591320
4745 1 9596394
4747 0 9597018
4749 1 9599202
4754 0 9603743
4757 1 9608805
4758 0 9610269
4759 1 9611608
4760 0 9614454
4761 2 9615751
4763 0 9620362
4765 1 9624790
4769 0 9633721
4770 1 9635503
4771 0 9635815
4772 1 9638481
4773 0 9642040
4774 1 9645717
4775 1 9647334
4776 0 9649023
4779 2 9662194
4780 0 9665050
4783 1 9674779
4785 0 9682710
4786 1 9683096
4787 0 9683726
4788 2 9688127
4792 1 9691871
4796 0 9705154
4799 1 9715466
4802 0 9717978
4803 2 9719999
4805 0 9721559
4806 1 9726814
4811 0 9738234
4812 1 9741929
4814 0 9742989
4821 1 9759608
4822 0 9759813
4824 1 9763416
4827 0 9772328
4831 1 9780381
4834 0 9782510
4835 1 9783134
4836 0 9786554
4841 2 9791138
4842 0 9794654
4845 1 9803098
4848 0 9809684
4849 1 9811449
4850 0 9817062
4851 1 9828030
4853 1 9829771
4855 0 9834810
4857 1 9836132
4858 1 9840101
4859 0 9840479
4862 1 9841293
4863 0 9842902
4864 1 9850694
4865 0 9850850
4866 1 9851564
4867 1 9856400
4869 1 9858083
4870 0 9858239
4871 1 9858452
4874 0 9865621
4875 2 9873605
4876 1 9881434
4877 0 9882781
4879 1 9882937
4880 0 9885292
4886 1 9895812
4887 0 9897383
4891 2 9902071
4893 0 9908984
4894 1 9909296
4895 1 9911324
4896 0 9913508
4899 2 9924294
4901 0 9926166
4903 1 9927882
4905 0 9928359
4909 1 9934591
4911 1 9940237
4913 0 9944739
4915 2 9946324
4917 0 9951320
4921 1 9956916
4922 1 9961003
4923 0 9965125
4925 2 9968311
4927 1 9971226
4928 0 9971694
4929 2 9974970
4930 0 9975537
4931 1 9976941
4932 0 9978501
4938 1 9989846
4939 1 9993797
4940 0 9997396
4941 1 9997921
4947 0 10006940
4948 1 10011857
4949 0 10016063
4951 2 10019495
4953 0 10024929
4955 2 10027893
4957 0 10028886
4959 2 10033090
4966 0 10039025
4967 2 10041521
4968 0 10044942
4969 1 10045771
4970 0 10046890
4971 2 10052406
4973 1 10053424
4975 0 10057823
4976 2 10064706
4977 0 10069000
4978 1 10069312
4979 0 10072027
4981 1 10072183
4982 0 10072339
4984 2 10077652
4985 1 10079417
4986 0 10080662
4989 1 10089906
4991 0 10091154
4992 1 10092139
4995 0 10104694
4996 1 10111648
5000 0 10117206
5001 1 10117583
5004 0 10123592
5009 1 10127469
5010 0 10128847
5016 2 10151416
5017 0 10153058
5018 1 10153682
5019 0 10153912
5020 1 10154380
5023 0 10169454
5025 1 10177510
5026 0 10179997
5029 2 10189619
5030 0 10190867
5033 2 10200772
5035 0 10202546
5036 1 10203375
5038 0 10208502
5041 1 10227708
5045 0 10228729
5051 2 10239245
5052 0 10242139
5053 1 10244416
5055 0 10245196
5057 2 10247692
5058 1 10249481
5059 1 10250959
5064 0 10259521
5066 1 10261876
5072 1 10273857
5074 0 10282611
5075 1 10284112
5078 0 10293282
5080 1 10297918
5081 0 10300440
5086 1 10301557
5087 0 10304057
5088 1 10311675
5089 0 10314951
5096 1 10324212
5097 0 10326631
5098 2 10330056
5099 0 10333111
5100 1 10333975
5102 0 10340043
5103 1 10340355
5104 0 10340560
5105 2 10342637
5106 1 10345502
5107 1 10347440
5109 0 10347957
5110 1 10352503
5111 0 10353845
5113 1 10355561
5114 1 10358902
5115 0 10361017
5118 2 10367444
5119 1 10373794
5121 0 10374468
5123 1 10375092
5127 0 10376127
5129 1 10377898
5130 0 10385594
5131 2 10389265
5133 1 10394195
5135 0 10394548
5139 1 10405518
5141 0 10406454
5143 1 10412189
5145 0 10415309
5147 1 10415777
5149 0 10420219
5150 1 10420531
5153 0 10425182
5154 2 10429523
5157 0 10432942
5159 1 10434438
5160 0 10434651
5165 1 10442129
5167 0 10448477
5168 2 10449479
5169 0 10452443
5171 1 10457758
5173 0 10457914
5174 1 10458070
5175 0 10458382
5176 1 10460123
5177 0 10461379
5179 1 10462368
5180 0 10463460
5181 1 10466112
5182 0 10467572
5183 2 10469288
5185 0 10474410
5187 1 10475264
5190 0 10480047
5191 1 10486730
5193 0 10489073
5194 1 10489278
5195 0 10492603
5198 1 10493120
5200 0 10498819
5201 1 10503539
5203 0 10503761
5205 2 10505868
5206 0 10511555
5209 1 10517023
5210 0 10518161
5212 1 10522311
5215 0 10530080
5216 1 10532677
5217 0 10533999
5219 1 10536861
5222 0 10542786
5223 1 10543106
5227 0 10547751
5228 2 10554608
5230 0 10558187
5231 1 10559501
5236 0 10573085
5237 1 10573290
5238 0 10576151
5240 1 10579114
5246 0 10583969
5249 1 10585372
5251 0 10587143
5252 1 10592118
5255 0 10603253
5256 1 10610056
5260 0 10614791
5261 1 10615308
5263 0 10618876
5265 1 10619262
5267 1 10627671
5268 0 10629600
5270 1 10635405
5271 0 10637195
5280 0 10654826
5284 2 10661427
5285 0 10666423
5286 1 10671449
5287 0 10671718
5293 1 10682383
5294 1 10683581
5295 2 10690975
5297 0 10697118
5298 1 10698678
5299 0 10699614
5300 1 10700394
5301 0 10701912
5304 1 10707297
5305 1 10710466
5307 0 10714892
5309 1 10718414
5311 0 10719120
5313 1 10720999
5316 1 10725116
5317 0 10730884
5320 1 10733323
5321 0 10734140
5322 1 10735747
5326 0 10747176
5328 2 10754108
5329 0 10755552
5332 1 10756836
5333 0 10758477
5334 1 10758689
5335 0 10759518
5338 1 10771952
5340 0 10772907
5345 1 10790624
5346 1 10803021
5347 1 10803588
5349 0 10804368
5351 1 10812643
5358 0 10817247
5361 1 10824770
5363 0 10837783
5365 1 10838120
5367 0 10838638
5369 1 10839043
5370 0 10841193
5371 1 10842195
5372 0 10843911
5373 1 10846522
5376 1 10854709
5377 0 10856392
5381 1 10859316
5382 0 10863574
5383 1 10864124
5386 0 10866222
5389 1 10876514
5391 0 10880938
5392 2 10884627
5394 0 10892827
5395 1 10893139
5397 0 10894773
5400 1 10898153
5401 0 10898825
5402 1 10901888
5403 0 10903358
5404 1 10903982
5405 0 10908621
5407 1 10909869
5412 1 10918039
5413 1 10920420
5415 0 10923713
5418 2 10925254
5419 1 10938693
5421 1 10948435
5425 0 10949297
5426 2 10951662
5427 0 10954002
5429 1 10954880
5431 0 10955404
5432 1 10960142
5434 0 10963001
5437 1 10974949
5440 0 10983092
5441 1 10985927
5443 1 10990022
5444 0 10990423
5449 1 11011692
5457 0 11030476
5459 1 11031100
5461 0 11032365
5463 1 11034475
5464 1 11037275
5465 0 11037480
5467 2 11040322
5468 0 11048602
5469 1 11050286
5473 0 11057688
5475 1 11059010
5479 0 11068787
5482 1 11072391
5484 1 11079554
5485 0 11082278
5486 1 11088320
5487 0 11088788
5488 1 11091136
5489 0 11091349
5491 1 11093463
5493 0 11099594
5496 1 11104195
5497 0 11109720
5500 1 11110846
5501 0 11116647
5503 2 11127380
5504 0 11129629
5505 1 11131223
5509 0 11134280
5511 1 11134485
5513 0 11142926
5514 1 11145938
5515 1 11151360
5517 0 11153621
5518 1 11162823
5523 0 11169301
5526 1 11178184
5528 0 11189358
5529 1 11192544
5531 0 11193865
5533 1 11212597
5535 0 11212909
5537 1 11219665
5539 0 11233768
5540 1 11235082
5541 0 11235862
5543 1 11239384
5545 0 11240747
5546 1 11241683
5547 0 11242044
5548 1 11242929
5550 0 11248142
5551 1 11250752
5555 0 11260032
5560 2 11265071
5561 0 11265588
5562 1 11271070
5563 1 11277332
5565 1 11279344
5567 1 11280124
5569 0 11284816
5571 1 11285629
5574 0 11289983
5575 1 11290500
5578 0 11291859
5581 1 11295921
5584 0 11298238
5590 2 11305615
5591 0 11311217
5593 1 11311426
5594 0 11314143
5595 1 11314512
5596 1 11317057
5597 1 11318683
5599 1 11322788
5603 1 11330854
5605 0 11331413
5606 1 11333285
5609 0 11339458
5610 1 11343754
5611 0 11346444
5612 1 11346805
5613 1 11350065
5615 1 11363946
5616 0 11366910
5617 1 11367515
5618 0 11368921
5619 2 11371573
5620 0 11372353
5621 1 11374225
5622 0 11375317
5623 1 11376253
5625 0 11378100
5626 1 11378880
5627 0 11380128
5628 1 11380440
5629 0 11381064
5630 1 11382156
5631 0 11383183
5633 1 11383495
5635 0 11385835
5637 1 11389111
5639 0 11395287
5641 2 11396116
5643 0 11400255
5645 1 11401859
5647 0 11403419
5650 1 11412587
5651 1 11419414
5654 0 11420956
5655 1 11421785
5656 0 11422057
5657 2 11428461
5659 0 11430639
5665 1 11440864
5668 1 11445505
5669 0 11447122
5670 1 11448026
5671 0 11450995
5672 1 11454885
5675 0 11463347
5676 1 11465840
5678 0 11473897
5679 2 11474209
5680 0 11476286
5685 1 11492733
5691 0 11503232
5692 1 11508436
5693 0 11508641
5696 1 11519439
5697 0 11524425
5699 1 11525049
5702 0 11527094
5703 1 11527349
5706 1 11530662
5708 0 11534669
5709 1 11537601
5710 0 11540614
5711 2 11542611
5713 0 11543957
5715 1 11548731
5723 1 11557401
5726 1 11574249
5727 0 11574471
5728 1 11576811
5729 0 11578576
5731 1 11587167
5732 0 11588415
5733 1 11589211
5735 0 11591650
5738 1 11598898
5741 0 11608983
5742 1 11613005
5745 0 11615502
5747 1 11618803
5749 0 11622211
5750 0 11626691
5751 2 11633071
5753 0 11634204
5755 1 11634516
5758 0 11635395
5759 2 11637891
5761 0 11638124
5767 1 11659912
5769 0 11660290
5772 1 11665681
5773 0 11669051
5774 1 11670816
5775 1 11674675
5779 0 11679336
5781 1 11682012
5783 0 11687358
5784 1 11687736
5785 0 11688204
5786 1 11691215
5787 0 11695477
5788 1 11696470
5789 0 11698339
5793 1 11711820
5797 1 11714492
5801 0 11722813
5802 1 11723125
5803 0 11724038
5806 1 11733426
5808 0 11735233
5810 1 11738609
5811 0 11740246
5812 2 11749402
5813 1 11754876
5816 0 11761794
5817 1 11764934
5819 0 11766420
5820 2 11771393
5827 0 11792069
5830 1 11799462
5831 0 11809551
5834 1 11813329
5835 0 11830579
5837 1 11831047
5838 1 11837476
5839 1 11841108
5841 0 11841355
5842 1 11841979
5843 0 11844193
5845 1 11845055
5846 0 11847099
5847 2 11849037
5851 0 11866332
5853 1 11866989
5854 1 11870265
5855 1 11872293
5856 0 11872449
5857 1 11873385
5858 0 11873549
5859 1 11875594
5861 0 11876062
5862 1 11876218
5863 0 11876998
5865 1 11878402
5867 1 11879806
5868 1 11885089
5873 0 11903499
5875 1 11904041
5877 1 11908419
5879 0 11912927
5883 1 11922296
5884 0 11924537
5885 2 11926770
5888 0 11936932
5889 1 11937088
5891 0 11938536
5892 1 11938848
5894 1 11941730
5895 0 11946596
5898 2 11954339
5899 0 11957057
5900 2 11957681
5901 0 11958207
5903 1 11958839
5905 0 11959619
5907 2 11961056
5908 0 11961261
5909 1 11962131
5912 0 11969387
5915 1 11973225
5918 0 11973414
5920 1 11975099
5921 0 11977438
5923 1 11986874
5932 1 12003464
5933 0 12004277
5935 1 12009644
5937 0 12011914
5938 1 12015647
5942 0 12024663
5946 2 12036833
5948 1 12042208
5949 0 12043459
5951 2 12053113
5952 0 12053893
5953 2 12055141
5954 0 12057793
5955 1 12058573
5957 1 12063490
5959 1 12068531
5960 0 12069376
5961 1 12079757
5963 0 12080562
5964 1 12082326
5965 0 12083631
5966 1 12086241
5969 0 12094197
5970 2 12097076
5973 0 12104839
5975 1 12106010
5977 0 12108410
5980 1 12113102
5981 0 12114243
5983 1 12114949
5984 0 12116596
5985 1 12120233
5990 0 12129544
5992 1 12133857
5993 0 12136146
5994 1 12148773
5998 0 12154860
6003 1 12170425
6004 0 12171677
6006 1 12176291
6007 0 12177744
6008 1 12179531
6010 0 12190500
6014 1 12194263
6015 0 12196176
6017 1 12198753
6019 0 12199114
6023 1 12213133
6025 0 12213314
6026 1 12215654
6029 0 12216696
6031 2 12222211
6033 1 12223870
6036 0 12230919
6037 2 12232528
6039 0 12232758
6041 1 12238558
6042 0 12248112
6044 1 12253970
6047 0 12262299
6050 2 12266039
6052 1 12269085
6053 0 12270993
6054 1 12276766
6055 0 12277825
6057 2 12284330
6059 0 12288518
6061 1 12289274
6063 0 12289898
6065 1 12295607
6066 1 12297635
6070 0 12304386
6071 1 12304920
6072 1 12307104
6077 0 12311560
6078 2 12316391
6079 0 12320844
6080 1 12330887
6081 0 12333096
6082 1 12333252
6083 0 12333580
6084 2 12338942
6085 0 12340034
6087 1 12340683
6089 0 12344482
6092 2 12353337
6093 0 12357737
6094 1 12365978
6097 0 12368352
6099 1 12375502
6100 0 12381794
6103 1 12391698
6105 0 12394974
6106 2 12396690
6107 1 12399342
6109 0 12399637
6110 1 12400105
6115 0 12404343
6118 1 12415314
6119 0 12419639
6124 2 12424224
6125 0 12424947
6127 1 12427131
6129 1 12433491
6130 0 12435534
6131 1 12436446
6132 1 12438343
6134 0 12453745
6135 1 12457679
6137 0 12464763
6139 2 12467776
6143 0 12471350
6145 1 12475982
6146 2 12482887
6150 0 12489334
6151 1 12489703
6152 0 12490344
6153 1 12500625
6155 1 12505461
6156 0 12505625
6159 1 12508178
6161 0 12509582
6162 1 12509803
6164 0 12513234
6167 1 12515204
6168 0 12516632
6173 2 12533117
6174 0 12535231
6177 1 12541220
6179 0 12545989
6183 1 12556231
6185 2 12570385
6187 0 12579788
6188 1 12582908
6189 0 12583376
6190 1 12584673
6193 0 12593196
6194 1 12595557
6196 0 12597991
6197 1 12598825
6198 0 12599342
6204 1 12617124
6206 1 12629095
6207 0 12629407
6208 1 12630811
6209 0 12631123
6211 1 12632667
6212 0 12633291
6213 1 12635163
6215 0 12636247
6216 1 12637027
6217 0 12637495
6218 1 12639745
6219 0 12639966
6221 1 12643046
6223 0 12648665
6226 1 12662422
6227 0 12664506
6230 1 12668189
6231 0 12670937
6233 1 12673955
6235 0 12675219
6236 2 12676352
6237 0 12677009
6239 1 12683136
6240 1 12684901
6243 0 12689325
6246 1 12694617
6248 0 12699832
6250 2 12707816
6253 0 12723760
6254 1 12724540
6255 0 12725394
6256 1 12725550
6257 0 12730153
6258 2 12733235
6261 0 12737919
6263 1 12738617
6267 0 12751422
6269 2 12757598
6271 1 12760550
6273 0 12761755
6274 1 12761911
6279 0 12772063
6281 1 12780178
6282 0 12782085
6283 2 12782825
6287 0 12797558
6289 1 12798851
6290 0 12801283
6291 2 12807345
6293 0 12809611
6294 1 12812021
6295 0 12812333
6297 1 12814844
6298 0 12817747
6299 1 12820420
6300 4 12834456
6301 0 12835720
6305 2 12839778
6306 0 12840467
6307 1 12844424
6308 0 12850619
6309 2 12853427
6311 0 12854751
6313 1 12855687
6316 0 12857190
6317 1 12857551
6319 0 12860490
6320 1 12861807
6322 0 12866209
6323 1 12867092
6324 0 12867681
6326 1 12875572
6330 0 12880194
6335 2 12891676
6336 0 12893621
6340 1 12902363
6343 0 12913617
6345 1 12924242
6346 0 12933640
6347 1 12933796
6349 0 12934806
6351 1 12935200
6353 0 12942994
6355 1 12948022
6358 0 12952524
6359 2 12958764
6360 0 12960585
6361 1 12961053
6362 0 12961365
6364 1 12965265
6366 0 12968532
6367 1 12970712
6368 0 12973466
6372 1 12978406
6374 0 12981404
6375 2 12982504
6376 0 12984707
6377 1 12990849
6378 1 12992930
6379 0 12997127
6382 1 13002389
6383 2 13003744
6385 0 13012111
6386 1 13019172
6391 1 13031782
6392 0 13032909
6395 1 13036767
6396 0 13038532
6399 1 13043451
6402 0 13052420
6403 1 13052732
6407 0 13064152
6411 1 13066949
6413 0 13074560
6415 1 13075028
6417 1 13076596
6422 0 13078333
6425 1 13079492
6427 0 13086471
6428 2 13089591
6429 0 13091582
6431 1 13097225
6432 1 13112592
6433 0 13119879
6434 1 13121385
6436 0 13124799
6437 1 13126598
6439 2 13130507
6441 0 13131238
6444 1 13133419
6445 0 13135348
6448 2 13144470
6450 0 13152839
6451 1 13156164
6455 1 13159608
6457 0 13160651
6458 1 13162704
6459 0 13165208
6460 1 13166707
6463 0 13177195
6466 1 13187504
6467 0 13191071
6469 1 13191794
6470 0 13192886
6471 1 13195637
6473 0 13195793
6480 2 13206712
6481 0 13208212
6483 1 13208836
6485 0 13209460
6486 1 13210772
6487 0 13214444
6488 1 13215330
6489 0 13217389
6490 1 13220587
6491 1 13228955
6492 1 13232444
6493 0 13238573
6495 2 13240445
6499 0 13242555
6501 1 13244201
6504 0 13245825
6505 1 13250460
6515 0 13272133
6517 1 13283350
6518 0 13285271
6521 1 13290533
6522 0 13295727
6523 1 13301916
6525 0 13302614
6526 1 13305901
6527 0 13307412
6529 2 13309752
6532 0 13322083
6535 0 13328547
6536 1 13329193
6537 0 13332071
6541 1 13332440
6542 0 13333409
6545 1 13340275
6547 1 13343863
6549 0 13344159
6553 2 13347338
6555 0 13347749
6558 2 13353538
6559 0 13355911
6560 3 13363916
6561 0 13364667
6563 1 13364823
6567 0 13370612
6569 2 13389684
6571 1 13394575
6572 0 13395043
6573 1 13395667
6574 1 13409191
6579 0 13409545
6580 1 13414069
6581 0 13415588
6584 1 13419121
6586 0 13422342
6587 1 13426922
6589 0 13428954
6590 1 13429159
6592 1 13434745
6596 0 13444295
6597 1 13444812
6599 0 13446593
6601 1 13448812
6604 0 13457857
6605 1 13458481
6606 0 13458782
6609 1 13464583
6611 0 13467179
6614 1 13471095
6618 1 13481008
6621 0 13490235
6625 1 13500365
6627 1 13507433
6629 0 13508657
6630 2 13512121
6637 0 13520211
6639 1 13524369
6643 0 13528559
6649 1 13537882
6652 0 13541026
6655 1 13554769
6659 0 13563059
6661 2 13566122
6663 1 13569316
6664 0 13583449
6665 2 13585945
6667 0 13586183
6668 1 13587119
6674 2 13603796
6675 0 13609429
6676 2 13611662
6680 0 13622225
6683 1 13631286
6686 0 13632276
6687 1 13633700
6690 0 13642269
6694 1 13658985
6695 0 13659609
6696 1 13661062
6698 0 13665027
6700 1 13674788
6702 0 13681336
6703 1 13682272
6705 0 13687888
6709 0 13699011
6710 1 13703436
6713 1 13713147
6714 0 13717494
6715 1 13720439
6717 0 13722467
6719 1 13722631
6720 0 13722943
6723 1 13724882
6728 0 13733527
6729 1 13739863
6731 0 13740381
6734 1 13742336
6735 0 13745252
6736 1 13745457
6737 0 13751434
6741 1 13751812
6744 0 13756889
6745 1 13763388
6747 0 13775080
6749 2 13781466
6753 0 13788878
6754 1 13790756
6755 0 13791968
6759 0 13801991
6760 1 13802913
6761 0 13806098
6763 1 13812277
6768 0 13815666
6771 1 13818703
6773 1 13823339
6779 1 13835985
6780 1 13837710
6781 0 13846090
6785 1 13847762
6787 0 13848797
6788 1 13849265
6792 0 13860195
6794 2 13867407
6800 0 13880947
6801 1 13881259
6803 1 13890561
6805 0 13891809
6806 2 13892433
6807 0 13893837
6809 2 13897078
6811 0 13897712
6813 2 13898492
6817 0 13899658
6818 1 13900019
6819 0 13903399
6820 1 13907052
6821 0 13913560
6822 2 13919020
6823 0 13921672
6824 1 13922920
6825 0 13923232
6827 0 13924678
6829 1 13925146
6831 1 13929202
6837 0 13929522
6839 1 13929686
6841 0 13929908
6842 1 13930196
6843 0 13934621
6845 1 13938204
6846 0 13940856
6851 1 13943707
6852 0 13946596
6853 1 13958305
6855 0 13958822
6856 1 13960041
6857 0 13961984
6859 1 13964290
6861 0 13976093
6863 1 13976555
6865 0 13976711
6867 2 13979207
6869 1 13983781
6875 1 14000560
6877 0 14001143
6878 1 14001455
6879 1 14004947
6880 0 14006039
6881 1 14006663
6885 0 14007062
6886 1 14008031
6887 1 14012242
6889 0 14015575
6891 2 14023638
6892 0 14024418
6898 2 14029899
6899 1 14031508
6901 1 14034546
6903 0 14039988
6904 2 14041704
6905 0 14042794
6907 1 14046273
6909 0 14047202
6911 1 14055529
6916 0 14060264
6917 1 14062482
6918 0 14064837
6919 1 14066118
6921 1 14070051
6922 0 14070888
6924 1 14073339
6926 0 14080188
6927 1 14084656
6928 0 14084861
6929 1 14088560
6930 0 14090432
6931 1 14090900
6932 0 14095119
6935 2 14105405
6937 0 14105660
6939 1 14106128
6941 0 14109898
6942 1 14114285
6943 0 14114482
6946 1 14118183
6949 0 14122068
6953 1 14127914
6955 0 14131858
6960 1 14135020
6962 0 14143345
6963 2 14144734
6965 0 14145615
6966 2 14147257
6967 0 14148226
6968 1 14148431
6974 0 14165276
6975 1 14166113
6978 0 14176700
6980 1 14182351
6981 0 14186543
6986 1 14196464
6987 0 14198396
6989 2 14203148
6991 0 14203854
6992 2 14209967
6995 0 14218444
6997 1 14218830
6998 0 14221395
7000 1 14224623
7001 1 14227505
7003 0 14228047
7005 1 14228355
7008 0 14237674
7014 1 14251156
7017 0 14264950
7019 1 14266418
7021 0 14266796
7022 2 14267732
7023 0 14271137
7024 1 14272887
7025 0 14273805
7026 1 14276342
7027 1 14279199
7029 0 14286320
7031 2 14290393
7037 0 14297154
7039 1 14298074
7041 0 14299478
7043 1 14299708
7044 1 14304835
7045 0 14311224
7046 1 14314633
7047 0 14318964
7048 1 14327918
7049 0 14328903
7051 1 14330266
7052 1 14332343
7055 0 14333850
7058 1 14345244
7059 0 14349976
7061 1 14350321
7063 0 14357881
7065 0 14364154
7066 2 14366644
7069 1 14372113
7072 0 14398539
7077 1 14405584
7079 0 14408805
7081 1 14412187
7087 0 14420421
7088 2 14422498
7089 0 14426696
7091 2 14430132
7093 1 14433281
7094 0 14433486
7096 2 14443862
7097 1 14445816
7099 0 14446489
7101 1 14451141
7104 0 14453476
7105 1 14454960
7106 0 14457437
7108 1 14463673
7110 0 14468528
7111 1 14470434
7113 0 14477942
7115 1 14478927
7119 0 14481224
7120 1 14488538
7122 0 14489622
7123 1 14490919
7124 1 14495525
7125 0 14504385
7130 2 14513433
7131 0 14513996
7133 2 14522973
7134 1 14524385
7135 1 14524853
7136 0 14526413
7137 2 14528441
7140 1 14536247
7141 0 14538119
7142 1 14540056
7143 0 14540311
7145 1 14541247
7147 0 14549396
7153 1 14559005
7154 1 14560770
7155 0 14564581
7159 1 14578688
7160 0 14584227
7161 1 14585163
7163 1 14589614
7165 0 14589770
7166 2 14594967
7169 0 14595666
7171 1 14598006
7175 0 14598581
7176 1 14600453
7177 0 14601775
7179 2 14605606
7181 0 14605762
7193 1 14625333
7195 0 14634574
7202 0 14646793
7203 1 14653100
7205 0 14656659
7208 1 14660772
7209 0 14663652
7210 1 14663887
7213 1 14669043
7215 1 14674989
7217 0 14677793
7219 2 14681923
7220 0 14682448
7221 2 14686247
7222 0 14690827
7223 2 14692387
7226 0 14699253
7228 1 14701472
7232 0 14712070
7237 1 14719112
7239 0 14730495
7247 1 14757917
7248 1 14763904
7249 0 14767636
7250 1 14770855
7251 0 14772883
7254 2 14782533
7255 1 14786386
7257 0 14788258
7258 1 14789095
7259 0 14799133
7261 1 14801752
7263 0 14802532
7264 1 14806070
7265 0 14807520
7266 1 14812703
7267 0 14814214
7270 2 14819685
7272 0 14820800
7273 2 14824171
7275 0 14833705
7276 1 14836819
7277 0 14839364
7278 1 14839741
7280 1 14842887
7283 1 14848689
7288 0 14850495
7289 2 14852366
7291 0 14859641
7292 1 14862465
7296 0 14869250
7298 1 14874312
7302 0 14878690
7303 1 14879232
7307 0 14883278
7309 1 14886423
7311 0 14892733
7315 1 14902715
7316 0 14904020
7318 1 14907880
7319 0 14909021
7322 1 14915020
7324 1 14918742
7325 0 14925055
7326 1 14928982
7327 0 14954527
7328 1 14955968
7329 0 14957802
7330 1 14958475
7333 0 14965963
7335 1 14966177
7336 0 14966645
7337 1 14967162
7338 0 14968661
7339 2 14972448
7342 1 14980355
7348 1 14994277
7349 0 14995923
7350 1 14998435
7351 0 15000824
7353 1 15002264
7354 0 15002420
7355 2 15008085
7357 0 15008528
7360 1 15014186
7362 0 15019233
7363 1 15020563
7364 0 15022123
7367 1 15027635
7371 0 15035941
7373 1 15039941
7374 0 15042749
7376 1 15045042
7378 1 15057148
7379 0 15059054
7381 2 15064046
7383 0 15064358
7384 1 15065138
7385 0 15065728
7388 1 15071765
7389 0 15073307
7390 2 15077256
7391 1 15080056
7393 0 15080368
7394 1 15082552
7395 1 15086452
7396 0 15087544
7402 1 15101713
7403 0 15103476
7404 1 15105941
7407 0 15124595
7408 1 15126360
7411 0 15135535
7413 1 15139074
7416 1 15146045
7417 0 15146579
7419 1 15146801
7421 1 15149091
7422 0 15149296
7423 2 15153186
7425 0 15154279
7426 1 15155108
7428 0 15165207
7429 1 15176478
7430 1 15185298
7431 0 15186390
7440 1 15208269
7441 0 15209001
7443 2 15210725
7446 0 15214851
7447 1 15216168
7448 0 15216381
7449 1 15220065
7451 0 15220997
7459 1 15250631
7463 0 15273206
7464 1 15274155
7465 0 15275819
7466 1 15279401
7468 0 15280213
7469 1 15280870
7470 1 15287301
7477 0 15309371
7481 1 15312792
7482 0 15313808
7485 1 15322111
7487 0 15323047
7489 1 15328048
7491 1 15333980
7495 1 15338762
7504 0 15358094
7505 1 15363117
7507 0 15363922
7509 1 15364366
7511 0 15364678
7513 1 15365697
7515 1 15373147
7517 0 15377973
7520 1 15387404
7521 0 15388077
7523 2 15400052
7525 1 15403501
7527 1 15404905
7530 0 15405915
7531 2 15409503
7533 1 15411793
7534 0 15413986
7535 2 15420955
7538 1 15421990
7539 1 15426670
7540 0 15427138
7541 1 15427294
7544 0 15431825
7549 1 15451344
7551 0 15451500
7553 0 15456906
7554 1 15457144
7555 1 15460420
7556 0 15464394
7557 1 15465018
7558 1 15467899
7559 0 15468268
7560 1 15468753
7561 0 15474365
7563 1 15476294
7564 0 15480598
7565 2 15483874
7566 0 15485278
7567 2 15490738
7569 1 15491910
7570 0 15492534
7571 2 15496771
7573 0 15498831
7577 1 15500623
7579 1 15506964
7580 0 15507412
7583 1 15511541
7584 0 15512740
7585 2 15515969
7588 0 15520890
7589 1 15522138
7590 0 15522499
7591 1 15525266
7593 0 15531569
7594 2 15533358
7595 0 15535772
7597 1 15536051
7600 0 15537192
7602 2 15544905
7603 1 15548714
7605 1 15550364
7607 0 15554378
7608 1 15555626
7609 0 15555995
7610 1 15556988
7612 0 15560925
7615 1 15565337
7618 0 15569310
7621 3 15581385
7622 0 15582239
7623 1 15582551
7625 0 15586359
7629 1 15589426
7633 1 15597203
7634 0 15597876
7635 1 15599608
7636 1 15603564
7641 0 15613432
7642 1 15615626
7644 0 15623711
7645 1 15628799
7647 0 15635586
7648 2 15637766
7650 1 15648661
7651 0 15648981
7652 2 15649449
7653 0 15649761
7654 1 15650541
7655 1 15651485
7656 0 15653825
7657 1 15655352
7659 0 15657224
7660 1 15661974
7661 1 15664701
7662 0 15667453
7663 1 15669335
7664 0 15669933
7665 1 15676167
7667 1 15679835
7668 0 15685132
7669 1 15687382
7672 0 15690792
7674 1 15700416
7681 0 15718014
7682 1 15719106
7683 0 15720116
7684 2 15721364
7685 0 15723454
7687 1 15726683
7689 0 15733562
7690 2 15736162
7692 0 15740475
7694 2 15742831
7699 0 15764141
7705 1 15767923
7707 1 15772664
7708 0 15773493
7715 2 15802139
7721 0 15802575
7723 1 15805509
7725 0 15811383
7726 1 15811810
7727 0 15813214
7728 1 15813994
7729 0 15815012
7730 2 15817196
7732 0 15819006
7733 1 15819679
7734 1 15825032
7735 0 15825319
7738 1 15830032
7740 0 15835604
7741 1 15838026
7744 0 15844026
7745 1 15845061
7748 0 15845983
7753 1 15859854
7755 0 15865517
7756 1 15868860
7757 1 15873680
7759 0 15880964
7763 1 15882194
7764 1 15887270
7765 0 15890784
7768 1 15899597
7769 2 15909005
7772 1 15915621
7773 0 15916533
7775 1 15916689
7778 1 15928974
7779 0 15929664
7781 1 15932235
7784 1 15939895
7785 0 15942984
7790 2 15952742
7791 0 15953754
7792 1 15954534
7796 0 15957465
7799 2 15968316
7800 0 15970032
7801 1 15970432
7805 1 15974015
7807 0 15979005
7808 1 15979522
7810 0 15991248
7811 1 15992857
7813 0 16012621
7815 1 16014670
7819 0 16027147
7820 1 16031876
7821 2 16051369
7828 0 16053676
7829 1 16055548
7830 1 16062318
7831 0 16069299
7833 1 16072263
7839 0 16075088
7841 1 16077272
7842 0 16078676
7843 1 16079325
7845 0 16079637
7850 1 16082730
7852 1 16086281
7855 0 16099165
7857 1 16102048
7861 0 16102910
7862 1 16103690
7863 0 16107257
7864 1 16109377
7865 0 16110157
7867 2 16114885
7869 0 16115427
7872 1 16124477
7875 1 16139406
7877 0 16139644
7879 2 16142554
7883 0 16143720
7885 1 16145356
7887 0 16152475
7888 1 16155502
7889 1 16158415
7893 1 16165857
7895 0 16166169
7896 0 16176721
7900 1 16181095
7901 1 16190275
7908 0 16201714
7914 1 16217534
7916 0 16219022
7917 1 16221485
7919 0 16221641
7921 1 16231118
7923 0 16233629
7927 1 16235098
7928 0 16237605
7930 2 16241099
7931 0 16241460
7932 1 16248144
7934 0 16254617
7937 1 16258754
7939 1 16267224
7941 1 16276064
7943 1 16278215
7944 0 16278683
7945 2 16279389
7949 0 16294024
7950 1 16297807
7953 1 16304652
7957 0 16309049
7958 2 16320555
7959 1 16323905
7965 0 16331205
7966 1 16333700
7967 0 16335230
7969 1 16345451
7972 1 16348136
7973 0 16349825
7976 1 16364349
7977 0 16366500
7978 1 16372600
7979 0 16373692
7986 1 16380542
7988 1 16390078
7989 1 16391548
7990 0 16392861
7991 2 16399620
7993 0 16399776
7995 2 16400786
7997 0 16413291
7998 1 16414613
7999 0 16414793
8000 1 16415417
8001 0 16416772
8007 1 16438559
8009 0 16440431
8011 1 16440703
8013 0 16447221
8016 1 16450505
8017 0 16451137
8018 1 16451293
8021 0 16456192
8023 2 16465536
8025 0 16466415
8029 2 16476719
8031 0 16479758
8034 2 16485167
8035 0 16492905
8040 1 16498077
8043 0 16503495
8045 2 16504440
8047 0 16504596
8048 1 16506156
8051 0 16514829
8059 1 16529483
8060 1 16532579
8063 0 16534902
8065 1 16539256
8067 0 16547004
8071 1 16556905
8073 1 16558983
8076 0 16566928
8077 2 16569709
8079 1 16571495
8083 1 16577080
8084 0 16580445
8086 1 16585205
8088 0 16590773
8089 1 16591353
8092 0 16603897
8093 1 16613013
8096 0 16615558
8097 2 16616387
8100 0 16623739
8101 1 16624831
8102 0 16629148
8113 2 16645225
8115 1 16647015
8116 0 16649222
8117 1 16650519
8118 0 16651832
8120 1 16656148
8123 0 16660129
8124 1 16660482
8125 0 16660827
8127 1 16662769
8129 0 16664590
8130 1 16664795
8131 0 16665140
8132 2 16670528
8133 0 16671831
8135 1 16672299
8139 0 16683439
8140 2 16684892
8145 1 16697700
8146 0 16697856
8147 1 16699572
8148 0 16699884
8149 1 16700040
8151 0 16703792
8152 1 16704104
8153 0 16705040
8154 1 16706456
8155 0 16711193
8157 1 16712104
8159 0 16712653
8160 2 16718593
8161 0 16722067
8163 1 16722223
8165 1 16725031
8167 1 16726870
8171 0 16727092
8172 1 16728340
8173 0 16731513
8174 1 16735681
8176 0 16747277
8177 2 16750549
8178 0 16754836
8180 0 16764615
8181 1 16766085
8184 0 16766877
8186 1 16770939
8190 0 16776071
8191 1 16783264
8193 0 16783732
8194 1 16787010
8197 0 16788493
8198 1 16792259
8199 0 16794433
8200 2 16795837
8201 0 16797306
8202 1 16798308
8203 0 16798776
8204 2 16803645
8206 0 16808077
8207 1 16808290
8208 0 16809996
8209 1 16814444
8213 0 16827552
8214 1 16830887
8218 0 16838203
8219 1 16845001
8229 0 16871656
8231 1 16880074
8233 0 16881790
8237 1 16886969
8244 1 16902985
8246 0 16904463
8250 1 16909730
8251 1 16911668
8256 1 16927010
8258 0 16929350
8264 1 16944275
8265 0 16946887
8266 1 16952610
8267 0 16952922
8269 1 16960499
8270 0 16975373
8271 2 16979676
8272 1 16984986
8273 1 16988163
8275 0 16990271
8277 1 16991675
8279 0 16992611
8280 1 16994171
8281 0 16996736
8283 1 16997672
8287 0 16999825
8290 1 17005157
8291 1 17009093
8292 1 17012615
8293 0 17014487
8294 1 17015021
8295 0 17015957
8297 1 17019228
8299 0 17021594
8301 2 17023392
8305 0 17029972
8306 2 17038191
8311 1 17063501
8312 0 17064782
8313 2 17065414
8314 0 17065914
8315 1 17066785
8317 1 17068033
8319 0 17068711
8321 1 17069187
8322 1 17071436
8328 0 17086553
8331 1 17094070
8334 0 17096231
8335 1 17097998
8337 1 17106905
8339 1 17108917
8340 0 17109229
8341 1 17110789
8342 0 17111569
8344 2 17117734
8349 0 17123234
8352 1 17130571
8353 0 17130957
8354 1 17132829
8355 0 17133042
8356 1 17134377
8357 0 17135830
8359 1 17136224
8361 0 17138182
8363 2 17142360
8366 0 17145480
8367 1 17147097
8368 1 17149806
8370 0 17153603
8371 1 17154457
8372 0 17155237
8376 1 17162260
8380 0 17169410
8381 1 17170476
8383 0 17170632
8385 2 17170944
8387 1 17175205
8389 1 17178407
8391 1 17182327
8393 0 17182639
8395 2 17183575
8398 0 17186944
8400 1 17188355
8401 1 17191345
8404 1 17211211
8407 0 17217795
8409 1 17221672
8411 0 17224307
8413 2 17226368
8414 0 17228141
8421 2 17236078
8422 1 17240813
8423 0 17242430
8424 1 17243605
8425 0 17247078
8426 1 17247455
8427 0 17248791
8428 1 17249947
8431 1 17258981
8433 0 17259375
8434 1 17261947
8439 0 17265864
8443 1 17276087
8445 0 17278075
8449 1 17298707
8450 0 17300004
8452 2 17302125
8453 0 17302806
8456 1 17305224
8457 0 17305739
8459 2 17312597
8460 0 17314520
8463 1 17321092
8465 1 17323337
8467 0 17329569
8471 1 17338428
8473 1 17339520
8475 0 17339988
8481 1 17341027
8482 0 17342868
8485 1 17343991
8488 0 17348651
8489 1 17350572
8490 0 17352925
8491 1 17353237
8492 0 17354173
8495 1 17361803
8497 0 17367470
8498 2 17370749
8499 0 17370962
8501 1 17373454
8502 0 17373815
8503 1 17374892
8504 0 17378243
8505 1 17378777
8510 0 17391717
8511 2 17396336
8514 0 17399479
8515 2 17403612
8518 1 17411424
8522 0 17419114
8523 1 17421910
8525 0 17429847
8527 1 17430315
8529 0 17431970
8531 1 17437740
8537 0 17454379
8539 1 17457548
8540 0 17457753
8541 1 17459978
8544 1 17470338
8547 0 17471068
8548 1 17482785
8550 0 17485633
8551 1 17486550
8552 0 17488505
8553 1 17490911
8554 0 17491272
8555 1 17494911
8557 0 17495141
8559 2 17502555
8561 1 17506997
8563 0 17509965
8565 1 17517499
8566 0 17519748
8568 1 17519978
8570 0 17521451
8571 1 17523380
8573 1 17532886
8575 0 17534224
8576 1 17535521
8578 0 17537076
8580 1 17549540
8581 0 17550033
8583 1 17551125
8584 0 17556960
8585 1 17557216
8587 0 17557528
8589 1 17559917
8591 0 17565545
8593 1 17565857
8595 0 17569215
8598 1 17578342
8600 0 17582557
8604 2 17594697
8605 0 17595576
8609 1 17604814
8611 0 17615927
8614 1 17621984
8616 0 17626504
8617 2 17631853
8620 1 17638377
8621 0 17639105
8627 2 17642089
8628 0 17645295
8629 1 17646624
8633 1 17651482
8637 1 17668110
8640 1 17677850
8641 0 17680034
8642 1 17681191
8645 0 17690380
8647 1 17691472
8652 0 17697382
8653 1 17700707
8656 1 17707390
8659 0 17710452
8661 0 17726323
8663 1 17729181
8668 1 17731258
8669 1 17734107
8673 0 17740381
8674 2 17744092
8675 0 17746120
8676 1 17747056
8677 0 17747753
8678 2 17753176
8679 0 17754419
8682 2 17759064
8684 0 17760909
8688 2 17769728
8695 0 17787375
8698 1 17792574
8700 0 17793658
8703 1 17798299
8704 0 17802844
8705 1 17804248
8707 0 17804486
8708 1 17810734
8712 0 17822675
8714 1 17827339
8715 0 17828505
8716 2 17829909
8717 0 17833733
8718 1 17834264
8719 1 17840719
8721 1 17846959
8723 1 17851240
8725 0 17851396
8727 2 17854048
8728 0 17855452
8729 1 17856737
8731 0 17859472
8732 2 17860753
8733 1 17872605
8734 0 17873574
8738 1 17878263
8741 1 17888439
8743 0 17888850
8745 1 17897280
8747 0 17897436
8748 2 17898216
8749 1 17902135
8753 1 17910059
8755 0 17910215
8757 2 17910839
8759 0 17911184
8760 1 17912876
8761 1 17914173
8762 1 17917623
8763 0 17919375
8764 1 17920976
8765 0 17922874
8767 1 17924850
8769 0 17932906
8770 2 17934808
8773 1 17940284
8776 0 17947624
8777 1 17949255
8778 0 17950115
8781 1 17956172
8783 1 17968583
8785 0 17969519
8787 1 17970143
8788 1 17971890
8789 0 17972514
8794 1 17986094
8797 0 17991091
8802 2 18004328
8807 0 18011229
8808 1 18014793
8809 0 18016017
8811 1 18019773
8813 0 18024390
8814 2 18030147
8815 0 18031469
8817 1 18032610
8819 0 18035007
8820 1 18035368
8824 0 18042455
8825 1 18046890
8829 0 18057279
8831 2 18064015
8832 0 18066071
8833 1 18067170
8835 0 18069750
8836 3 18076302
8837 0 18077804
8839 1 18077960
8841 0 18078428
8842 1 18079832
8843 0 18080284
8845 1 18080440
8847 0 18081607
8848 1 18082904
8849 0 18084338
8851 1 18086276
8852 0 18088171
8854 2 18091662
8855 1 18093140
8856 0 18093608
8859 2 18096227
8861 1 18107122
8863 0 18107278
8867 2 18113623
8871 0 18115175
8875 2 18121838
8876 0 18124796
8877 2 18126824
8879 0 18131639
8880 1 18134652
8883 0 18137071
8884 1 18137432
8886 0 18140888
8889 1 18149523
8891 1 18152808
8892 1 18155534
8893 0 18157250
8895 1 18157694
8896 0 18158942
8897 1 18159254
8901 0 18175987
8903 1 18178018
8905 0 18183903
8907 1 18184883
8909 0 18185039
8913 1 18188244
8915 0 18192890
8919 1 18197412
8923 0 18204775
8924 1 18206072
8925 0 18207213
8926 1 18207554
8928 0 18212645
8929 1 18218037
8931 1 18221759
8933 1 18229524
8935 2 18238128
8938 0 18240090
8939 1 18241026
8941 0 18243050
8946 2 18261016
8947 1 18267625
8949 1 18271385
8950 0 18272017
8951 1 18274579
8952 1 18275671
8953 0 18275983
8954 1 18276189
8955 1 18278307
8957 0 18280031
8959 1 18280967
8960 1 18283463
8965 1 18284479
8966 0 18287819
8967 1 18295242
8969 1 18299273
8972 0 18299806
8976 1 18309317
8977 0 18311264
8979 1 18316917
8984 0 18321932
8985 1 18322763
8989 0 18333579
8990 1 18335841
8994 0 18346306
8995 1 18347276
8997 0 18351726
8999 1 18354296
9006 0 18373425
9007 2 18375294
9009 1 18376386
9010 0 18376928
9011 1 18377396
9012 0 18381174
9015 1 18387629
9017 0 18388583
9021 1 18395673
9023 1 18398937
9024 0 18403049
9025 1 18403566
9026 1 18407214
9027 1 18414830
9031 0 18433439
9033 1 18438217
9034 0 18445205
9035 1 18447773
9036 0 18451367
9038 1 18452246
9039 0 18454118
9040 1 18458909
9041 0 18459878
9042 1 18461454
9049 0 18473791
9050 1 18475507
9051 0 18478879
9055 1 18493272
9057 0 18493740
9058 1 18497194
9062 0 18506531
9063 2 18510694
9065 0 18512254
9068 1 18519992
9069 1 18521306
9072 0 18524251
9073 1 18525696
9074 0 18527002
9075 2 18530746
9076 1 18533474
9077 0 18534337
9079 1 18535125
9080 0 18535331
9081 1 18537827
9083 0 18547463
9085 1 18549023
9088 0 18549228
9090 1 18551577
9092 1 18558384
9093 1 18562235
9095 0 18564263
9097 1 18564904
9099 0 18565060
9101 1 18568229
9102 0 18572600
9103 1 18574846
9105 0 18586662
9108 1 18596158
9110 0 18604415
9114 2 18608487
9115 0 18609251
9117 1 18609563
9121 0 18618897
9123 1 18619053
9126 1 18627716
9127 0 18629079
9129 2 18630483
9131 0 18636429
9133 1 18637521
9135 0 18638170
9137 1 18640226
9139 0 18647068
9140 1 18651145
9141 0 18651975
9144 1 18654735
9145 1 18657080
9146 0 18658172
9147 2 18661787
9152 0 18665085
9154 2 18670098
9160 0 18687819
9161 1 18688599
9163 1 18695961
9165 0 18708046
9166 1 18710430
9167 0 18711678
9168 1 18712039
9170 0 18714395
9171 1 18716381
9173 0 18718576
9176 1 18722041
9177 0 18729663
9179 1 18731067
9182 0 18733170
9183 1 18733326
9184 1 18733794
9185 0 18735042
9186 1 18737930
9187 1 18739664
9188 1 18742928
9189 0 18744089
9190 1 18744947
9191 0 18751519
9193 1 18753186
9195 0 18757293
9197 1 18770565
9198 0 18775273
9199 1 18776365
9200 0 18776677
9201 1 18779061
9203 1 18781245
9205 0 18781401
9207 1 18781989
9208 0 18782925
9210 1 18790043
9213 1 18801089
9217 0 18802782
9218 1 18804777
9220 0 18806101
9221 1 18806545
9222 0 18808918
9223 2 18809961
9225 0 18810429
9226 1 18812367
9227 1 18813771
9229 0 18817598
9231 1 18818846
9233 0 18822590
9235 1 18823598
9237 0 18824222
9238 1 18824846
9239 0 18827186
9241 1 18828532
9246 1 18843737
9247 0 18845088
9249 2 18854358
9250 0 18855918
9251 1 18857209
9253 0 18858301
9257 1 18858826
9258 0 18860487
9259 1 18860715
9266 0 18873714
9268 1 18879106
9269 0 18879837
9270 1 18884584
9271 0 18893961
9273 1 18894224
9275 1 18897968
9278 0 18899407
9283 1 18907378
9285 0 18910315
9287 1 18910627
9288 0 18912220
9289 2 18916169
9291 0 18918935
9297 2 18933561
9298 1 18935490
9301 1 18937496
9302 0 18938013
9303 1 18942528
9304 0 18943974
9305 1 18947359
9306 0 18949080
9308 2 18952539
9309 0 18955262
9311 1 18963198
9313 0 18963510
9316 2 18972135
9317 0 18973342
9319 1 18973498
9320 0 18976199
9322 1 18977935
9323 0 18980668
9325 1 18988228
9327 0 18990827
9331 1 19000160
9333 0 19002813
9335 1 19006556
9336 0 19006761
9337 1 19008401
9339 0 19012087
9341 1 19012654
9343 0 19014058
9345 1 19023300
9346 0 19029569
9347 1 19031958
9348 1 19036944
9350 0 19039190
9351 1 19041036
9353 1 19051864
9355 1 19054130
9356 0 19054534
9359 1 19071103
9361 0 19077413
9363 1 19078661
9364 0 19080090
9366 2 19091277
9367 0 19091745
9368 1 19091958
9369 0 19095890
9371 1 19101847
9377 0 19103488
9378 1 19103995
9381 0 19111857
9383 1 19115859
9385 0 19116795
9387 1 19118930
9389 0 19119242
9390 1 19120130
9391 0 19120598
9392 1 19121690
9393 0 19127152
9394 2 19129681
9395 1 19135064
9397 0 19135450
9398 1 19138743
9399 1 19140380
9401 0 19141858
9402 1 19146533
9404 0 19150099
9405 1 19151390
9409 1 19159060
9411 0 19166154
9415 1 19166384
9417 0 19167202
9418 1 19169550
9419 0 19170990
9421 2 19176885
9422 0 19181409
9423 1 19192951
9425 0 19195160
9426 2 19198485
9427 0 19200373
9429 1 19202048
9430 0 19202672
9431 1 19204627
9434 0 19205612
9436 1 19214037
9439 0 19218632
9441 1 19221920
9442 1 19224399
9443 1 19225245
9450 0 19234287
9451 1 19235954
9452 1 19239210
9453 1 19247093
9457 0 19249477
9461 1 19252646
9462 0 19254441
9463 2 19257448
9470 0 19274116
9471 1 19275520
9472 1 19283369
9473 0 19285355
9474 1 19286291
9477 0 19290596
9479 1 19294998
9480 0 19298581
9482 2 19303036
9484 0 19306432
9487 1 19314393
9489 1 19322273
9491 0 19326783
9492 2 19329319
9493 1 19331802
9495 0 19335301
9496 1 19336692
9497 0 19337160
9500 1 19342483
9503 1 19354291
9505 0 19360033
9507 1 19361615
9508 0 19362130
9510 1 19372138
9513 0 19382979
9514 2 19383504
9515 0 19384229
9516 1 19387540
9520 0 19403341
9521 2 19405886
9522 0 19406403
9523 1 19414790
9525 1 19417013
9526 0 19417850
9527 1 19418055
9530 0 19431134
9532 1 19434754
9535 0 19439874
9536 1 19440391
9540 0 19449063
9541 1 19450065
9543 0 19450893
9549 2 19476845
9552 0 19477253
9555 1 19490480
9557 1 19492414
9560 0 19493399
9561 1 19494384
9562 0 19495179
9563 2 19498768
9573 0 19532412
9574 2 19536272
9576 0 19537675
9577 1 19540860
9579 1 19545403
9581 0 19550860
9582 1 19551673
9583 0 19553569
9584 1 19554398
9585 0 19556533
9586 1 19557913
9589 1 19567544
9590 0 19568537
9591 1 19568898
9593 0 19571174
9595 1 19573073
9600 1 19579519
9603 0 19587094
9605 1 19591657
9607 0 19592437
9610 1 19597646
9613 0 19602305
9615 1 19602847
9616 0 19604252
9619 1 19609428
9620 0 19615188
9621 1 19624130
9623 0 19627298
9625 2 19629728
9627 1 19631760
9629 0 19639270
9633 1 19654703
9635 1 19658447
9636 0 19659168
9639 1 19667031
9640 0 19668123
9641 1 19669995
9642 0 19670775
9643 1 19672268
9650 1 19681212
9652 0 19684428
9655 2 19695301
9657 0 19697600
9658 1 19700336
9659 1 19701789
9660 0 19702862
9662 2 19716460
9665 0 19721528
9667 1 19724954
9668 0 19726584
9671 1 19730498
9675 0 19742979
9678 1 19743554
9679 0 19744802
9680 1 19745738
9683 0 19755506
9684 1 19756598
9685 0 19757280
9687 1 19766475
9688 0 19767702
9690 2 19771788
9694 0 19777266
9695 1 19778120
9697 1 19779885
9698 0 19782435
9699 1 19784044
9703 0 19789589
9705 2 19798900
9706 0 19799524
9707 1 19801240
9709 0 19804932
9711 1 19805088
9712 0 19806960
9713 1 19807691
9716 0 19809673
9718 1 19811039
9720 0 19816077
9721 2 19824812
9724 0 19830758
9728 2 19837667
9729 0 19837889
9732 1 19843078
9734 0 19851800
9735 2 19855781
9737 0 19856093
9743 1 19857397
9745 0 19864501
9749 2 19867046
9753 0 19877759
9755 1 19882399
9757 1 19886021
9759 0 19890229
9761 1 19891165
9762 0 19891321
9766 1 19895622
9767 0 19902815
9769 2 19904375
9771 0 19906551
9774 1 19916062
9775 1 19922863
9783 0 19933267
9785 2 19934959
9786 2 19942291
9787 0 19942447
9789 1 19942833
9791 0 19942989
9793 1 19943145
9794 0 19945443
9795 2 19952822
9797 0 19960771
9799 1 19961551
9801 1 19968813
9802 0 19969759
9803 1 19970416
9805 0 19974547
9806 1 19979467
9808 0 19981347
9809 2 19988350
9811 0 19989641
9812 1 19995443
9815 2 19999588
9816 1 20004321
9817 0 20006455
9822 1 20014226
9823 0 20017481
9824 1 20019585
9825 0 20022130
9826 1 20022722
9827 0 20023437
9830 1 20031966
9831 0 20033265
9835 1 20040644
9836 0 20048013
9838 2 20057035
9843 1 20061504
9846 0 20070715
9850 1 20080054
9851 1 20083560
9853 0 20086066
9855 2 20088562
9857 0 20089498
9859 1 20089654
9860 0 20090902
9861 1 20092277
9864 0 20097828
9869 1 20113255
9871 0 20117038
9873 1 20117350
9874 0 20118187
9875 1 20122394
9876 0 20123907
9878 1 20126060
9881 1 20130238
9886 0 20143959
9888 1 20146957
9889 0 20147474
9890 1 20148734
9891 0 20156405
9892 1 20157494
9893 0 20157757
9896 2 20162291
9897 0 20163740
9898 1 20168240
9899 0 20169398
9901 1 20170063
9902 0 20170876
9903 1 20171553
9904 0 20174951
9905 2 20176659
9906 0 20177176
9908 2 20181566
9909 0 20184451
9911 2 20196557
9913 0 20199932
9915 1 20201180
9917 0 20204390
9919 1 20205737
9920 0 20208077
9921 1 20208446
9922 0 20211149
9923 1 20213246
9925 0 20232408
9927 1 20232639
9929 1 20234423
9931 0 20236607
9932 1 20237953
9933 0 20238741
9934 1 20239086
9935 0 20240268
9937 2 20244066
9938 0 20244378
9939 1 20244764
9942 0 20246323
9943 1 20255884
9947 1 20268642
9949 0 20270463
9954 1 20275706
9955 0 20278164
9960 1 20280373
9961 0 20282485
9967 2 20290985
9969 0 20296115
9970 1 20296271
