1024 1
2560 1
4608 2
2560 3
512 4
1024 2
2048 1
1536 2
6144 3
1024 3
1536 2
7168 1
1024 2
4096 2
5632 1
512 1
3584 2
2048 1
512 1
8704 1
4096 1
2048 2
1024 3
2560 3
6144 1
512 1
3072 1
2048 2
1024 1
4608 2
1536 3
1024 1
3584 2
4608 1
6144 1
1536 2
2048 2
3072 2
12800 1
2560 2
512 1
6144 1
1024 2
6656 3
1024 4
4608 5
11264 6
12800 7
6144 8
1024 8
4096 7
512 8
1536 9
512 10
512 11
1536 12
1024 13
6656 11
1536 12
4096 13
2048 14
2048 13
4096 12
3072 8
1024 6
9216 5
9216 6
1024 7
512 8
7680 2
3072 1
9216 2
512 3
4608 4
3584 5
5120 6
5120 7
512 7
4608 3
2560 4
512 5
512 1
2560 2
2048 3
9216 2
2048 1
512 2
4608 3
512 4
2560 5
2048 5
512 6
512 5
4096 4
2560 1
3584 1
1536 1
7680 2
6144 3
1536 1
9216 1
7680 2
512 3
3072 4
8192 5
4096 4
1536 5
7680 6
7168 4
5120 4
1536 5
9216 4
11776 4
512 5
5120 5
2048 1
3072 2
2048 1
1024 1
512 2
1024 3
512 3
5632 4
512 1
2048 1
5632 2
512 2
512 1
512 1
3072 1
512 2
512 1
512 1
1536 2
1536 1
1024 2
6656 1
512 2
2048 3
512 3
3584 4
5632 5
6656 4
3072 2
4096 3
1024 1
1024 1
2560 1
1536 1
3072 2
512 3
1536 1
2048 1
7168 2
2560 3
3072 4
7168 3
1024 4
512 5
2560 6
1536 7
512 6
512 6
8704 4
512 1
512 1
8192 1
10240 2
2560 3
512 4
1024 5
7168 6
1536 6
2048 5
512 3
1536 1
4608 2
1536 3
5632 4
5120 5
4096 6
4608 7
8704 7
512 8
2048 6
1536 5
512 6
3072 7
2048 8
5120 5
4096 1
3072 1
4608 1
7680 1
3584 2
1024 3
2048 4
1024 5
5632 6
1536 6
3584 7
1536 8
6144 9
5632 10
512 6
6656 7
16384 8
3072 9
5632 10
6144 11
1024 12
2048 8
512 7
2560 8
512 9
512 9
2560 9
1536 8
1536 2
5120 1
1536 2
1536 3
1024 4
1536 5
2048 6
5120 7
2560 8
1024 9
4096 1
1024 2
1024 1
5120 2
512 3
1024 4
512 5
512 6
8704 7
5632 8
5120 9
3584 8
3584 2
4608 1
1536 2
4608 3
12288 3
5120 2
1024 1
4096 2
1536 1
4608 1
5120 2
1536 3
5120 4
512 5
512 6
16384 7
512 7
1024 8
3072 6
1024 7
16384 5
1536 6
10240 7
1024 8
3584 9
5120 6
2560 1
512 1
512 2
2048 3
3072 4
10752 5
5632 1
5632 2
512 3
4608 3
512 4
12288 5
4608 5
3072 6
4608 3
5632 2
1024 1
1024 1
2560 2
512 3
16384 4
1536 5
5632 4
512 3
1024 2
2048 1
512 2
5632 3
11264 4
3584 5
2560 6
3584 7
8704 7
6656 6
1024 4
7168 1
1024 2
4096 1
3584 2
2560 2
2560 1
2048 2
2560 3
7680 4
6144 1
6144 2
5120 3
7680 4
2560 5
1536 5
1024 4
1536 1
1024 1
2048 2
1536 3
4608 4
1024 5
2048 6
2560 2
512 1
1024 1
2048 1
2048 2
2560 3
2048 4
2560 5
1024 6
5120 7
512 1
6144 2
9216 3
2048 4
512 5
1536 6
3584 7
512 1
16384 1
7680 2
1024 3
1024 4
2560 5
1536 6
2048 7
2560 8
2048 9
3072 10
4608 11
5632 12
1024 13
512 13
1024 10
8192 1
14848 2
2048 3
1536 4
4608 5
1024 6
1536 7
512 8
5632 9
1536 8
2048 7
2560 8
8192 9
5120 10
7168 11
10240 12
512 13
512 9
2560 5
5120 5
4096 1
4096 2
512 3
512 4
2560 5
3584 6
3584 2
1536 1
9216 1
3072 2
512 3
5120 4
7168 5
5120 6
2048 7
4096 8
512 4
4608 4
7680 4
4608 1
2048 2
512 3
6144 4
5120 3
512 1
4096 1
7168 2
2560 3
2048 4
512 5
2560 1
3072 2
2560 3
4608 1
512 1
2560 2
4608 3
1536 1
5120 2
1024 3
512 4
7680 5
8704 6
1536 7
3584 6
8704 4
1024 5
1536 6
1536 7
1024 8
3584 9
1024 10
8192 1
512 1
4096 2
2048 3
2560 4
1024 2
2048 1
512 2
4096 2
8192 1
6144 2
1024 3
2560 3
512 4
2048 4
4096 1
8192 2
1024 3
1536 4
5120 5
512 6
5120 3
3072 3
4608 1
4608 2
2048 3
4096 4
1024 3
1536 3
2048 3
2048 1
6656 2
9728 3
5632 4
512 5
2048 6
7680 6
2048 4
1024 5
5632 1
2048 1
1024 1
2048 2
512 2
2048 1
3584 2
3584 3
512 4
512 1
512 1
3584 1
6144 2
8704 3
1536 4
512 5
2048 5
2048 6
1024 7
1536 8
3584 8
1024 5
6144 4
512 4
7168 2
3072 3
2048 2
7680 1
512 1
1536 2
1024 3
1024 4
7168 5
3072 6
3072 7
4608 2
7680 3
4096 4
9728 5
1536 6
11776 7
9728 8
1024 9
512 10
4608 11
6656 11
4608 7
3072 2
6656 2
512 2
4608 3
4608 3
1536 4
7680 2
1024 1
1024 2
2048 1
2560 1
5120 2
1536 3
512 4
7680 5
4096 6
3072 7
3072 8
1536 9
1536 9
1024 8
2560 2
512 1
1024 2
1536 3
512 4
8192 5
1024 6
2048 7
2048 8
1024 9
5120 5
512 1
4608 1
1024 2
11264 3
5632 4
1024 5
512 2
4608 3
11264 1
2560 1
3584 1
512 2
2048 1
1024 1
1536 2
8192 3
512 4
1536 5
4096 6
2560 7
2048 8
4608 9
2048 10
10752 11
512 9
1024 10
1536 11
5632 12
11776 13
6144 14
1024 15
2560 14
2560 11
2560 12
11264 13
6144 14
512 15
1024 16
6656 17
512 18
512 13
4096 11
1024 7
3584 8
11776 3
512 1
4608 2
3072 3
1536 4
512 5
5632 6
5632 7
1024 8
5632 7
9216 4
11776 4
1024 1
1536 1
2560 1
2560 1
5632 2
4608 3
1024 4
12800 5
8192 6
4096 7
512 8
4096 3
3584 4
1024 5
1024 6
1536 7
512 5
8704 1
2560 2
512 3
512 2
1024 3
4096 4
3072 5
1024 1
1536 1
1024 2
4608 3
13312 4
5120 5
2048 6
6144 7
1024 5
1024 2
2560 1
512 1
1024 2
1024 3
3584 4
1536 5
9216 6
3072 7
1024 8
2048 9
1024 10
9216 4
512 5
2560 1
512 1
512 1
512 2
4096 3
4608 4
4096 5
3072 6
2560 7
6656 8
512 9
8192 7
4096 8
6144 7
1024 8
512 9
2560 10
512 11
6144 12
1024 13
5632 11
512 12
5120 11
1536 12
2560 13
512 7
2048 6
2048 7
2048 1
2048 1
1024 2
1536 3
512 4
9728 5
4096 6
2048 7
10752 8
3584 9
512 10
4096 11
3072 1
2560 1
512 2
3584 3
5632 4
3072 5
2048 6
1536 2
512 3
4096 2
5632 1
5120 1
2560 1
512 2
512 1
3584 1
6656 1
2560 2
5632 1
4096 1
512 1
1536 2
2048 3
4096 4
4096 5
5632 6
1536 7
1536 8
1536 9
10240 10
5632 11
1024 12
16384 13
1024 14
5120 15
1024 16
8704 17
512 18
512 19
2048 20
2048 21
3072 22
512 23
2048 24
1024 25
10240 26
2048 27
512 28
6144 29
1536 30
7168 31
6144 32
4608 33
1024 34
4608 35
1024 36
2048 37
5632 38
2560 39
1536 40
1536 41
2560 36
1024 37
2048 37
5120 32
512 26
1024 25
4096 26
512 27
5632 28
2560 29
512 30
2560 31
5632 32
2048 33
512 34
3584 35
2560 36
3584 37
1024 38
3584 39
1536 40
1024 34
1024 33
5632 34
5632 35
2560 36
512 37
5120 34
4608 33
3072 33
2048 34
4608 35
4096 36
1536 37
5120 34
3072 33
512 28
1024 28
512 29
512 18
2560 13
6656 10
4096 11
1024 12
7168 13
2560 14
2560 15
2048 16
1536 16
3072 15
1536 9
7168 6
12288 4
4608 2
6656 2
2048 2
1024 2
5632 1
7680 2
8192 3
3584 4
2048 5
2048 6
5120 7
2048 8
14848 9
2560 10
2560 11
5632 12
3072 12
1536 12
1536 8
1536 4
2560 5
6656 5
7680 1
3584 1
512 1
2560 1
1536 2
8192 3
2048 4
2560 5
8192 6
10240 7
512 8
5632 9
512 10
1536 11
2048 9
5120 5
6656 1
512 2
1024 2
2560 1
1536 2
5120 3
5120 4
1536 5
512 6
512 7
3584 8
8192 6
2560 6
512 3
1024 1
512 1
4096 1
1024 1
1536 1
3584 1
512 2
1536 3
10752 4
4096 5
11264 6
15872 7
6144 8
2048 9
512 10
3584 11
512 12
5632 13
3072 14
4608 15
5120 16
1024 13
13824 10
9728 9
1536 7
512 1
4096 2
2048 3
8192 4
7680 5
14336 6
7680 7
3072 8
2560 9
1536 10
11264 11
2560 12
2560 13
512 14
4096 15
1024 16
1024 13
4608 14
512 12
2048 11
512 9
1024 10
1536 11
4608 12
7168 13
512 14
2048 15
512 16
4096 17
4608 18
3584 18
3072 14
3072 13
3584 3
3072 2
2048 1
8192 2
1024 3
1536 4
1536 5
512 6
1536 7
9728 6
512 7
512 1
4096 2
4096 3
1024 4
10240 5
2048 6
4096 7
4608 8
4096 9
3584 7
512 8
1024 9
1024 10
6656 11
1536 12
5120 6
512 3
3072 2
13312 1
512 2
1536 3
1536 4
2560 5
5632 1
512 1
1024 1
2560 1
2560 1
1536 2
5120 3
1536 4
1536 5
6144 6
512 7
2048 8
2560 9
1024 10
1536 11
1024 12
512 13
4096 14
1536 15
1536 16
2048 17
512 18
3584 19
2048 20
6656 21
2048 14
1024 4
2560 1
8704 2
6656 3
4096 4
5632 5
4608 6
4608 7
6656 8
512 9
3584 10
1536 11
1024 12
2048 13
1024 14
2560 15
1024 16
2048 17
1024 18
2048 19
1024 20
11264 21
6144 22
9728 22
2560 21
2048 17
2560 18
2048 13
6656 12
1024 11
7680 4
6144 4
7680 2
1536 1
512 2
1024 1
4096 1
4096 2
1024 3
3584 4
4096 5
4608 6
1536 7
1536 8
5120 9
2560 10
5632 11
512 12
2048 13
4608 14
4608 15
1536 16
15872 17
5120 18
1024 19
4096 20
2560 21
1536 22
2048 23
5632 23
512 24
10240 17
512 18
1536 14
1024 13
3584 7
6144 1
512 2
512 3
2048 4
2560 5
512 6
2048 7
6144 8
4096 1
512 1
2048 1
1536 1
512 1
1024 2
2048 3
1024 4
512 5
4096 6
2560 7
6656 8
1024 9
1024 10
1024 11
2048 12
512 13
3584 14
3072 15
512 16
1024 10
2560 6
8704 4
512 2
1536 1
2560 1
6144 1
2048 1
2560 1
7168 1
1536 1
512 1
1536 2
9728 3
4608 4
4608 5
1536 6
1024 7
512 8
1536 9
2048 10
3072 11
5120 12
2048 13
16384 14
2560 15
512 16
1024 17
512 18
3584 19
1024 16
8192 17
1024 18
3584 19
512 20
7168 21
2048 22
2560 23
4096 24
512 25
4096 26
2048 27
7168 28
7680 29
8704 30
3584 31
1024 24
9216 23
6144 19
6144 18
4608 17
4096 16
4096 15
6656 16
2560 17
8192 18
2048 19
5632 20
512 20
512 18
9728 14
2560 13
512 13
1536 11
1024 10
2560 4
1536 5
3072 1
1536 1
6144 1
3072 2
3072 3
3072 4
1536 5
1024 6
4096 7
1536 8
1536 9
2048 10
3072 11
1024 12
3584 13
4096 14
2048 15
2560 16
8192 17
4096 17
1536 12
1536 12
4608 8
1024 9
6144 10
1024 11
5632 12
5120 13
7168 14
1536 13
2048 13
7680 13
4096 8
4096 7
6144 2
6144 1
1536 1
1024 1
2560 1
9216 1
4096 2
2048 3
2048 4
6144 5
1024 6
2560 7
512 8
2560 9
3584 10
1024 11
6656 12
2560 13
6144 14
1024 15
2048 16
7680 15
3072 13
2560 5
512 3
512 4
1024 1
512 1
2048 1
10752 2
6656 3
512 4
2560 5
1024 6
3584 7
2560 8
512 9
512 10
512 11
5632 12
7168 13
1536 14
4096 15
1024 16
512 17
3072 18
2560 19
2048 20
1536 21
9216 22
2560 23
2560 24
5632 25
2048 26
6656 27
3584 28
1536 29
3584 30
3072 31
512 32
13312 33
512 28
2048 20
5632 17
3584 11
3584 10
3584 4
1024 4
4096 4
2048 4
2560 4
4096 3
2560 3
3072 2
5632 2
1536 1
2560 2
2048 3
2560 4
512 5
5120 6
3072 7
4608 8
3584 9
1024 10
6656 11
512 12
3584 13
8704 14
9216 15
1536 16
512 17
1024 18
9216 19
512 20
1024 21
1024 15
512 14
1024 6
1024 2
512 1
5632 1
4608 2
1024 3
5632 4
4608 5
512 6
2048 7
6144 8
4096 9
9728 10
4608 11
512 12
512 13
512 14
1536 15
2560 12
2048 13
1536 13
3072 10
2048 3
2048 1
3584 1
1024 1
3072 1
2048 2
3072 3
4608 4
3584 5
1536 6
3584 7
512 8
512 9
1024 10
6144 11
8192 12
3072 13
6144 14
2560 15
1536 16
3584 17
512 18
512 19
3584 20
1024 21
2560 22
6144 23
2560 24
3584 25
2048 26
4096 27
3584 28
6656 29
16384 30
5120 31
6144 32
3584 33
512 34
6144 35
3584 36
512 37
5120 38
512 39
4096 40
4608 41
5120 42
7168 43
7168 44
512 45
1536 46
4096 47
3072 48
512 49
4608 50
5632 51
512 52
512 52
1024 53
4608 54
1024 55
1536 56
4608 57
1024 58
12288 59
3584 60
8192 61
4096 62
4608 63
1536 64
2048 65
1536 66
14336 67
10240 68
1024 57
7168 48
4096 48
11776 41
1024 38
5120 33
1024 32
512 33
6144 31
1024 29
1536 25
512 24
5120 21
4608 19
2560 12
1536 13
1536 3
2048 1
512 1
512 1
512 2
6144 3
512 4
512 5
1536 6
1536 7
2560 8
1024 9
512 10
4096 11
4608 12
5120 13
6656 14
4096 15
1536 16
1024 17
4096 18
5120 19
3584 20
3584 21
14848 22
512 23
1024 21
4608 12
3584 4
1024 1
4096 2
1024 3
12288 4
512 5
3584 6
6144 7
3072 8
4608 9
1536 10
1536 11
1024 12
3072 13
13824 14
6656 15
512 16
3072 17
3584 11
512 12
1536 13
6656 12
1024 7
3072 3
5632 2
2560 2
512 1
3072 1
512 1
1024 1
1536 2
2560 3
2048 4
2560 5
12288 6
1024 7
2048 8
512 9
7680 10
1024 11
5120 12
6144 13
2560 14
11264 15
3584 16
6144 17
1536 18
3072 19
4096 20
1024 13
1536 13
1536 13
2048 11
2048 6
512 2
8192 1
1536 1
3072 2
4096 2
1536 2
2048 2
6656 1
1024 2
2048 3
6144 4
512 5
14336 6
10752 7
3072 8
512 9
5632 10
3072 11
8192 12
3584 13
6144 14
512 15
8192 16
11264 17
10240 18
4096 19
1536 20
8704 21
8192 22
7168 23
3072 24
2048 25
2048 26
1536 27
512 28
16384 29
512 30
3072 31
13312 32
2560 33
2560 34
7168 35
2560 35
3584 35
512 34
6656 29
4608 21
2048 22
5632 23
7168 24
2560 25
10240 26
3072 27
3072 28
11776 29
2048 26
2048 27
1024 28
6656 27
10752 22
2560 19
2048 17
512 11
512 7
2048 8
4096 9
6144 10
5120 11
3072 12
2560 13
1536 14
2048 15
7680 16
4096 17
512 18
512 19
1536 20
512 9
8704 6
4608 1
1536 1
1024 1
3072 2
5632 3
3072 4
6144 5
1024 6
2560 7
2560 8
5120 9
2048 10
1024 11
9728 10
4608 11
2560 12
7680 13
2048 14
5120 15
8192 16
1536 13
1536 7
2560 8
12288 7
1536 6
2048 7
3072 7
1536 8
4096 9
512 10
2560 9
3584 9
1536 6
7680 5
2560 5
4608 2
4096 1
2048 2
8192 3
4608 4
512 5
512 6
1024 7
2048 8
1024 9
512 10
512 11
2048 12
512 13
1536 11
9728 12
512 13
1536 14
1024 15
2560 16
2560 17
9728 18
3584 19
3584 20
4608 21
4096 22
2048 17
3072 3
2048 1
512 2
1024 3
5632 4
1024 3
2560 1
4096 2
1536 3
11776 4
3072 1
2048 2
512 1
512 1
6656 2
2048 3
5120 4
6656 3
512 4
3584 1
4096 2
1536 3
1536 4
2048 3
4608 1
2048 2
1024 2
512 1
2048 1
1536 2
2048 3
1024 4
2560 5
5120 6
512 7
512 8
1536 9
1536 10
4096 11
1024 12
6656 13
3072 14
512 7
7680 5
5120 6
512 7
2048 8
1536 9
3072 10
2048 11
1024 12
1536 13
512 14
512 15
5632 16
6144 17
2560 18
8192 17
1024 15
2048 5
5120 3
2048 4
1024 5
13824 6
2048 6
2048 5
1024 4
4096 2
512 1
1024 1
512 1
5120 2
1024 3
9216 4
4608 3
1024 1
1024 1
512 1
1024 2
5120 3
3584 4
4096 5
8704 6
6144 7
512 8
7168 9
1024 10
512 9
1024 8
9216 4
1024 4
5120 1
2560 2
1024 3
4096 4
11776 5
2048 6
1536 7
512 8
1024 9
3584 9
512 1
3584 1
6144 1
512 1
512 1
1024 1
2048 1
1024 1
4096 1
2048 2
6144 3
3072 4
9728 5
2048 6
7680 7
7680 8
2048 9
1536 10
5632 11
512 12
1536 13
5120 14
512 15
1024 16
1536 17
3072 18
10752 19
3072 20
9216 21
5120 22
2048 23
1536 24
5632 25
512 26
4096 27
4608 28
1536 29
2560 30
2560 31
1024 32
5632 33
8192 34
2560 35
1024 36
6656 37
9216 38
10752 39
4096 40
1536 41
3072 42
1024 43
3072 44
1024 45
8704 46
2048 47
11264 48
1024 49
2048 43
512 43
2560 38
7680 39
5632 40
2560 41
1024 42
1536 43
512 44
6144 45
7168 46
5120 47
512 48
512 49
1024 42
2560 43
7680 41
5120 40
3584 39
3072 35
512 35
1024 34
512 35
1024 36
1024 26
5632 26
6656 27
8704 28
3072 29
5120 30
1536 31
1024 32
2560 33
1024 34
1536 35
5120 36
3072 37
8704 38
4096 39
4096 36
1024 30
512 30
512 25
4608 14
9728 1
5120 1
512 1
1024 1
6144 1
1024 2
3584 3
1024 4
512 5
3072 6
1536 7
3584 8
1536 9
2560 10
3584 11
1536 12
3584 13
1024 14
6144 15
512 16
9216 17
3072 18
2048 19
5632 20
8704 21
3072 22
7168 23
2560 18
6144 15
5632 15
3072 12
8192 10
1536 1
6144 2
4608 1
512 1
7168 1
5632 2
4096 3
6656 4
2560 5
512 6
2048 7
2048 8
512 9
1536 10
1024 11
512 12
2048 13
4096 14
1536 15
3584 14
15360 13
2560 14
3072 15
1024 15
8704 13
7680 10
512 9
1024 10
6144 10
3072 7
7168 5
8704 3
2048 2
1536 1
1536 1
5632 1
1024 1
1024 1
3584 1
512 1
2560 1
512 1
1024 1
2560 1
1536 2
5120 3
2560 4
12800 5
512 6
2560 7
3072 8
1536 9
1024 10
512 11
5632 12
1536 13
3584 14
512 15
3584 16
3584 17
5632 18
2560 19
8192 20
1024 21
1024 22
3584 23
512 24
3072 25
512 26
1024 27
2048 28
1024 29
1024 30
3584 31
1536 32
10752 33
2048 34
3072 35
4096 36
512 37
1536 38
5120 39
1024 40
4096 41
7168 42
6144 43
5632 44
2560 45
2048 46
3072 47
5120 48
512 49
4096 50
9728 51
512 52
5632 53
1024 54
3072 55
2560 56
2560 57
512 58
6144 59
3072 60
3072 61
4608 62
4096 63
2560 64
11264 65
6656 66
5120 67
13312 68
3584 69
1024 70
2560 71
2048 72
1024 73
16384 74
2048 75
1024 74
512 72
7168 70
512 67
2560 66
6656 61
7680 61
1024 62
3584 49
2048 49
4608 48
4096 45
1536 44
4608 43
8192 41
512 41
3584 32
4096 31
6656 23
5120 21
1536 18
2560 16
1536 16
4096 14
1536 15
12800 16
512 17
1024 18
3072 19
512 20
2048 21
1536 22
7680 23
2560 24
5120 25
4608 26
7168 27
1024 28
2560 29
2048 30
5120 31
4608 32
512 33
512 34
1024 35
4096 36
512 37
512 38
5120 39
512 40
7168 41
5120 42
2560 43
1024 40
2560 40
1536 41
6656 40
8192 39
512 37
6144 35
6144 32
6144 31
3584 30
5120 31
1536 30
512 31
1536 31
2048 28
1536 28
2048 19
5120 17
9216 15
3072 15
8192 16
1024 17
4096 14
3584 15
512 16
7168 17
2048 18
2048 19
2560 20
1024 21
1024 22
5632 23
512 24
4096 25
1536 26
2048 27
1536 28
6656 29
512 30
4096 31
1536 32
3584 33
1024 34
1536 35
1536 36
5120 37
1536 38
7168 39
1024 40
512 41
1024 42
3584 43
512 44
5632 45
2048 46
3584 47
2048 48
512 49
5632 50
2048 51
512 52
1024 53
6144 54
5120 55
4608 56
3072 56
2048 57
3072 57
1024 58
2048 59
1024 60
4608 61
4608 62
512 63
512 64
8192 65
2048 66
2048 52
2048 50
2048 48
1024 45
5120 42
2560 43
3584 39
2048 37
2048 38
4096 38
2560 35
1024 30
3072 28
1536 28
2560 28
5632 22
2048 18
512 19
3584 13
4096 12
6144 6
512 7
5120 6
2560 1
6144 1
11264 1
2048 2
1536 3
512 4
2048 5
8704 6
512 7
8704 8
1024 9
512 10
4096 11
1024 12
512 13
15360 14
1536 15
7168 16
9216 17
1536 18
4096 19
7680 20
3072 21
9728 22
3584 23
512 24
1024 25
5632 26
1536 27
3072 28
1536 29
1536 30
2048 31
1024 32
3072 19
4608 18
1536 15
5632 13
5632 11
2048 12
2560 8
1024 5
4608 4
11264 3
3072 1
9216 2
4096 3
1536 4
512 5
512 6
2560 7
3584 8
7168 9
1536 10
3584 11
1536 12
4608 13
5120 14
8704 4
1024 4
5120 1
1024 1
5120 2
3584 1
512 2
6656 1
1024 1
1536 1
1536 1
3072 1
16384 1
3584 2
512 3
1536 4
1536 5
1536 6
5632 7
7680 8
512 9
1536 10
1024 11
1024 12
6656 13
2560 14
2048 15
2048 16
2048 17
1024 18
512 19
2048 20
2048 21
1536 22
8704 23
12288 24
5120 25
1024 26
4096 27
5632 28
1024 29
7168 30
7680 31
3584 32
4608 33
10240 34
10240 35
2048 36
11264 37
3072 38
3072 39
2560 40
2560 41
512 42
5120 43
1536 44
1536 45
512 46
4608 47
7168 48
512 49
512 50
3584 51
1536 52
1536 53
7680 54
3072 55
8192 56
7680 57
1024 57
6144 57
1024 56
2048 53
9728 53
13824 46
2560 44
512 44
512 40
3584 40
4096 37
512 31
3584 23
4096 23
1024 19
5120 10
512 10
512 2
2560 1
7168 2
5120 3
2048 4
4608 5
8192 6
512 7
2560 8
1536 9
2048 10
2560 11
1024 12
1024 13
4096 14
5120 15
3072 16
1024 17
3584 18
2048 19
2560 20
1024 21
2560 22
1536 17
1536 8
2560 7
1536 6
2048 5
512 1
4096 1
1536 2
3584 1
512 1
2048 1
3072 2
1024 1
3584 1
512 1
5632 2
3584 3
3072 4
3072 5
5120 6
6144 7
9216 8
512 9
512 10
1024 11
1536 12
6144 13
14336 14
4096 15
4096 16
1536 17
1536 18
3072 19
3584 20
1024 21
1024 22
1024 23
6656 24
3072 25
4096 26
1536 27
6656 28
11776 29
1024 30
3584 31
1536 32
512 33
5632 34
8704 35
2560 36
512 37
8704 38
512 38
1536 36
512 29
4096 29
4608 25
512 23
6144 19
512 10
7168 5
1024 3
1024 2
3584 1
3072 2
4608 3
512 4
7168 5
3584 6
4608 7
2560 8
3072 9
1024 10
1024 11
2048 12
512 13
2048 14
9728 15
1536 16
2560 17
512 18
3584 19
8704 20
512 21
4096 22
6144 23
1024 24
4096 25
2560 26
6144 27
1536 28
1536 29
512 27
1024 24
512 21
2048 11
6656 9
2560 7
3072 4
4608 3
1024 1
512 1
2560 2
5120 1
2560 1
512 1
512 1
3072 1
5632 2
11264 3
8192 4
3072 5
5632 6
4608 7
1536 8
1536 9
2048 10
3072 11
3072 12
512 13
2048 14
7168 15
9216 16
512 17
5120 18
3584 19
5632 20
1024 21
2048 22
3072 23
4096 24
3072 25
8192 26
1024 27
3072 28
12800 29
1536 30
1536 31
1024 32
6144 33
4096 34
4096 35
1024 36
1536 37
2560 38
2048 39
5632 40
2048 41
512 42
3584 43
512 44
1024 45
512 46
2048 47
4096 48
5120 49
3584 50
1024 47
3584 40
4096 38
1024 29
4608 20
2560 19
4096 17
1024 18
7168 12
4096 8
1536 6
3584 2
1536 1
1024 2
1024 1
3072 2
1536 1
3072 1
3584 2
5632 3
3072 4
1024 5
4096 6
1536 7
2048 8
1536 9
2560 10
1024 11
4096 12
512 13
1024 14
512 15
3072 16
7680 17
2048 18
512 19
16384 20
6656 21
3072 22
1024 23
4096 24
6144 25
1536 26
512 27
512 28
10240 29
3072 30
11264 31
1024 32
1024 33
3584 34
4608 35
2560 36
6656 37
512 38
7168 39
8704 40
6144 41
1024 42
7680 36
9728 35
4096 34
2560 32
3584 30
5120 31
4096 31
2048 32
2560 31
7680 32
1024 29
10240 28
5120 25
11776 17
2560 18
512 18
2048 16
2560 9
5120 9
4608 10
2048 2
6656 1
512 1
3072 1
6144 2
10752 3
1024 4
16384 5
9216 6
1536 7
1024 8
2048 9
512 10
6144 11
6656 12
3072 13
9728 14
512 15
4096 16
2048 17
5120 18
1536 19
1024 20
1024 21
3072 22
1536 23
6144 24
2560 25
3584 26
10752 27
1536 28
2048 29
4608 30
1536 31
1536 32
1536 33
1024 34
4608 35
512 36
6656 37
5632 38
512 39
2048 40
512 41
3584 42
512 43
2560 44
5120 45
5632 46
1024 47
9216 48
4096 49
512 50
2048 51
7680 52
3072 53
1024 54
2048 55
9728 56
3584 57
3584 58
512 59
1536 60
4096 59
4096 60
7680 59
1536 59
6144 60
1536 61
3584 62
1536 63
4608 64
1024 65
2560 66
512 67
2048 68
7680 69
2560 70
2048 63
1024 59
2048 56
512 55
3584 56
4608 57
512 58
7680 59
3584 60
1536 61
2560 62
9216 63
3072 59
2560 59
512 59
1024 46
7168 41
5632 41
1536 37
2560 34
1536 34
4608 33
2048 33
3072 25
4096 20
1536 20
4096 16
512 13
512 7
1024 4
512 1
3584 1
512 1
512 2
1536 2
2560 1
3584 1
6144 1
3072 1
2560 1
1024 1
1024 1
2048 2
2560 3
6656 4
1024 5
4096 6
5632 7
512 8
3584 9
4608 10
1024 11
1536 12
512 13
11264 14
4096 15
1536 16
5632 17
2560 18
2048 19
1024 20
6144 21
4096 22
4096 23
1024 24
4096 25
512 26
3072 27
1024 28
2048 29
1536 30
4096 31
1024 32
2560 33
1536 34
2560 35
8704 34
1024 33
11264 31
2560 32
3072 33
512 34
512 35
512 36
4608 37
1024 38
2048 39
3072 40
5632 41
3072 42
2048 43
1536 44
512 45
1536 46
3072 47
5632 48
1024 49
1536 50
8192 51
512 52
3584 53
2560 54
5120 55
7680 56
7680 57
6656 58
3072 59
3072 60
4096 61
3072 62
4096 63
8192 64
5632 65
2048 66
4608 67
2560 60
4096 59
512 55
2560 50
2048 48
3584 45
4096 42
1536 34
2048 30
512 22
1536 19
4608 17
6144 14
1536 12
1024 11
512 4
1536 4
512 1
1024 1
3072 1
7168 2
1024 3
1536 4
2560 5
512 6
5632 7
1536 8
512 9
2048 10
1024 11
1536 12
5632 13
2048 14
7680 15
3072 16
3584 17
7168 18
4096 19
1024 20
2048 21
5120 22
3072 23
10752 24
6656 25
512 26
1536 27
2048 28
1024 29
7680 30
7168 31
5632 32
2560 33
3072 34
1536 35
4608 36
2560 37
5120 38
1024 39
2048 40
512 41
2048 42
8192 43
1024 42
3584 35
10752 30
7168 29
512 30
1536 30
8192 22
2048 21
512 19
2560 19
7680 19
3072 20
1536 21
1024 22
2048 23
2560 24
1536 25
10752 26
3584 27
1536 28
1536 29
512 30
7168 31
512 32
1536 25
2560 19
3584 17
2048 16
11776 17
512 18
3072 19
3072 20
1536 21
2560 22
1024 23
6144 24
5632 15
1536 15
2560 8
512 9
3584 10
4096 11
3584 12
7168 13
1024 14
512 15
2048 16
3584 17
6144 18
1536 18
512 19
4608 16
3584 16
1024 16
5120 7
4096 2
1024 1
1024 1
1536 1
2048 1
1024 1
2048 2
7680 3
1024 4
2560 5
16384 6
10240 7
1536 8
1536 9
4608 10
6144 11
6144 12
512 13
512 14
5120 15
3584 16
2560 17
5120 18
14336 19
14336 20
1536 21
4096 22
6656 23
2560 24
512 25
1024 26
512 27
6144 25
2048 19
7680 15
3072 16
512 12
1024 9
1024 1
1536 1
2560 2
2048 3
512 4
4096 5
2048 6
1024 7
2048 8
512 9
1024 10
2560 11
1536 12
512 13
512 14
3072 15
512 16
4608 17
5120 18
3584 14
2048 10
512 3
2560 2
1024 1
4608 1
3072 2
1024 3
5120 4
6144 5
5632 6
3072 7
2048 8
3072 9
512 10
1024 11
1024 12
512 13
1536 9
512 3
1024 1
10752 1
512 2
2560 3
3584 4
6656 5
512 6
2048 7
1536 8
5632 9
512 10
512 11
3584 12
1024 8
8704 9
3072 10
1024 11
1024 12
2048 13
512 14
2048 15
1024 1
2048 1
4096 1
3072 1
8192 2
1536 3
512 4
1024 5
512 6
7168 7
3072 8
6144 9
1536 10
3584 11
1536 12
1024 13
1536 14
4096 15
5120 9
9216 8
16384 7
12288 8
1024 9
1536 10
512 11
2048 11
6144 9
2048 1
3584 1
512 1
5632 1
1024 1
1024 1
512 2
1024 3
6656 4
2048 5
8704 6
2048 7
512 8
2560 9
1536 10
3584 11
4608 12
5632 13
1024 14
9216 14
7680 12
3072 13
5120 6
512 7
1024 7
512 4
6656 1
8192 2
2048 3
2048 4
5632 5
8704 6
6144 7
1024 8
1024 9
2560 10
1536 11
4608 12
512 13
2048 14
512 15
3072 16
4096 17
3584 18
1024 19
4096 20
16384 21
2048 15
7168 14
1536 14
3072 6
512 7
4608 6
1024 5
1536 2
512 1
1024 1
4608 1
4608 2
6656 3
5120 4
5632 5
5120 6
1024 7
512 8
1536 9
2048 10
6656 11
512 12
1024 13
1024 14
10752 15
9728 16
512 17
4608 13
8704 7
6656 1
16384 2
2048 3
1536 4
4096 5
6656 6
9216 7
2048 8
6656 9
2048 10
5632 11
2560 12
1536 13
2048 8
2048 6
14848 1
4608 2
1024 3
1536 4
1536 5
512 6
3072 7
5120 3
1024 1
2048 1
2048 2
4608 3
14336 4
1536 5
1024 6
512 7
1024 8
15360 9
5120 10
1536 11
3584 12
1024 13
3072 14
1536 15
512 13
512 12
1024 6
3072 1
4096 1
4608 1
1536 1
5120 1
512 2
2560 3
2048 4
512 5
512 6
1536 7
1024 8
512 9
2048 10
1024 11
1024 12
5120 5
2560 1
4096 2
1024 3
1536 4
512 5
3072 6
4096 7
512 8
3584 9
1536 10
7168 11
3584 12
11264 11
512 12
512 13
6656 10
8704 6
1536 6
512 1
1536 1
512 1
2560 1
1536 1
1536 2
512 3
7680 4
2048 5
2560 6
1536 7
1024 8
1024 9
2048 10
6144 11
2048 12
1536 13
3072 14
1536 15
5120 16
5120 17
1024 18
1536 19
1536 20
10752 21
4608 18
5632 12
1024 11
3072 10
6656 2
6144 1
1536 1
4608 1
7168 1
10240 2
512 3
3072 4
6656 5
3584 6
14336 7
1024 8
2560 9
2048 10
3584 11
5120 12
2560 13
1536 14
512 15
6144 16
9216 17
4608 18
1024 19
512 20
2560 21
1536 22
1024 23
6656 24
2560 25
3072 26
512 27
3072 28
11776 29
9728 30
3072 31
512 32
2048 33
1024 34
3072 35
512 36
1536 37
3072 38
512 39
1024 36
2560 34
3072 29
4096 27
1024 28
512 19
3584 12
1024 9
1024 10
6656 11
2560 12
8192 13
2048 14
5632 15
4608 16
2560 17
1024 18
3072 19
1536 20
2048 21
3072 22
1536 23
1536 22
3072 17
4608 6
4608 1
512 1
4096 1
6656 2
512 3
3072 4
2560 5
4608 6
2560 5
2048 6
4096 4
2048 3
512 1
1536 2
1536 3
3584 4
3072 5
4096 6
512 7
6144 8
1536 6
3584 2
512 3
5120 3
6144 1
512 2
512 1
5120 1
6656 2
2560 3
3072 4
2560 5
10752 6
512 7
3584 8
5120 9
3072 10
2048 11
3072 12
12288 13
7680 14
1536 15
4096 16
6656 17
7168 18
4096 19
8192 20
3072 21
3072 22
6656 23
6144 24
3584 25
4608 22
4608 18
2048 17
4096 15
1536 15
1536 14
3584 13
5120 11
2560 8
6144 1
2560 1
4096 1
6144 2
4608 3
512 4
512 5
12800 6
8192 7
1024 8
4608 9
7680 10
1024 11
1536 12
6656 13
512 13
4608 12
2048 9
1024 4
8192 3
4096 1
1536 1
512 1
1024 1
1536 2
1024 3
1024 4
2560 5
5632 6
2560 7
7680 8
1024 9
1024 10
1024 11
1536 12
7168 13
2048 13
2560 9
2048 8
4096 1
5632 1
4096 2
512 3
6144 4
5120 5
5120 6
1536 7
7680 8
2560 9
512 10
512 11
512 12
2560 13
6656 14
1024 14
7680 13
4096 13
10240 14
3584 15
1024 16
3584 17
4608 18
1536 19
4608 20
512 21
512 22
1024 21
6144 17
5120 15
1536 11
1024 11
1024 12
512 13
2560 14
1536 15
6144 16
1024 17
512 18
2048 19
15872 20
4096 21
9216 19
9728 10
1024 9
1024 8
1536 7
1024 1
1536 1
2560 2
1024 3
4608 4
2560 5
12288 6
2048 7
10752 4
3584 4
512 1
15872 1
2048 2
7168 3
512 4
5632 5
1024 6
512 7
2560 8
12288 9
2048 10
512 11
2048 12
512 13
4608 14
1024 10
3072 4
512 3
2560 2
1024 1
512 1
3072 2
2048 1
1536 1
6656 1
2560 2
2048 3
1536 4
1024 5
5120 6
4096 7
2560 8
11264 9
3072 10
4096 11
6144 12
10240 13
2560 14
1024 15
512 16
11776 16
3072 17
5632 18
2048 19
512 20
2048 21
2048 22
1024 23
4608 24
4096 25
9216 26
2048 27
512 28
12800 26
8192 25
1024 26
2560 23
7168 22
4608 18
512 16
2048 17
6144 13
1024 8
512 9
2560 7
4096 5
1024 5
6656 6
1024 7
4096 8
10240 9
3584 10
10752 11
1024 12
6144 13
10240 14
2560 15
3584 16
1536 17
4096 18
10240 13
7680 12
3584 13
7680 6
3072 7
512 5
1024 5
3072 5
1024 2
2048 1
1024 1
1024 1
6144 1
1024 1
512 1
1536 2
2048 3
9728 4
7680 5
1024 6
7680 7
512 8
4608 9
4096 10
1536 11
1024 12
11776 13
1536 14
3584 15
1536 16
2560 17
4608 18
7168 19
9728 20
7168 21
3584 22
1536 23
512 24
1024 25
4096 26
3072 27
11264 28
2048 29
2560 30
2048 31
2048 32
1024 33
1536 34
1024 35
4608 36
5120 37
6656 31
1024 30
2560 23
2048 24
512 25
512 26
16384 27
3584 28
512 29
2048 30
4096 31
512 32
1024 28
12800 24
2560 23
1024 8
9728 1
3072 1
2560 1
4608 2
4096 3
2560 4
1024 5
512 6
2560 7
2560 8
2048 9
512 10
1024 11
5632 12
5632 13
1024 14
16384 13
512 14
512 7
12800 4
2560 4
3072 1
1024 2
1024 3
6656 4
1536 5
3072 6
2048 7
6144 1
4096 1
1536 2
4608 3
2048 4
16384 5
1024 6
2048 7
5120 8
1536 9
2560 9
3072 5
2048 5
5632 1
1024 1
512 1
1024 1
13312 1
1024 2
8704 3
2560 4
512 5
1536 6
512 7
16384 8
6144 9
9728 10
1536 11
5120 12
2560 13
2560 14
4608 15
1536 16
1536 17
2048 18
5632 18
512 11
1024 5
4608 1
4096 2
3584 3
6656 4
15360 5
3584 6
3584 7
2048 8
7680 9
4608 10
6656 11
1536 12
1536 13
1024 14
1024 15
5632 16
14336 17
2560 18
4096 19
9216 20
1024 21
6656 22
1024 23
4608 24
5120 19
3072 19
1536 20
512 16
512 10
512 8
512 1
5120 1
1536 2
1024 3
4608 4
3584 5
7168 6
3584 7
7680 8
4096 9
3584 10
3072 11
2560 12
512 13
4096 11
512 11
1536 11
6144 3
7168 1
4608 2
1024 3
3072 4
3072 5
7680 6
6656 7
2560 8
2048 9
512 10
512 11
6144 12
12800 13
8704 14
5120 15
9216 16
512 17
1024 18
1024 19
3072 20
3072 21
3584 22
3072 23
7680 23
6144 23
1024 24
3072 22
1024 23
3072 22
3584 17
512 7
512 8
1024 9
6656 9
3072 10
15360 7
1024 7
10752 2
1024 1
512 2
1024 1
2560 2
9216 3
1024 4
6656 5
5632 6
2048 7
3584 8
1024 9
1024 10
1536 11
5120 12
4096 13
1024 14
512 15
1536 16
4608 17
512 18
2560 19
9216 20
512 21
4096 22
2560 23
3584 24
1024 23
3072 19
1536 15
4096 13
3584 10
2048 8
1536 8
10240 3
1536 3
1024 1
512 1
2560 1
2560 2
3072 3
512 4
4608 5
512 6
512 7
1024 8
3584 9
5632 10
2560 11
1024 12
4608 13
4608 14
2048 15
4608 16
3072 17
512 18
1536 19
512 20
4096 21
4096 22
5632 23
4096 24
512 25
1024 26
12800 27
1024 28
2048 29
2048 30
2560 31
512 32
3072 33
4096 34
3584 35
3584 26
512 26
2048 27
1024 28
10240 29
512 30
4096 31
10240 29
1024 30
8704 19
10240 12
7168 12
4096 12
3072 10
1024 7
1024 4
6144 1
3072 2
1536 1
1536 1
2048 1
1024 1
1536 1
1024 2
2048 3
6144 4
4608 5
3584 6
4608 7
3072 8
5632 9
1536 10
4096 11
5120 12
3584 13
2560 14
1536 15
2560 16
4608 17
3584 18
1024 19
3072 20
3072 21
1024 22
3072 23
2048 24
2048 25
4096 20
1024 21
2560 21
2560 17
1024 15
512 14
4608 14
2048 14
2560 10
2560 9
5632 7
2560 5
512 1
1024 1
2048 1
512 1
3584 2
1024 3
6656 4
2048 5
3072 6
4096 7
1536 8
3072 9
5120 10
2560 11
2048 12
3072 13
512 14
1024 15
5120 16
1536 17
5632 18
2048 19
1024 20
6144 21
512 22
9216 23
512 24
3072 21
1024 19
5632 17
1536 10
5120 11
9216 9
1024 10
3072 3
1024 4
1536 1
3072 1
5120 1
2048 2
512 3
3072 4
512 5
4096 6
7168 7
1024 8
3584 9
3072 10
3584 11
1024 12
1536 13
3584 14
1024 15
6144 16
2560 17
5632 18
1536 19
8192 20
1024 21
9728 22
5632 23
2560 24
512 25
3072 26
512 27
512 28
1536 29
9216 30
512 31
512 32
6144 27
4096 23
1536 22
3584 13
512 11
9216 2
1536 3
2048 1
1024 1
4096 1
1024 1
6144 1
5632 2
5632 3
1024 4
7168 5
1536 6
1536 7
4608 8
7168 9
512 10
5120 11
6656 12
512 13
4608 14
3584 15
512 16
1024 17
1536 18
2560 15
4608 8
4608 1
1024 1
1536 1
1536 2
1024 3
512 4
3072 5
2560 6
12800 7
4096 8
7680 9
6144 10
5632 11
3584 12
14848 13
3584 14
2560 5
512 2
7168 2
3072 1
7680 2
2560 3
4096 4
1536 5
512 6
1024 7
2560 8
5632 9
3584 10
2048 11
512 12
15872 13
2560 14
512 15
3584 16
5632 11
5632 9
5120 9
10240 4
6656 3
2048 4
3584 2
512 1
1024 1
512 1
10752 2
1024 3
9216 4
3072 5
5632 6
8704 7
1536 8
4608 9
8192 10
1024 11
10240 12
3584 13
1536 14
2560 15
7168 16
512 16
8192 12
2048 10
4608 11
4096 12
4608 13
1536 14
2048 15
1536 16
2048 17
5120 18
3584 19
512 20
1536 21
512 21
1024 22
2048 22
5120 20
1536 20
3584 20
1024 17
1024 15
3072 11
2560 10
3072 1
1536 1
2048 1
9216 1
1024 2
2048 3
3072 4
3584 5
5120 6
3584 7
1536 8
3584 9
5120 10
2048 11
4096 12
1536 13
2560 14
3584 15
1536 16
2560 17
3072 18
2048 19
2048 20
1024 21
3072 22
3584 23
512 24
1024 25
6144 21
2048 21
4096 18
1536 19
1024 19
2048 19
1536 18
3072 17
3584 15
1536 16
1536 8
512 9
4608 4
4096 1
512 1
3584 1
512 1
512 2
1024 3
2560 4
12800 5
2560 6
512 7
512 8
2560 9
1024 10
1536 11
3584 12
4096 13
9728 14
7168 15
6144 16
1024 17
2048 18
5120 19
512 20
512 21
1536 22
7168 23
8192 24
2560 25
4608 26
3072 27
2048 28
9728 29
6656 30
1024 31
1024 32
3072 33
1536 34
6144 24
4096 21
6144 21
3072 22
12288 11
2560 10
2048 11
512 9
1024 10
4096 9
3584 10
3072 11
16384 12
4096 13
512 14
2560 15
4096 16
512 17
16384 18
3072 19
9216 20
512 21
512 22
5632 23
4096 22
512 23
5120 23
9216 16
1536 17
2048 13
1536 7
2048 2
512 1
512 1
6656 1
512 2
3584 1
1024 1
512 1
5120 1
5632 2
7680 3
4608 4
9728 5
1536 6
4096 7
8704 8
512 9
1024 10
2048 11
3072 12
3072 13
3584 14
2048 15
2560 16
2048 17
2560 18
5120 19
5632 20
6144 21
8704 22
4608 23
7680 24
8192 25
2560 26
7680 27
2560 28
1536 29
1024 30
9728 31
3584 32
3072 33
2560 34
512 35
2560 36
512 37
5632 38
4608 39
512 40
512 41
1024 42
9728 42
6144 42
1024 42
6656 42
512 43
3072 44
9216 31
1024 31
1024 31
7680 31
1536 32
1024 31
11776 31
12288 31
2048 32
7680 31
512 21
2048 22
5120 16
3584 16
3584 16
2560 6
1536 5
1536 1
5120 1
3072 1
1536 1
4608 1
4096 1
512 2
1024 1
1536 1
1024 1
2048 1
4096 1
512 2
3072 3
3584 4
512 5
2048 6
4096 7
2048 8
4608 9
4096 10
512 11
2560 12
14848 13
5632 14
512 15
512 16
5120 17
1024 18
1024 19
512 20
1024 21
14336 22
1536 23
512 24
1536 25
512 26
6144 27
4096 28
2048 29
3072 30
512 31
512 32
1024 33
5632 34
1024 35
14336 36
2560 37
1536 38
8704 39
3072 40
512 41
5120 42
5632 43
1536 44
6656 45
512 46
3072 47
4096 48
512 49
512 50
6656 51
3584 52
12800 53
1536 54
3584 55
512 56
4096 57
3584 58
5120 59
2048 60
512 60
7168 61
1024 62
8192 63
1536 64
5632 65
8704 66
5120 67
4096 68
3072 69
1536 70
1024 71
6144 72
3584 73
2048 74
2048 75
3584 76
4096 77
1536 78
512 79
3072 80
6144 81
1024 82
8704 83
2560 84
1024 85
2560 86
1024 87
5120 88
2048 89
512 90
4096 91
7680 92
6144 93
6144 94
2048 93
4608 89
7168 88
10752 85
2048 83
4608 79
2048 65
12800 60
6144 61
2560 60
6144 55
512 52
8704 45
8704 45
4096 44
9216 43
1536 43
2560 35
9728 32
1024 33
8192 22
2048 22
5120 15
1536 15
1024 8
2560 8
1536 2
512 1
2048 1
3584 1
1536 1
7168 2
1536 3
1536 4
512 5
512 6
1024 7
14848 8
2048 9
9728 10
1024 11
4608 12
11264 13
9728 14
5120 15
6144 16
7680 17
512 18
3072 19
10240 20
4608 21
3072 22
512 23
512 24
1536 25
512 26
4608 27
2560 28
512 29
1024 30
1024 31
512 32
1536 33
11264 34
5632 35
3072 36
2048 37
9216 38
512 39
3584 40
1024 41
1024 42
1536 43
1024 44
2560 45
4608 46
512 47
1024 48
5120 49
5632 50
7168 51
5632 52
1024 53
512 54
7168 55
12800 56
3072 57
2048 58
1536 59
1024 60
512 61
3072 62
512 63
6656 64
2560 65
3584 66
1536 67
512 66
2048 55
3584 55
2048 56
2048 57
2560 58
4608 59
3584 60
4096 61
512 62
7680 63
2560 64
2048 65
2560 66
3072 67
7680 68
1536 69
5632 70
1024 71
1536 72
512 73
7680 74
1536 75
5632 75
4096 74
8704 58
512 59
3584 52
2560 51
1536 47
3072 47
4096 42
512 39
2560 39
3584 28
1536 27
6656 21
4096 22
512 17
2048 17
512 12
5120 7
4096 6
3584 7
4096 3
512 1
1024 1
512 1
512 2
4096 3
2560 1
12800 2
8192 3
512 4
3584 5
6144 6
512 7
6656 8
5120 9
512 10
1536 11
3584 12
6144 13
2560 14
5120 15
5632 16
2048 17
4608 18
6656 19
2048 20
2560 21
512 22
3072 23
512 24
1536 25
2560 26
16384 27
512 28
10240 29
2560 30
2048 31
3072 32
6656 33
4608 32
2560 32
2048 28
8192 28
512 29
512 24
2560 21
8704 14
15360 9
2560 10
7680 11
4608 12
4096 13
1536 14
1024 15
1536 16
512 17
11264 18
5120 19
4608 20
6656 21
4608 22
2560 23
512 24
2048 25
1024 26
5632 27
6656 28
10752 29
3584 30
2560 31
512 32
1024 33
5632 34
5120 35
2048 36
3072 37
5632 38
2560 39
4096 40
2048 41
3584 42
512 43
1536 37
2560 36
2560 35
4096 36
2048 35
3072 25
2560 25
1024 23
1024 21
512 15
1536 15
4608 10
512 10
1536 8
3584 3
2560 4
4096 2
1536 1
1024 1
2560 1
3072 2
512 3
5632 4
512 5
512 6
7680 7
3072 8
512 9
1024 10
2560 11
7168 12
3072 13
512 14
2560 15
1024 16
7680 17
2048 18
4096 19
1024 20
4096 13
4608 11
7168 11
2560 12
1536 12
1024 10
512 10
1536 1
12288 1
3584 2
2560 3
9728 4
2048 5
1024 6
3072 7
2048 8
2560 9
4096 10
512 11
4096 12
2560 13
1024 14
2048 15
2048 16
512 17
5120 18
9216 19
1024 20
3072 21
4608 22
512 23
1024 24
2560 25
5120 1
4096 2
1024 3
1536 4
4608 5
512 6
10752 7
4096 1
