88 152020
89 154592
91 160307
97 172586
98 174809
100 182204
105 193040
110 201011
114 210354
115 216175
119 217267
121 218441
125 224181
127 229222
131 239113
132 239630
136 243287
139 246614
141 251819
142 256417
145 256927
147 259267
148 260515
150 264160
154 265868
157 272523
160 274645
165 282381
167 283865
171 298987
174 303651
175 306303
180 313447
182 317084
185 324660
188 330571
190 337014
192 347726
194 353380
196 360332
201 363440
202 365813
208 367312
210 371604
212 375223
215 384808
217 392068
221 412659
222 413332
227 422595
229 431846
235 435286
241 446251
245 453839
249 456283
252 465613
258 487258
261 489360
265 502196
268 503631
271 506813
277 524665
284 542899
296 574915
298 577033
305 585458
306 589123
308 591311
317 607434
321 618070
324 622316
328 634211
331 637766
336 641262
341 648043
342 650927
346 654994
356 672383
359 679551
366 689747
368 693852
372 701404
373 705148
375 710009
377 712068
378 723163
381 724888
387 732871
392 735302
393 737850
394 739209
395 745086
399 754117
402 762103
403 767144
404 767817
406 772673
408 773658
417 786994
419 791930
422 796832
424 800214
425 807732
432 821838
434 828692
438 834100
443 845413
446 850052
452 853608
455 865858
460 871826
461 874521
463 876155
465 884004
469 885868
474 901264
478 906470
480 913018
483 918848
485 926134
490 933348
492 938230
497 948787
499 954814
503 962729
506 970694
509 974724
522 1003199
523 1007606
525 1015108
529 1024886
531 1027661
533 1029065
539 1045455
543 1048671
544 1056382
546 1057540
553 1070032
555 1071510
561 1082649
564 1085803
568 1093023
570 1095187
574 1112427
577 1121556
581 1124980
592 1140985
595 1150178
596 1156952
599 1161427
601 1167718
607 1169271
610 1174302
611 1176067
617 1193508
620 1195431
624 1201215
627 1210421
629 1217650
633 1218627
635 1222831
638 1224933
643 1252193
645 1254763
647 1256834
650 1262969
652 1267660
658 1281703
659 1290431
661 1291384
674 1311030
677 1316286
679 1317624
683 1329730
685 1337350
686 1344462
688 1352530
690 1361379
692 1369222
695 1378186
699 1382708
700 1385261
705 1393561
711 1412102
715 1415296
717 1417012
719 1418096
721 1420904
725 1438099
729 1439035
731 1444057
737 1453065
743 1461121
746 1470592
748 1473817
750 1476058
753 1479087
755 1483715
758 1497217
761 1498367
763 1501799
767 1504747
769 1509311
771 1514824
780 1549303
784 1555094
789 1566046
792 1571978
795 1581994
797 1583952
799 1590993
801 1601442
806 1605176
808 1608399
810 1610693
811 1613962
814 1620145
816 1639921
817 1646440
821 1647220
823 1650726
827 1657700
828 1661600
831 1664121
835 1665213
837 1665525
843 1679021
849 1692712
856 1706492
858 1711416
861 1720001
863 1725110
869 1741534
870 1748948
872 1752528
874 1757676
876 1765193
878 1765817
885 1775198
889 1778003
891 1784255
894 1792089
895 1794971
899 1804903
903 1810675
904 1816969
918 1855164
921 1868363
928 1882763
937 1898754
940 1902613
943 1911246
948 1923545
953 1935778
957 1940557
969 1962140
973 1970368
975 1976733
979 1983237
987 2002668
998 2024459
1006 2045747
1009 2056365
1011 2058147
1013 2067234
1019 2077093
1020 2079022
1025 2094200
1029 2106094
1030 2107859
1033 2113902
1039 2127407
1045 2140779
1051 2144581
1053 2151605
1057 2152229
1059 2161841
1061 2163598
1067 2167539
1071 2170511
1073 2175504
1076 2177631
1081 2193653
1083 2195106
1086 2200151
1089 2204979
1093 2219599
1096 2223147
1098 2228732
1103 2258183
1105 2264069
1110 2277005
1111 2280330
1115 2282765
1118 2289772
1131 2312815
1133 2315754
1136 2319481
1147 2340751
1149 2344612
1151 2346246
1153 2350682
1155 2355763
1157 2363457
1168 2371277
1174 2391415
1178 2399261
1180 2406302
1181 2410046
1182 2410432
1183 2411680
1187 2425322
1189 2426052
1191 2428112
1195 2430618
1197 2434050
1199 2436218
1203 2440430
1207 2444234
1212 2450647
1214 2456815
1215 2457398
1225 2469922
1229 2477184
1231 2479390
1236 2488834
1237 2489507
1241 2497762
1244 2499174
1246 2499847
1250 2510786
1253 2518965
1259 2527983
1260 2529395
1263 2530775
1264 2533739
1275 2544693
1278 2554002
1280 2563986
1282 2568367
1288 2579603
1291 2583778
1299 2600440
1302 2606261
1304 2617726
1307 2619033
1310 2625369
1312 2627298
1314 2631248
1319 2640562
1326 2656628
1329 2661077
1333 2663105
1339 2668934
1340 2676815
1341 2679402
1343 2683614
1346 2687736
1348 2691964
1351 2695068
1352 2698032
1355 2707482
1357 2709633
1360 2714336
1368 2741832
1374 2745794
1382 2765596
1386 2768069
1388 2776833
1389 2781034
1393 2789556
1397 2793061
1398 2796854
1405 2815675
1409 2817803
1413 2821375
1417 2825357
1422 2833576
1423 2835982
1425 2840531
1429 2841155
1432 2847522
1433 2848606
1435 2852760
1438 2853967
1440 2858728
1444 2860239
1449 2876187
1452 2887788
1457 2896052
1461 2906808
1470 2925696
1473 2933434
1478 2943342
1485 2958042
1487 2958888
1489 2966531
1491 2973411
1493 2978369
1496 2984253
1501 2990019
1503 3003921
1505 3013777
1509 3016486
1513 3025097
1517 3027232
1523 3031640
1529 3042411
1531 3047954
1538 3059399
1541 3060746
1545 3065215
1548 3075140
1551 3080462
1553 3084329
1557 3084740
1561 3092168
1564 3093464
1568 3114214
1574 3118445
1578 3128929
1583 3137617
1586 3143140
1590 3150846
1592 3153086
1594 3155747
1596 3156469
1598 3169450
1600 3170854
1601 3172570
1606 3188241
1611 3207799
1613 3216174
1616 3218854
1619 3226164
1623 3240568
1627 3243360
1630 3265428
1635 3273033
1640 3276324
1643 3285293
1647 3287165
1651 3289767
1657 3292813
1659 3297093
1663 3305244
1664 3309083
1667 3316753
1671 3325647
1676 3334479
1679 3334931
1681 3337583
1683 3343076
1687 3346804
1689 3354637
1691 3355811
1693 3362704
1697 3367754
1702 3374032
1706 3379901
1708 3386246
1709 3389415
1713 3394395
1721 3411725
1722 3417850
1723 3423034
1725 3424816
1726 3426269
1727 3428905
1730 3430621
1731 3433896
1734 3437755
1736 3438740
1737 3444987
1740 3452931
1743 3455091
1746 3458884
1747 3462694
1749 3466832
1754 3478078
1759 3492719
1763 3494296
1764 3495856
1765 3496636
1771 3508131
1777 3523626
1781 3528660
1789 3534552
1792 3542226
1798 3549365
1800 3554016
1803 3561282
1805 3566277
1807 3567287
1812 3577079
1816 3594053
1822 3610982
1826 3620543
1832 3629849
1833 3633240
1838 3637879
1841 3643341
1845 3646149
1849 3647813
1853 3653056
1855 3655397
1859 3668568
1866 3677891
1875 3707910
1878 3720486
1882 3728251
1883 3731657
1884 3732962
1887 3736283
1888 3741168
1895 3771348
1896 3775996
1897 3781990
1901 3782705
1911 3792078
1915 3805279
1919 3810877
1922 3814495
1927 3825416
1929 3829353
1933 3835204
1934 3838324
1942 3852964
1943 3860969
1947 3869214
1951 3870462
1955 3876718
1959 3885902
1963 3893291
1967 3898594
1971 3903380
1978 3915658
1982 3918659
1985 3920905
1987 3929662
1992 3938581
1993 3941201
1995 3943389
1998 3951727
2002 3956958
2005 3960826
2007 3962140
2009 3972542
2015 3976711
2018 3986815
2021 3996221
2022 3997050
2024 4001745
2029 4009531
2031 4012651
2037 4021209
2041 4036075
2045 4040402
2047 4043292
2050 4043892
2056 4047272
2062 4054716
2064 4059658
2069 4070536
2072 4072449
2075 4074477
2077 4075799
2080 4082509
2083 4097576
2085 4104477
2091 4113188
2093 4121335
2095 4134313
2098 4137352
2104 4148237
2105 4154831
2108 4159685
2114 4181044
2117 4184905
2122 4196127
2130 4213715
2133 4221491
2134 4224951
2136 4228621
2141 4235933
2143 4243704
2146 4247760
2147 4250133
2155 4254419
2159 4260253
2161 4266700
2165 4271756
2168 4283970
2170 4286252
2171 4289292
2175 4296972
2177 4300384
2186 4316856
2187 4319089
2194 4334797
2198 4340916
2201 4346769
2203 4347622
2205 4352170
2207 4359345
2213 4368329
2215 4374150
2217 4378382
2221 4390590
2222 4396836
2226 4407568
2230 4415965
2233 4420549
2238 4425869
2249 4446291
2253 4454420
2259 4467198
2261 4470572
2263 4475916
2268 4493243
2271 4499677
2276 4515125
2279 4523145
2283 4526926
2289 4536362
2293 4543732
2297 4555388
2300 4563013
2301 4571456
2303 4574956
2307 4579735
2309 4582354
2317 4592231
2319 4595039
2325 4602249
2331 4607414
2338 4621290
2340 4624114
2341 4625058
2343 4630324
2347 4636258
2350 4636909
2359 4657130
2366 4684460
2368 4688180
2372 4700269
2375 4707633
2379 4716383
2387 4725887
2388 4729721
2390 4732608
2391 4741121
2394 4747666
2400 4758397
2404 4771782
2415 4787959
2424 4817880
2427 4828410
2430 4829872
2433 4833825
2435 4838037
2439 4843709
2445 4852199
2447 4853694
2449 4858263
2450 4864077
2451 4864906
2453 4869411
2455 4882313
2462 4885338
2467 4890806
2469 4895164
2471 4897891
2476 4906834
2479 4907927
2481 4914068
2483 4917033
2489 4920321
2492 4930744
2500 4951271
2502 4953570
2505 4957881
2506 4959441
2508 4962535
2515 4970922
2518 4975762
2522 4986691
2523 4992536
2525 5001371
2527 5003013
2529 5006502
2531 5008759
2534 5014046
2536 5019178
2537 5022364
2541 5026330
2547 5035827
2549 5037494
2551 5040507
2553 5057100
2561 5060071
2565 5067289
2568 5069884
2571 5076814
2574 5081718
2576 5084473
2580 5089505
2586 5102461
2589 5108980
2591 5112059
2595 5120862
2598 5123509
2601 5129270
2606 5141208
2611 5148590
2616 5152623
2621 5156266
2622 5161602
2625 5177817
2629 5187636
2632 5192275
2635 5198528
2639 5208995
2641 5214014
2643 5216674
2649 5223429
2651 5226716
2653 5229778
2656 5240374
2658 5241934
2665 5254899
2671 5269177
2673 5273811
2675 5274796
2677 5287858
2687 5317269
2691 5330868
2695 5334371
2703 5341365
2709 5351340
2711 5358256
2712 5359348
2718 5367081
2720 5369519
2726 5381925
2731 5384878
2732 5385691
2736 5391237
2744 5403273
2749 5413472
2753 5422776
2756 5425954
2759 5427360
2764 5441730
2766 5449846
2770 5457270
2778 5482657
2780 5487435
2783 5496877
2785 5502078
2788 5505976
2793 5513052
2796 5520210
2799 5527762
2805 5538529
2811 5541511
2812 5544009
2814 5548836
2819 5567939
2822 5577071
2825 5578249
2839 5615720
2843 5619856
2851 5629856
2853 5635815
2856 5640173
2857 5646831
2860 5650839
2863 5654082
2865 5654969
2866 5655905
2869 5658465
2871 5661646
2872 5665234
2875 5669109
2877 5680549
2882 5682981
2887 5690647
2889 5692774
2895 5706828
2900 5711917
2902 5718003
2904 5725317
2909 5729814
2913 5742716
2921 5746522
2925 5765250
2927 5770715
2930 5772302
2933 5783316
2936 5785306
2937 5786500
2939 5795071
2941 5800424
2947 5809472
2948 5811944
2953 5816052
2956 5822974
2961 5828729
2963 5837723
2967 5850237
2975 5870140
2979 5875210
2982 5879697
2985 5885190
2986 5887374
2989 5892645
2992 5899678
2993 5901550
2998 5924845
3005 5945543
3009 5956793
3015 5976043
3021 5981383
3024 5989538
3026 5990868
3027 6012696
3031 6017787
3032 6019659
3034 6022457
3039 6025734
3045 6043347
3050 6060639
3051 6062692
3054 6068201
3057 6076086
3059 6081437
3061 6088098
3068 6105135
3079 6127400
3083 6132854
3085 6136369
3087 6141344
3095 6176522
3101 6183234
3109 6188181
3110 6194733
3113 6198043
3115 6203503
3117 6206155
3119 6208183
3122 6210153
3124 6212605
3129 6223717
3130 6228308
3136 6247945
3147 6265036
3149 6271338
3157 6284357
3164 6305427
3168 6310619
3175 6323563
3177 6327464
3179 6329048
3183 6336496
3186 6344235
3189 6345647
3191 6347256
3195 6354210
3199 6366513
3202 6376983
3205 6385254
3211 6401710
3217 6414993
3221 6427064
3226 6438397
3229 6448027
3232 6455857
3234 6464645
3237 6470506
3240 6472944
3243 6480653
3247 6484305
3251 6491483
3255 6497184
3258 6518862
3260 6520784
3263 6526687
3265 6529300
3271 6544348
3275 6551384
3278 6556348
3280 6561514
3285 6584627
3289 6593461
3290 6597853
3297 6612452
3301 6620255
3307 6641613
3311 6645741
3317 6660322
3321 6667613
3323 6674348
3325 6681649
3327 6682018
3329 6683143
3330 6687779
3336 6702674
3339 6704144
3341 6709136
3344 6715755
3345 6722747
3351 6727509
3353 6738029
3355 6740949
3360 6751195
3363 6758969
3367 6767362
3372 6781243
3377 6800135
3379 6803099
3383 6813763
3385 6815167
3390 6822106
3391 6823896
3394 6828408
3406 6849176
3409 6850547
3412 6861469
3416 6867595
3417 6873560
3421 6885653
3425 6902104
3436 6933428
3437 6940357
3441 6943633
3442 6945349
3443 6947730
3445 6949446
3447 6951630
3452 6960168
3453 6963977
3457 6970022
3463 6983905
3465 6988114
3467 6995121
3470 7009919
3475 7027811
3477 7029371
3482 7032729
3486 7037551
3488 7044073
3494 7057259
3502 7069521
3507 7076575
3513 7105324
3516 7109221
3521 7115274
3522 7121948
3526 7130056
3530 7135504
3533 7141613
3534 7144715
3536 7156119
3538 7158418
3541 7160553
3549 7179811
3551 7183611
3553 7187684
3560 7196100
3562 7202544
3565 7213795
3570 7230259
3575 7236974
3576 7240507
3577 7242214
3579 7250475
3581 7252035
3582 7252971
3583 7254375
3584 7255467
3586 7258119
3589 7259121
3591 7260057
3595 7266616
3597 7267240
3599 7270647
3604 7277492
3606 7282121
3608 7290940
3612 7303929
3619 7323113
3625 7337079
3633 7346882
3635 7350133
3639 7355527
3642 7361731
3657 7391107
3663 7410492
3668 7419009
3669 7421760
3673 7432701
3676 7434708
3679 7439489
3681 7441903
3682 7446454
3689 7457226
3691 7460219
3698 7474022
3701 7488235
3704 7489565
3709 7499289
3714 7502554
3715 7504788
3716 7506241
3718 7511087
3723 7524542
3728 7537038
3732 7541880
3735 7551082
3737 7553081
3744 7571753
3747 7587160
3749 7592272
3753 7601751
3758 7614976
3760 7619193
3767 7634048
3770 7640374
3773 7649208
3784 7680190
3787 7684865
3789 7694075
3790 7695085
3791 7696177
3793 7705304
3797 7718688
3801 7733438
3805 7735672
3808 7736723
3809 7740550
3813 7755180
3817 7760353
3821 7762258
3830 7783060
3831 7784981
3832 7788725
3833 7789817
3835 7795162
3838 7801239
3843 7805200
3850 7822420
3852 7832014
3857 7855902
3859 7857306
3863 7860384
3864 7861253
3865 7864904
3870 7875725
3872 7879525
3876 7889125
3881 7899198
3887 7907730
3891 7919338
3896 7930752
3903 7944877
3907 7953614
3910 7962040
3911 7965628
3915 7966581
3918 7975108
3921 7977652
3922 7985070
3925 7989992
3928 7994672
3930 8000332
3933 8002178
3938 8008484
3949 8036884
3955 8044397
3957 8046389
3960 8048360
3961 8054089
3965 8057726
3968 8064843
3974 8073035
3975 8074582
3977 8080962
3979 8082522
3981 8087136
3984 8091904
3986 8100732
3993 8112932
3995 8115512
3997 8124530
4001 8125203
4004 8125885
4009 8140009
4011 8143988
4019 8155278
4021 8161110
4023 8163048
4025 8165158
4031 8174165
4035 8181581
4039 8202118
4043 8207041
4050 8209168
4052 8210551
4056 8227608
4059 8230731
4063 8239381
4067 8253482
4071 8254187
4075 8258409
4077 8261529
4078 8263768
4081 8269981
4085 8281284
4088 8284363
4091 8285776
4093 8286868
4095 8290812
4097 8298939
4099 8302454
4104 8314287
4109 8323558
4111 8325806
4118 8348982
4123 8366645
4129 8379711
4130 8380400
4135 8398006
4137 8400732
4141 8405286
4144 8414250
4147 8427310
4151 8430365
4156 8443708
4159 8448041
4167 8453762
4169 8457110
4172 8463699
4180 8485893
4181 8490528
4186 8496189
4189 8512275
4194 8519897
4198 8522260
4200 8525987
4201 8528171
4205 8532787
4207 8541384
4215 8555455
4221 8574790
4223 8581091
4229 8605471
4233 8607294
4240 8613336
4242 8618498
4245 8632333
4249 8639294
4250 8644286
4251 8646807
4255 8648129
4258 8648909
4259 8652563
4261 8656372
4263 8656692
4267 8657160
4269 8659812
4276 8666404
4281 8671149
4283 8674893
4286 8684306
4287 8688718
4293 8713412
4299 8722916
4300 8725100
4306 8729493
4308 8734286
4309 8735731
4310 8739863
4313 8747242
4316 8752862
4319 8754909
4323 8765782
4324 8766250
4329 8772027
4332 8778722
4334 8780126
4337 8783957
4343 8786174
4346 8795005
4351 8808008
4361 8829106
4365 8837446
4367 8843817
4370 8852430
4376 8856903
4378 8869680
4381 8878208
4385 8888903
4391 8898139
4393 8899165
4396 8905926
4398 8907691
4402 8914074
4404 8916155
4410 8929576
4413 8946750
4417 8958301
4420 8961446
4423 8969346
4427 8981620
4431 9000112
4434 9007277
4436 9013629
4438 9017997
4441 9019573
4447 9037537
4451 9039015
4456 9058476
4459 9066754
4461 9070736
4465 9076293
4467 9084597
4468 9088017
4473 9092129
4478 9103596
4482 9107528
4484 9117033
4491 9123383
4492 9125879
4493 9126922
4496 9130078
4500 9133456
4506 9139095
4509 9145717
4511 9147655
4515 9152808
4517 9163745
4521 9166331
4525 9170357
4529 9182282
4531 9184466
4536 9193337
4539 9201271
4540 9203514
4541 9206758
4545 9213727
4549 9218920
4554 9232667
4557 9243397
4563 9258188
4565 9265031
4569 9273672
4574 9276645
4577 9283411
4581 9290997
4585 9294288
4587 9295331
4591 9298902
4593 9302284
4595 9305502
4599 9313407
4600 9318274
4603 9322026
4604 9324054
4606 9325548
4609 9332238
4610 9333621
4612 9334138
4616 9341816
4617 9345264
4620 9352552
4625 9362943
4629 9371511
4632 9377025
4634 9378265
4636 9381073
4639 9389742
4641 9394562
4646 9397904
4653 9412631
4657 9426492
4659 9431665
4663 9440003
4665 9444834
4667 9446805
4669 9447954
4672 9454136
4673 9460327
4675 9462322
4679 9466649
4683 9471564
4687 9479256
4690 9482863
4692 9485646
4697 9498349
4699 9500656
4703 9510917
4705 9519705
4706 9521322
4707 9525451
4708 9536238
4710 9536944
4715 9552006
4717 9555421
4720 9556513
4722 9560791
4725 9561686
4728 9563272
4731 9578467
4740 9581004
4743 9588512
4744 9591320
4745 9596394
4749 9599202
4757 9608805
4759 9611608
4761 9615751
4765 9624790
4770 9635503
4772 9638481
4774 9645717
4775 9647334
4779 9662194
4783 9674779
4786 9683096
4788 9688127
4792 9691871
4799 9715466
4803 9719999
4806 9726814
4812 9741929
4821 9759608
4824 9763416
4831 9780381
4835 9783134
4841 9791138
4845 9803098
4849 9811449
4851 9828030
4853 9829771
4857 9836132
4858 9840101
4862 9841293
4864 9850694
4866 9851564
4867 9856400
4869 9858083
4871 9858452
4875 9873605
4876 9881434
4879 9882937
4886 9895812
4891 9902071
4894 9909296
4895 9911324
4899 9924294
4903 9927882
4909 9934591
4911 9940237
4915 9946324
4921 9956916
4922 9961003
4925 9968311
4927 9971226
4929 9974970
4931 9976941
4938 9989846
4939 9993797
4941 9997921
4948 10011857
4951 10019495
4955 10027893
4959 10033090
4967 10041521
4969 10045771
4971 10052406
4973 10053424
4976 10064706
4978 10069312
4981 10072183
4984 10077652
4985 10079417
4989 10089906
4992 10092139
4996 10111648
5001 10117583
5009 10127469
5016 10151416
5018 10153682
5020 10154380
5025 10177510
5029 10189619
5033 10200772
5036 10203375
5041 10227708
5051 10239245
5053 10244416
5057 10247692
5058 10249481
5059 10250959
5066 10261876
5072 10273857
5075 10284112
5080 10297918
5086 10301557
5088 10311675
5096 10324212
5098 10330056
5100 10333975
5103 10340355
5105 10342637
5106 10345502
5107 10347440
5110 10352503
5113 10355561
5114 10358902
5118 10367444
5119 10373794
5123 10375092
5129 10377898
5131 10389265
5133 10394195
5139 10405518
5143 10412189
5147 10415777
5150 10420531
5154 10429523
5159 10434438
5165 10442129
5168 10449479
5171 10457758
5174 10458070
5176 10460123
5179 10462368
5181 10466112
5183 10469288
5187 10475264
5191 10486730
5194 10489278
5198 10493120
5201 10503539
5205 10505868
5209 10517023
5212 10522311
5216 10532677
5219 10536861
5223 10543106
5228 10554608
5231 10559501
5237 10573290
5240 10579114
5249 10585372
5252 10592118
5256 10610056
5261 10615308
5265 10619262
5267 10627671
5270 10635405
5284 10661427
5286 10671449
5293 10682383
5294 10683581
5295 10690975
5298 10698678
5300 10700394
5304 10707297
5305 10710466
5309 10718414
5313 10720999
5316 10725116
5320 10733323
5322 10735747
5328 10754108
5332 10756836
5334 10758689
5338 10771952
5345 10790624
5346 10803021
5347 10803588
5351 10812643
5361 10824770
5365 10838120
5369 10839043
5371 10842195
5373 10846522
5376 10854709
5381 10859316
5383 10864124
5389 10876514
5392 10884627
5395 10893139
5400 10898153
5402 10901888
5404 10903982
5407 10909869
5412 10918039
5413 10920420
5418 10925254
5419 10938693
5421 10948435
5426 10951662
5429 10954880
5432 10960142
5437 10974949
5441 10985927
5443 10990022
5449 11011692
5459 11031100
5463 11034475
5464 11037275
5467 11040322
5469 11050286
5475 11059010
5482 11072391
5484 11079554
5486 11088320
5488 11091136
5491 11093463
5496 11104195
5500 11110846
5503 11127380
5505 11131223
5511 11134485
5514 11145938
5515 11151360
5518 11162823
5526 11178184
5529 11192544
5533 11212597
5537 11219665
5540 11235082
5543 11239384
5546 11241683
5548 11242929
5551 11250752
5560 11265071
5562 11271070
5563 11277332
5565 11279344
5567 11280124
5571 11285629
5575 11290500
5581 11295921
5590 11305615
5593 11311426
5595 11314512
5596 11317057
5597 11318683
5599 11322788
5603 11330854
5606 11333285
5610 11343754
5612 11346805
5613 11350065
5615 11363946
5617 11367515
5619 11371573
5621 11374225
5623 11376253
5626 11378880
5628 11380440
5630 11382156
5633 11383495
5637 11389111
5641 11396116
5645 11401859
5650 11412587
5651 11419414
5655 11421785
5657 11428461
5665 11440864
5668 11445505
5670 11448026
5672 11454885
5676 11465840
5679 11474209
5685 11492733
5692 11508436
5696 11519439
5699 11525049
5703 11527349
5706 11530662
5709 11537601
5711 11542611
5715 11548731
5723 11557401
5726 11574249
5728 11576811
5731 11587167
5733 11589211
5738 11598898
5742 11613005
5747 11618803
5751 11633071
5755 11634516
5759 11637891
5767 11659912
5772 11665681
5774 11670816
5775 11674675
5781 11682012
5784 11687736
5786 11691215
5788 11696470
5793 11711820
5797 11714492
5802 11723125
5806 11733426
5810 11738609
5812 11749402
5813 11754876
5817 11764934
5820 11771393
5830 11799462
5834 11813329
5837 11831047
5838 11837476
5839 11841108
5842 11841979
5845 11845055
5847 11849037
5853 11866989
5854 11870265
5855 11872293
5857 11873385
5859 11875594
5862 11876218
5865 11878402
5867 11879806
5868 11885089
5875 11904041
5877 11908419
5883 11922296
5885 11926770
5889 11937088
5892 11938848
5894 11941730
5898 11954339
5900 11957681
5903 11958839
5907 11961056
5909 11962131
5915 11973225
5920 11975099
5923 11986874
5932 12003464
5935 12009644
5938 12015647
5946 12036833
5948 12042208
5951 12053113
5953 12055141
5955 12058573
5957 12063490
5959 12068531
5961 12079757
5964 12082326
5966 12086241
5970 12097076
5975 12106010
5980 12113102
5983 12114949
5985 12120233
5992 12133857
5994 12148773
6003 12170425
6006 12176291
6008 12179531
6014 12194263
6017 12198753
6023 12213133
6026 12215654
6031 12222211
6033 12223870
6037 12232528
6041 12238558
6044 12253970
6050 12266039
6052 12269085
6054 12276766
6057 12284330
6061 12289274
6065 12295607
6066 12297635
6071 12304920
6072 12307104
6078 12316391
6080 12330887
6082 12333252
6084 12338942
6087 12340683
6092 12353337
6094 12365978
6099 12375502
6103 12391698
6106 12396690
6107 12399342
6110 12400105
6118 12415314
6124 12424224
6127 12427131
6129 12433491
6131 12436446
6132 12438343
6135 12457679
6139 12467776
6145 12475982
6146 12482887
6151 12489703
6153 12500625
6155 12505461
6159 12508178
6162 12509803
6167 12515204
6173 12533117
6177 12541220
6183 12556231
6185 12570385
6188 12582908
6190 12584673
6194 12595557
6197 12598825
6204 12617124
6206 12629095
6208 12630811
6211 12632667
6213 12635163
6216 12637027
6218 12639745
6221 12643046
6226 12662422
6230 12668189
6233 12673955
6236 12676352
6239 12683136
6240 12684901
6246 12694617
6250 12707816
6254 12724540
6256 12725550
6258 12733235
6263 12738617
6269 12757598
6271 12760550
6274 12761911
6281 12780178
6283 12782825
6289 12798851
6291 12807345
6294 12812021
6297 12814844
6299 12820420
6300 12834456
6305 12839778
6307 12844424
6309 12853427
6313 12855687
6317 12857551
6320 12861807
6323 12867092
6326 12875572
6335 12891676
6340 12902363
6345 12924242
6347 12933796
6351 12935200
6355 12948022
6359 12958764
6361 12961053
6364 12965265
6367 12970712
6372 12978406
6375 12982504
6377 12990849
6378 12992930
6382 13002389
6383 13003744
6386 13019172
6391 13031782
6395 13036767
6399 13043451
6403 13052732
6411 13066949
6415 13075028
6417 13076596
6425 13079492
6428 13089591
6431 13097225
6432 13112592
6434 13121385
6437 13126598
6439 13130507
6444 13133419
6448 13144470
6451 13156164
6455 13159608
6458 13162704
6460 13166707
6466 13187504
6469 13191794
6471 13195637
6480 13206712
6483 13208836
6486 13210772
6488 13215330
6490 13220587
6491 13228955
6492 13232444
6495 13240445
6501 13244201
6505 13250460
6517 13283350
6521 13290533
6523 13301916
6526 13305901
6529 13309752
6536 13329193
6541 13332440
6545 13340275
6547 13343863
6553 13347338
6558 13353538
6560 13363916
6563 13364823
6569 13389684
6571 13394575
6573 13395667
6574 13409191
6580 13414069
6584 13419121
6587 13426922
6590 13429159
6592 13434745
6597 13444812
6601 13448812
6605 13458481
6609 13464583
6614 13471095
6618 13481008
6625 13500365
6627 13507433
6630 13512121
6639 13524369
6649 13537882
6655 13554769
6661 13566122
6663 13569316
6665 13585945
6668 13587119
6674 13603796
6676 13611662
6683 13631286
6687 13633700
6694 13658985
6696 13661062
6700 13674788
6703 13682272
6710 13703436
6713 13713147
6715 13720439
6719 13722631
6723 13724882
6729 13739863
6734 13742336
6736 13745457
6741 13751812
6745 13763388
6749 13781466
6754 13790756
6760 13802913
6763 13812277
6771 13818703
6773 13823339
6779 13835985
6780 13837710
6785 13847762
6788 13849265
6794 13867407
6801 13881259
6803 13890561
6806 13892433
6809 13897078
6813 13898492
6818 13900019
6820 13907052
6822 13919020
6824 13922920
6829 13925146
6831 13929202
6839 13929686
6842 13930196
6845 13938204
6851 13943707
6853 13958305
6856 13960041
6859 13964290
6863 13976555
6867 13979207
6869 13983781
6875 14000560
6878 14001455
6879 14004947
6881 14006663
6886 14008031
6887 14012242
6891 14023638
6898 14029899
6899 14031508
6901 14034546
6904 14041704
6907 14046273
6911 14055529
6917 14062482
6919 14066118
6921 14070051
6924 14073339
6927 14084656
6929 14088560
6931 14090900
6935 14105405
6939 14106128
6942 14114285
6946 14118183
6953 14127914
6960 14135020
6963 14144734
6966 14147257
6968 14148431
6975 14166113
6980 14182351
6986 14196464
6989 14203148
6992 14209967
6997 14218830
7000 14224623
7001 14227505
7005 14228355
7014 14251156
7019 14266418
7022 14267732
7024 14272887
7026 14276342
7027 14279199
7031 14290393
7039 14298074
7043 14299708
7044 14304835
7046 14314633
7048 14327918
7051 14330266
7052 14332343
7058 14345244
7061 14350321
7066 14366644
7069 14372113
7077 14405584
7081 14412187
7088 14422498
7091 14430132
7093 14433281
7096 14443862
7097 14445816
7101 14451141
7105 14454960
7108 14463673
7111 14470434
7115 14478927
7120 14488538
7123 14490919
7124 14495525
7130 14513433
7133 14522973
7134 14524385
7135 14524853
7137 14528441
7140 14536247
7142 14540056
7145 14541247
7153 14559005
7154 14560770
7159 14578688
7161 14585163
7163 14589614
7166 14594967
7171 14598006
7176 14600453
7179 14605606
7193 14625333
7203 14653100
7208 14660772
7210 14663887
7213 14669043
7215 14674989
7219 14681923
7221 14686247
7223 14692387
7228 14701472
7237 14719112
7247 14757917
7248 14763904
7250 14770855
7254 14782533
7255 14786386
7258 14789095
7261 14801752
7264 14806070
7266 14812703
7270 14819685
7273 14824171
7276 14836819
7278 14839741
7280 14842887
7283 14848689
7289 14852366
7292 14862465
7298 14874312
7303 14879232
7309 14886423
7315 14902715
7318 14907880
7322 14915020
7324 14918742
7326 14928982
7328 14955968
7330 14958475
7335 14966177
7337 14967162
7339 14972448
7342 14980355
7348 14994277
7350 14998435
7353 15002264
7355 15008085
7360 15014186
7363 15020563
7367 15027635
7373 15039941
7376 15045042
7378 15057148
7381 15064046
7384 15065138
7388 15071765
7390 15077256
7391 15080056
7394 15082552
7395 15086452
7402 15101713
7404 15105941
7408 15126360
7413 15139074
7416 15146045
7419 15146801
7421 15149091
7423 15153186
7426 15155108
7429 15176478
7430 15185298
7440 15208269
7443 15210725
7447 15216168
7449 15220065
7459 15250631
7464 15274155
7466 15279401
7469 15280870
7470 15287301
7481 15312792
7485 15322111
7489 15328048
7491 15333980
7495 15338762
7505 15363117
7509 15364366
7513 15365697
7515 15373147
7520 15387404
7523 15400052
7525 15403501
7527 15404905
7531 15409503
7533 15411793
7535 15420955
7538 15421990
7539 15426670
7541 15427294
7549 15451344
7554 15457144
7555 15460420
7557 15465018
7558 15467899
7560 15468753
7563 15476294
7565 15483874
7567 15490738
7569 15491910
7571 15496771
7577 15500623
7579 15506964
7583 15511541
7585 15515969
7589 15522138
7591 15525266
7594 15533358
7597 15536051
7602 15544905
7603 15548714
7605 15550364
7608 15555626
7610 15556988
7615 15565337
7621 15581385
7623 15582551
7629 15589426
7633 15597203
7635 15599608
7636 15603564
7642 15615626
7645 15628799
7648 15637766
7650 15648661
7652 15649449
7654 15650541
7655 15651485
7657 15655352
7660 15661974
7661 15664701
7663 15669335
7665 15676167
7667 15679835
7669 15687382
7674 15700416
7682 15719106
7684 15721364
7687 15726683
7690 15736162
7694 15742831
7705 15767923
7707 15772664
7715 15802139
7723 15805509
7726 15811810
7728 15813994
7730 15817196
7733 15819679
7734 15825032
7738 15830032
7741 15838026
7745 15845061
7753 15859854
7756 15868860
7757 15873680
7763 15882194
7764 15887270
7768 15899597
7769 15909005
7772 15915621
7775 15916689
7778 15928974
7781 15932235
7784 15939895
7790 15952742
7792 15954534
7799 15968316
7801 15970432
7805 15974015
7808 15979522
7811 15992857
7815 16014670
7820 16031876
7821 16051369
7829 16055548
7830 16062318
7833 16072263
7841 16077272
7843 16079325
7850 16082730
7852 16086281
7857 16102048
7862 16103690
7864 16109377
7867 16114885
7872 16124477
7875 16139406
7879 16142554
7885 16145356
7888 16155502
7889 16158415
7893 16165857
7900 16181095
7901 16190275
7914 16217534
7917 16221485
7921 16231118
7927 16235098
7930 16241099
7932 16248144
7937 16258754
7939 16267224
7941 16276064
7943 16278215
7945 16279389
7950 16297807
7953 16304652
7958 16320555
7959 16323905
7966 16333700
7969 16345451
7972 16348136
7976 16364349
7978 16372600
7986 16380542
7988 16390078
7989 16391548
7991 16399620
7995 16400786
7998 16414613
8000 16415417
8007 16438559
8011 16440703
8016 16450505
8018 16451293
8023 16465536
8029 16476719
8034 16485167
8040 16498077
8045 16504440
8048 16506156
8059 16529483
8060 16532579
8065 16539256
8071 16556905
8073 16558983
8077 16569709
8079 16571495
8083 16577080
8086 16585205
8089 16591353
8093 16613013
8097 16616387
8101 16624831
8113 16645225
8115 16647015
8117 16650519
8120 16656148
8124 16660482
8127 16662769
8130 16664795
8132 16670528
8135 16672299
8140 16684892
8145 16697700
8147 16699572
8149 16700040
8152 16704104
8154 16706456
8157 16712104
8160 16718593
8163 16722223
8165 16725031
8167 16726870
8172 16728340
8174 16735681
8177 16750549
8181 16766085
8186 16770939
8191 16783264
8194 16787010
8198 16792259
8200 16795837
8202 16798308
8204 16803645
8207 16808290
8209 16814444
8214 16830887
8219 16845001
8231 16880074
8237 16886969
8244 16902985
8250 16909730
8251 16911668
8256 16927010
8264 16944275
8266 16952610
8269 16960499
8271 16979676
8272 16984986
8273 16988163
8277 16991675
8280 16994171
8283 16997672
8290 17005157
8291 17009093
8292 17012615
8294 17015021
8297 17019228
8301 17023392
8306 17038191
8311 17063501
8313 17065414
8315 17066785
8317 17068033
8321 17069187
8322 17071436
8331 17094070
8335 17097998
8337 17106905
8339 17108917
8341 17110789
8344 17117734
8352 17130571
8354 17132829
8356 17134377
8359 17136224
8363 17142360
8367 17147097
8368 17149806
8371 17154457
8376 17162260
8381 17170476
8385 17170944
8387 17175205
8389 17178407
8391 17182327
8395 17183575
8400 17188355
8401 17191345
8404 17211211
8409 17221672
8413 17226368
8421 17236078
8422 17240813
8424 17243605
8426 17247455
8428 17249947
8431 17258981
8434 17261947
8443 17276087
8449 17298707
8452 17302125
8456 17305224
8459 17312597
8463 17321092
8465 17323337
8471 17338428
8473 17339520
8481 17341027
8485 17343991
8489 17350572
8491 17353237
8495 17361803
8498 17370749
8501 17373454
8503 17374892
8505 17378777
8511 17396336
8515 17403612
8518 17411424
8523 17421910
8527 17430315
8531 17437740
8539 17457548
8541 17459978
8544 17470338
8548 17482785
8551 17486550
8553 17490911
8555 17494911
8559 17502555
8561 17506997
8565 17517499
8568 17519978
8571 17523380
8573 17532886
8576 17535521
8580 17549540
8583 17551125
8585 17557216
8589 17559917
8593 17565857
8598 17578342
8604 17594697
8609 17604814
8614 17621984
8617 17631853
8620 17638377
8627 17642089
8629 17646624
8633 17651482
8637 17668110
8640 17677850
8642 17681191
8647 17691472
8653 17700707
8656 17707390
8663 17729181
8668 17731258
8669 17734107
8674 17744092
8676 17747056
8678 17753176
8682 17759064
8688 17769728
8698 17792574
8703 17798299
8705 17804248
8708 17810734
8714 17827339
8716 17829909
8718 17834264
8719 17840719
8721 17846959
8723 17851240
8727 17854048
8729 17856737
8732 17860753
8733 17872605
8738 17878263
8741 17888439
8745 17897280
8748 17898216
8749 17902135
8753 17910059
8757 17910839
8760 17912876
8761 17914173
8762 17917623
8764 17920976
8767 17924850
8770 17934808
8773 17940284
8777 17949255
8781 17956172
8783 17968583
8787 17970143
8788 17971890
8794 17986094
8802 18004328
8808 18014793
8811 18019773
8814 18030147
8817 18032610
8820 18035368
8825 18046890
8831 18064015
8833 18067170
8836 18076302
8839 18077960
8842 18079832
8845 18080440
8848 18082904
8851 18086276
8854 18091662
8855 18093140
8859 18096227
8861 18107122
8867 18113623
8875 18121838
8877 18126824
8880 18134652
8884 18137432
8889 18149523
8891 18152808
8892 18155534
8895 18157694
8897 18159254
8903 18178018
8907 18184883
8913 18188244
8919 18197412
8924 18206072
8926 18207554
8929 18218037
8931 18221759
8933 18229524
8935 18238128
8939 18241026
8946 18261016
8947 18267625
8949 18271385
8951 18274579
8952 18275671
8954 18276189
8955 18278307
8959 18280967
8960 18283463
8965 18284479
8967 18295242
8969 18299273
8976 18309317
8979 18316917
8985 18322763
8990 18335841
8995 18347276
8999 18354296
9007 18375294
9009 18376386
9011 18377396
9015 18387629
9021 18395673
9023 18398937
9025 18403566
9026 18407214
9027 18414830
9033 18438217
9035 18447773
9038 18452246
9040 18458909
9042 18461454
9050 18475507
9055 18493272
9058 18497194
9063 18510694
9068 18519992
9069 18521306
9073 18525696
9075 18530746
9076 18533474
9079 18535125
9081 18537827
9085 18549023
9090 18551577
9092 18558384
9093 18562235
9097 18564904
9101 18568229
9103 18574846
9108 18596158
9114 18608487
9117 18609563
9123 18619053
9126 18627716
9129 18630483
9133 18637521
9137 18640226
9140 18651145
9144 18654735
9145 18657080
9147 18661787
9154 18670098
9161 18688599
9163 18695961
9166 18710430
9168 18712039
9171 18716381
9176 18722041
9179 18731067
9183 18733326
9184 18733794
9186 18737930
9187 18739664
9188 18742928
9190 18744947
9193 18753186
9197 18770565
9199 18776365
9201 18779061
9203 18781245
9207 18781989
9210 18790043
9213 18801089
9218 18804777
9221 18806545
9223 18809961
9226 18812367
9227 18813771
9231 18818846
9235 18823598
9238 18824846
9241 18828532
9246 18843737
9249 18854358
9251 18857209
9257 18858826
9259 18860715
9268 18879106
9270 18884584
9273 18894224
9275 18897968
9283 18907378
9287 18910627
9289 18916169
9297 18933561
9298 18935490
9301 18937496
9303 18942528
9305 18947359
9308 18952539
9311 18963198
9316 18972135
9319 18973498
9322 18977935
9325 18988228
9331 19000160
9335 19006556
9337 19008401
9341 19012654
9345 19023300
9347 19031958
9348 19036944
9351 19041036
9353 19051864
9355 19054130
9359 19071103
9363 19078661
9366 19091277
9368 19091958
9371 19101847
9378 19103995
9383 19115859
9387 19118930
9390 19120130
9392 19121690
9394 19129681
9395 19135064
9398 19138743
9399 19140380
9402 19146533
9405 19151390
9409 19159060
9415 19166384
9418 19169550
9421 19176885
9423 19192951
9426 19198485
9429 19202048
9431 19204627
9436 19214037
9441 19221920
9442 19224399
9443 19225245
9451 19235954
9452 19239210
9453 19247093
9461 19252646
9463 19257448
9471 19275520
9472 19283369
9474 19286291
9479 19294998
9482 19303036
9487 19314393
9489 19322273
9492 19329319
9493 19331802
9496 19336692
9500 19342483
9503 19354291
9507 19361615
9510 19372138
9514 19383504
9516 19387540
9521 19405886
9523 19414790
9525 19417013
9527 19418055
9532 19434754
9536 19440391
9541 19450065
9549 19476845
9555 19490480
9557 19492414
9561 19494384
9563 19498768
9574 19536272
9577 19540860
9579 19545403
9582 19551673
9584 19554398
9586 19557913
9589 19567544
9591 19568898
9595 19573073
9600 19579519
9605 19591657
9610 19597646
9615 19602847
9619 19609428
9621 19624130
9625 19629728
9627 19631760
9633 19654703
9635 19658447
9639 19667031
9641 19669995
9643 19672268
9650 19681212
9655 19695301
9658 19700336
9659 19701789
9662 19716460
9667 19724954
9671 19730498
9678 19743554
9680 19745738
9684 19756598
9687 19766475
9690 19771788
9695 19778120
9697 19779885
9699 19784044
9705 19798900
9707 19801240
9711 19805088
9713 19807691
9718 19811039
9721 19824812
9728 19837667
9732 19843078
9735 19855781
9743 19857397
9749 19867046
9755 19882399
9757 19886021
9761 19891165
9766 19895622
9769 19904375
9774 19916062
9775 19922863
9785 19934959
9786 19942291
9789 19942833
9793 19943145
9795 19952822
9799 19961551
9801 19968813
9803 19970416
9806 19979467
9809 19988350
9812 19995443
9815 19999588
9816 20004321
9822 20014226
9824 20019585
9826 20022722
9830 20031966
9835 20040644
9838 20057035
9843 20061504
9850 20080054
9851 20083560
9855 20088562
9859 20089654
9861 20092277
9869 20113255
9873 20117350
9875 20122394
9878 20126060
9881 20130238
9888 20146957
9890 20148734
9892 20157494
9896 20162291
9898 20168240
9901 20170063
9903 20171553
9905 20176659
9908 20181566
9911 20196557
9915 20201180
9919 20205737
9921 20208446
9923 20213246
9927 20232639
9929 20234423
9932 20237953
9934 20239086
9937 20244066
9939 20244764
9943 20255884
9947 20268642
9954 20275706
9960 20280373
9967 20290985
9970 20296271
