4608 30546926
11776 47343347
1536 50569527
512 56881482
1536 78713305
2560 80911757
1024 102946545
6656 109930280
2048 119080743
3584 123392796
2048 125160419
4096 137931892
512 138664680
2048 141118962
3072 141675016
11264 170066480
16384 180112957
2560 181268664
512 186436647
7168 197217706
1536 201043570
512 207529040
5120 216075282
4608 219671947
1024 221268004
7680 224246634
2048 224716155
8704 230888105
1024 231699730
6656 232441091
2048 239059583
512 240398211
4096 246371994
1024 250649207
4608 252088912
512 253236426
2560 257410222
7168 259612865
4096 260451473
1536 262229400
4608 266693706
1536 267384657
512 268429444
4096 271245414
1024 272085421
1024 274755220
13312 274961255
6656 281467360
512 47452299
2048 65151534
1536 90359300
3072 101118141
5632 110220910
