1 0 698
5 0 8746
7 0 9604
9 0 17025
10 0 18010
14 0 21467
15 0 24559
17 0 25750
18 0 26686
20 0 34241
21 0 34989
23 0 35145
32 0 39992
37 0 46800
39 0 47984
40 0 48772
45 0 53042
48 0 54809
49 0 59260
51 0 63062
52 0 64310
53 0 64622
54 0 64778
55 0 65714
57 0 72708
59 0 74630
61 0 75098
63 0 75410
65 0 75654
67 0 76683
69 0 77151
71 0 79023
73 0 80427
75 0 81051
77 0 82193
83 0 85103
85 0 87238
86 0 89890
87 0 90350
89 0 90506
90 0 92222
97 0 104526
99 0 106801
101 0 107113
103 0 108049
104 0 108673
105 0 110028
107 0 113148
109 0 118009
111 0 118165
113 1 118748
115 1 120152
121 1 124775
123 0 129714
125 1 129870
127 1 130650
129 0 132210
131 2 134238
137 0 135199
139 1 135979
144 1 137873
147 0 140864
149 1 142999
150 0 143311
151 1 143878
154 0 144595
155 1 146964
159 1 151841
163 1 155379
164 0 155896
165 1 156347
168 0 162961
169 1 164258
170 0 164800
171 2 167140
173 0 170921
175 1 173885
177 1 177005
178 0 177317
179 1 180526
181 2 188205
183 0 189149
185 1 191177
187 0 193204
189 1 193797
191 0 194315
193 1 196187
201 0 198787
202 1 199567
203 0 200708
205 2 203902
209 0 205873
210 1 207604
215 0 210560
217 1 213230
219 0 213698
226 1 217341
231 2 226800
232 0 227570
235 2 233479
237 0 233939
238 1 235343
239 1 236747
241 0 237922
242 1 238439
244 0 239569
247 1 242178
248 0 245246
249 1 245542
251 1 251314
253 0 252111
255 1 252579
260 1 255093
261 1 258582
263 0 259995
265 2 263583
266 0 265455
267 2 267249
269 0 268185
271 1 269433
273 0 272041
275 2 276877
277 1 280318
279 0 280474
281 1 280638
283 0 282666
285 1 284546
289 0 287584
291 1 288102
293 0 288258
295 1 288930
297 0 289776
298 2 292014
299 0 292801
301 1 292957
302 1 302283
303 1 306569
305 0 307037
309 1 308270
311 0 308509
312 1 309133
313 0 310723
315 1 312530
317 0 314172
319 1 316229
321 0 316763
322 1 316969
323 0 318061
327 2 321839
329 0 322498
330 2 325618
331 1 330544
332 0 332104
333 1 332663
335 0 332975
337 1 333287
339 0 334223
340 1 336862
341 0 338972
342 1 339908
343 0 340245
345 1 341805
347 0 341969
349 1 343152
352 0 350456
353 2 353265
355 0 355116
358 1 357687
359 0 358889
360 2 360194
361 1 364324
363 0 364792
367 1 365047
371 0 370127
373 1 370825
374 0 371654
375 1 380987
377 0 382965
379 1 384993
381 0 387532
389 1 388001
390 0 388313
391 1 390809
392 0 391326
395 2 395122
397 0 397150
399 1 397462
401 0 397750
403 1 398374
404 0 399335
405 3 404844
406 1 405401
407 0 405657
412 1 407219
413 0 411627
414 1 412308
415 1 415411
419 1 418145
422 0 419966
424 1 427360
425 0 427714
427 1 428026
431 0 428412
432 1 429036
433 0 432002
434 1 432904
436 0 434344
437 1 440621
440 0 448869
441 1 449256
443 0 449880
445 1 450972
447 0 452064
449 2 456367
450 1 459331
451 0 460423
452 1 461827
453 0 462451
455 2 467699
457 1 470039
459 0 470195
461 1 470975
463 0 472223
465 1 472691
466 0 472847
467 1 474563
468 1 476591
469 0 479087
470 2 479875
471 0 480031
473 1 481609
475 0 482701
477 1 483793
479 1 487849
481 0 489565
496 1 494805
500 0 502317
501 1 503073
503 0 503385
504 1 503697
505 0 505011
507 1 505840
508 1 506764
509 0 508571
512 1 510460
514 1 513013
515 0 514089
517 1 517677
518 0 518613
519 1 519385
520 0 520165
521 1 520789
522 0 520945
523 1 521397
525 0 521865
526 1 522489
529 1 531700
530 0 531905
532 1 537223
533 0 539637
534 1 540105
535 0 540360
543 1 548704
546 1 553785
547 0 554943
552 1 562794
553 0 564510
555 1 565125
556 0 565281
557 1 566373
558 0 569337
559 3 576513
561 1 578829
563 0 580077
565 1 580857
567 0 581169
569 1 581580
576 0 585352
577 2 592091
578 0 593124
579 1 593627
581 0 593783
586 2 595409
587 1 598373
588 0 598791
589 1 599103
595 0 600369
598 2 604969
599 1 612270
601 1 613206
605 0 613716
607 1 613872
613 0 617437
614 1 619465
615 1 624213
619 0 624555
620 2 628894
621 0 632368
623 2 634240
625 0 634396
627 2 635644
629 0 635800
631 1 637820
635 0 639822
636 2 640610
637 0 641522
639 1 642171
642 0 643475
643 1 645805
644 1 649910
645 0 650428
652 1 652146
653 2 658140
655 0 658633
657 1 658945
658 0 659881
659 1 660817
660 0 661088
661 2 665924
662 0 666392
663 1 667509
668 0 669923
669 1 670235
670 0 671532
671 1 671787
675 0 679433
676 1 680082
677 0 680238
679 1 683721
680 0 684706
681 1 684928
685 0 689560
686 1 693169
688 0 693763
689 1 694696
691 0 700058
693 1 702710
695 0 703992
697 1 707892
699 0 708204
705 1 710438
707 0 711062
709 1 711218
710 0 712622
711 1 713427
713 1 714051
717 1 714593
719 0 718673
720 1 718878
721 1 719600
722 0 720585
723 1 721737
725 0 723117
726 2 726861
727 0 728577
729 1 729787
731 0 731503
733 1 731815
735 0 733219
737 1 734155
739 0 734467
743 1 735288
745 0 736848
746 1 737160
749 0 738080
756 1 744480
757 0 748142
758 2 749390
759 0 751041
761 1 751353
767 0 752620
769 1 753720
771 0 754591
774 1 758330
775 0 759190
776 1 762515
777 0 763558
779 1 765118
781 0 765406
785 2 771127
788 0 772373
789 1 772578
790 0 777851
792 1 778254
793 0 779814
795 1 780693
797 0 788337
798 1 788550
801 0 789303
802 1 790770
803 1 794096
805 0 795525
807 1 797110
809 0 798202
811 1 799237
815 1 800559
816 0 801240
819 2 806281
821 0 806831
826 1 812397
829 0 815129
832 1 816804
834 0 820099
835 2 821265
836 1 826413
837 0 827366
842 1 830379
843 1 835314
845 1 840470
847 0 843980
849 1 844292
851 0 844760
853 1 845696
855 0 846944
857 1 847724
859 0 848816
861 1 848972
863 0 851156
864 1 851468
865 1 853652
866 0 855212
867 1 855680
868 0 856965
869 1 857320
871 0 857944
873 1 859192
875 0 859972
877 1 866145
879 0 867829
881 1 877630
883 0 879067
885 2 883889
887 0 892327
889 1 905220
891 0 929072
893 1 936106
895 0 939230
897 2 946437
899 0 976339
901 1 977306
903 0 977659
905 1 979424
907 0 993607
909 1 998286
911 0 1002604
913 1 1005558
915 1 1017615
917 1 1021047
919 0 1027435
921 2 1039414
923 1 1041910
925 1 1042846
927 1 1044881
929 0 1055194
931 1 1063932
933 1 1064589
935 1 1068686
937 1 1087651
939 0 1094998
941 1 1099801
943 0 1106573
945 1 1108757
947 0 1116749
949 1 1117217
951 0 1117874
953 2 1123957
955 0 1131863
957 2 1132955
959 1 1136740
961 1 1141086
963 0 1152096
965 1 1154002
967 0 1159284
969 1 1164778
971 0 1169134
973 1 1174514
975 1 1191641
977 0 1192790
979 1 1194194
981 0 1194974
983 1 1195195
985 1 1204447
987 0 1211275
989 1 1214155
991 0 1217639
993 1 1221404
995 1 1226095
997 0 1235251
999 1 1239728
1001 0 1240262
1003 1 1241321
1005 1 1243357
1007 1 1245188
1009 0 1245656
1011 1 1251724
1013 0 1262230
1015 1 1263118
1017 0 1269326
1019 1 1269482
1021 1 1277147
1023 0 1278395
1025 1 1281876
1027 0 1292876
1029 2 1296424
1031 0 1305800
1033 1 1309309
1035 0 1315656
1037 1 1318464
1039 0 1318932
1041 1 1320245
1043 0 1338195
1045 1 1344345
1047 0 1348835
1049 1 1351286
1051 0 1358427
1053 1 1364682
1055 0 1365462
1057 1 1368508
1059 0 1369677
1061 1 1371861
1063 0 1386421
1065 1 1387423
1067 0 1388089
1069 2 1389493
1071 1 1391743
1073 0 1392256
1075 1 1396112
1077 0 1402415
1079 1 1405603
1081 1 1411790
1083 1 1416419
1085 0 1421131
1087 1 1422410
1089 1 1425530
1091 1 1441551
1093 0 1443839
1095 1 1451864
1097 0 1455356
1099 1 1462726
1101 0 1477267
1103 1 1487000
1105 1 1489323
1107 0 1491819
1109 2 1503706
1111 0 1504018
1113 1 1505110
1115 0 1505677
1117 2 1511440
1119 0 1511908
1121 1 1512253
1123 0 1512877
1125 1 1513713
1127 0 1514181
1129 1 1516282
1131 0 1521470
1133 1 1524256
1135 0 1529208
1137 1 1531014
1139 0 1538086
1141 1 1540270
1143 0 1541384
1145 1 1542888
1147 0 1546936
1149 2 1552286
1151 0 1554560
1153 1 1558259
1155 0 1562363
1157 1 1564475
1159 1 1569944
1161 0 1572524
1163 1 1582104
1165 0 1588519
1167 1 1594231
1169 0 1596742
1171 1 1599449
1173 0 1604785
1175 1 1606271
1177 0 1609747
1179 1 1611901
1181 1 1623657
1183 0 1623960
1185 1 1626597
1187 0 1631465
1189 1 1634259
1191 1 1640139
1193 0 1640458
1195 2 1645131
1197 1 1655125
1199 0 1655871
1201 2 1661170
1203 0 1661778
1205 1 1661934
1207 0 1671563
1209 1 1673075
1211 0 1677502
1213 1 1680817
1215 0 1681999
1217 1 1682886
1219 0 1684489
1221 1 1692190
1223 0 1693906
1225 2 1695203
1227 1 1701673
1229 0 1704685
1231 1 1712274
1233 0 1712773
1235 1 1717441
1237 0 1719093
1239 1 1722321
1241 0 1723349
1243 1 1725805
1245 0 1727621
1247 2 1733885
1249 0 1741755
1251 1 1746210
1253 0 1755822
1255 1 1758017
1257 0 1759806
1259 1 1763182
1261 0 1764351
1263 1 1765184
1265 0 1768436
1267 1 1772598
1269 0 1776786
1271 2 1779110
1273 1 1783414
1275 0 1784284
1277 2 1787237
1279 1 1792066
1281 1 1796504
1283 1 1797974
1285 1 1799378
1287 0 1800247
1289 2 1803687
1291 0 1804155
1293 1 1806223
1295 0 1806535
1297 1 1806732
1299 0 1812122
1301 1 1816942
1303 0 1819332
1305 2 1824742
1307 0 1827509
1309 1 1828240
1311 0 1830736
1313 1 1831820
1315 0 1832132
1317 2 1839236
1319 0 1841378
1321 1 1846261
1323 0 1846606
1325 2 1849648
1327 0 1852580
1329 1 1854095
1331 1 1860199
1333 0 1860355
1335 1 1864550
1337 0 1865084
1339 2 1882419
1341 0 1882961
1343 1 1884365
1345 0 1885539
1347 1 1886335
1349 0 1886565
1351 1 1889105
1353 0 1899876
1355 2 1902692
1357 1 1904500
1359 0 1911799
1361 1 1913671
1363 0 1914525
1365 1 1919709
1367 0 1923141
1369 2 1928146
1371 0 1929837
1373 1 1930898
1375 1 1938046
1377 0 1939670
1379 1 1950534
1381 0 1951903
1383 1 1956920
1385 0 1961222
1387 1 1963668
1389 1 1967195
1391 0 1967597
1393 1 1971338
1395 1 1977882
1397 0 1978176
1399 1 1978844
1401 1 1984114
1403 1 1985140
1405 0 1986968
1407 1 1993735
1409 0 1995451
1411 1 1996699
1413 0 1997840
1415 1 2002594
1417 0 2009826
1419 2 2015222
1421 0 2018202
1423 1 2019138
1425 0 2021412
1427 1 2027180
1429 0 2027336
1431 1 2027658
1433 0 2030384
1435 1 2032371
1437 0 2033816
1439 1 2036063
1441 0 2038626
1443 1 2042634
1445 0 2045537
1447 1 2047959
1449 0 2050524
1451 1 2051805
1453 0 2055456
1455 2 2059128
1457 0 2064723
1459 1 2067063
1461 0 2069353
1463 2 2072473
1465 0 2076367
1467 1 2078272
1469 0 2078773
1471 1 2080744
1473 0 2081212
1475 2 2082099
1477 0 2083833
1479 1 2088857
1481 0 2095993
1483 1 2102241
1485 0 2103210
1487 1 2105119
1489 0 2106467
1491 1 2110005
1493 0 2112929
1495 1 2113965
1497 0 2117011
1499 1 2119433
1501 0 2121174
1503 1 2122927
1505 0 2130665
1507 1 2135788
1509 0 2136666
1511 1 2144584
1513 1 2149108
1515 1 2153270
1517 1 2155101
1519 0 2155881
1521 1 2157556
1523 0 2161695
1525 1 2167387
1527 0 2171799
1529 1 2179426
1531 1 2187215
1533 0 2189519
1535 2 2194067
1537 0 2196211
1539 2 2202887
1541 0 2204381
1543 1 2208467
1545 0 2211108
1547 1 2214716
1549 1 2215250
1551 1 2220581
1553 1 2223742
1555 0 2226291
1557 1 2228237
1559 0 2230586
1561 2 2235151
1563 0 2243843
1565 1 2245191
1567 0 2248123
1569 2 2255494
1571 1 2260176
1573 0 2263287
1575 1 2265159
1577 0 2267154
1579 1 2267703
1581 0 2271501
1583 1 2275985
1585 1 2278480
1587 0 2281326
1589 1 2284769
1591 0 2289833
1593 1 2292644
1595 1 2295764
1597 0 2295920
1599 3 2306306
1601 0 2308750
1603 1 2312182
1605 0 2312683
1607 1 2314288
1609 0 2314444
1611 2 2318812
1613 0 2320092
1615 1 2320872
1617 0 2322169
1619 2 2325355
1621 0 2328938
1623 1 2340601
1625 1 2342210
1627 0 2343711
1629 1 2347603
1631 0 2353400
1633 1 2354032
1635 1 2356592
1637 1 2357750
1639 0 2359811
1641 1 2361568
1643 0 2364511
1645 1 2366153
1647 0 2367637
1649 1 2375053
1651 1 2379233
1653 0 2381253
1655 0 2386235
1657 1 2389741
1659 0 2394485
1661 1 2403777
1663 0 2407159
1665 1 2413339
1667 0 2416755
1669 1 2423372
1671 0 2426633
1673 1 2430361
1675 2 2437767
1677 0 2439810
1679 1 2441101
1681 0 2444347
1683 2 2449569
1685 0 2450496
1687 1 2451153
1689 0 2453711
1691 1 2459280
1693 0 2462783
1695 2 2471115
1697 0 2472527
1699 1 2472683
1701 1 2475877
1703 0 2476295
1705 1 2481702
1707 0 2483575
1709 1 2486077
1711 0 2488873
1713 1 2491432
1715 0 2494785
1717 2 2496600
1719 1 2498825
1721 0 2500935
1723 1 2502216
1725 0 2503871
1727 1 2505899
1729 0 2507370
1731 2 2510013
1733 0 2510579
1735 2 2513371
1737 0 2516647
1739 1 2521655
1741 0 2523446
1743 1 2527649
1745 0 2539559
1747 2 2544707
1749 1 2547024
1751 0 2547492
1753 1 2547804
1755 0 2548077
1757 1 2549268
1759 1 2551641
1761 0 2558431
1763 1 2560739
1765 0 2562539
1767 1 2566458
1769 0 2568215
1771 1 2568437
1773 0 2570577
1775 1 2571871
1777 0 2576227
1779 1 2576416
1781 0 2581967
1783 2 2584562
1785 0 2616354
1787 2 2624366
1789 0 2630450
1791 1 2636869
1793 0 2638152
1795 1 2648608
1797 0 2660242
1799 1 2663825
1801 0 2665055
1803 2 2677792
1805 1 2678728
1807 1 2681658
1809 0 2692615
1811 1 2695352
1813 1 2697881
1815 0 2698267
1817 1 2701158
1819 0 2703474
1821 1 2705133
1823 0 2712252
1825 2 2720645
1827 0 2727925
1829 1 2729100
1831 0 2733061
1833 1 2740750
1835 0 2741218
1837 2 2744117
1839 0 2751130
1841 1 2757557
1843 1 2766378
1845 0 2766846
1847 2 2772011
1849 0 2780335
1851 2 2787272
1853 0 2791442
1855 1 2792764
1857 0 2796039
1859 1 2796507
1861 1 2799660
1863 0 2804587
1865 1 2811644
1867 1 2812892
1869 0 2813048
1871 1 2814717
1873 0 2818382
1875 1 2821536
1877 0 2843494
1879 2 2844461
1881 0 2846878
1883 1 2848157
1885 0 2849781
1887 1 2851321
1889 0 2857333
1891 1 2863829
1893 0 2867040
1895 1 2873818
1897 0 2884157
1899 1 2891732
1901 0 2892200
1903 1 2892356
1905 0 2894319
1907 2 2900838
1909 0 2901757
1911 2 2906700
1913 0 2907702
1915 1 2919496
1917 0 2923834
1919 1 2925361
1921 0 2925900
1923 1 2932450
1925 0 2933747
1927 1 2937454
1929 0 2940857
1931 2 2944568
1933 1 2952562
1935 0 2971301
1937 2 2989041
1939 0 2990010
1941 2 2995470
1943 0 2997311
1945 1 2997935
1947 0 3003101
1949 2 3004817
1951 0 3005063
1953 1 3006456
1955 0 3028041
1957 1 3031537
1959 1 3036120
1961 0 3047887
1963 1 3054951
1965 0 3061506
1967 1 3062675
1969 0 3062831
1971 1 3063488
1973 0 3064334
1975 1 3066157
1977 1 3072829
1979 0 3092074
1981 2 3098568
1983 1 3107006
1985 1 3111148
1987 0 3129275
1989 1 3132981
1991 1 3136610
1993 0 3145101
1995 1 3147339
1997 0 3147651
1999 1 3149137
2001 0 3149334
2003 1 3162347
2005 0 3166770
2007 1 3171666
2009 0 3181726
2011 2 3186135
2013 1 3191265
2015 0 3195318
2017 1 3203563
2019 1 3207532
2021 0 3210304
2023 1 3212409
2025 0 3213079
2027 1 3218217
2029 0 3228444
2031 1 3235941
2033 0 3246192
2035 1 3248884
2037 0 3253607
2039 1 3257599
2041 1 3265830
2043 0 3271729
2045 1 3273742
2047 0 3294110
2049 1 3295183
2051 0 3314743
2053 1 3318275
2055 0 3321761
2057 1 3322295
2059 0 3325456
2061 1 3326080
2063 0 3327328
2065 1 3328100
2067 0 3330284
2069 1 3334334
2071 0 3344499
2073 2 3354334
2075 0 3354523
2077 1 3358343
2079 0 3363614
2081 1 3365174
2083 0 3370228
2085 1 3371468
2087 1 3372576
2089 0 3372732
2091 1 3375993
2093 0 3381910
2095 2 3385051
2097 0 3401341
2099 1 3404444
2101 0 3410417
2103 1 3414462
2105 0 3426640
2107 2 3432622
2109 0 3436284
2111 2 3438862
2113 0 3439379
2115 2 3441160
2117 0 3442740
2119 2 3447027
2121 0 3455072
2123 1 3457369
2125 0 3463749
2127 1 3470638
2129 0 3471574
2131 1 3474558
2133 1 3477758
2135 0 3487431
2137 1 3498918
2139 1 3503051
2141 1 3507263
2143 0 3510066
2145 1 3513099
2147 0 3523440
2149 2 3532667
2151 0 3535105
2153 2 3538422
2155 0 3539489
2157 1 3542195
2159 0 3543288
2161 1 3545555
2163 0 3564105
2165 2 3564458
2167 0 3564844
2169 1 3570955
2171 0 3571579
2173 2 3574018
2175 0 3586301
2177 1 3589791
2179 0 3597378
2181 1 3599905
2183 0 3600126
2185 1 3605404
2187 2 3613910
2189 0 3615224
2191 1 3615536
2193 0 3621347
2195 2 3625124
2197 1 3627283
2199 1 3628063
2201 0 3628539
2203 1 3629943
2205 0 3630386
2207 2 3636664
2209 1 3643216
2211 0 3644192
2213 1 3644972
2215 0 3645990
2217 1 3660092
2219 1 3661340
2221 1 3662440
2223 0 3662596
2225 2 3664501
2227 0 3667167
2229 2 3670823
2231 0 3671249
2233 1 3673544
2235 0 3676963
2237 1 3684159
2239 0 3685816
2241 1 3689530
2243 1 3695821
2245 0 3699260
2247 1 3700270
2249 0 3700492
2251 1 3710708
2253 1 3717424
2255 1 3719397
2257 1 3721187
2259 0 3724295
2261 1 3725937
2263 0 3732413
2265 2 3739450
2267 0 3743424
2269 1 3743736
2271 0 3744615
2273 1 3745403
2275 0 3747691
2277 1 3749795
2279 0 3752986
2281 1 3760979
2283 0 3765198
2285 1 3767798
2287 0 3771360
2289 2 3778856
2291 1 3785228
2293 0 3787149
2295 1 3790800
2297 0 3794752
2299 2 3798418
2301 0 3802010
2303 1 3809577
2305 0 3810201
2307 1 3813556
2309 0 3816472
2311 2 3819216
2313 0 3820424
2315 1 3822724
2317 1 3837141
2319 0 3838143
2321 2 3845631
2323 0 3846271
2325 1 3847206
2327 1 3850530
2329 0 3858870
2331 1 3861761
2333 0 3873091
2335 2 3879734
2337 0 3880391
2339 2 3884702
2341 0 3893465
2343 1 3904917
2345 0 3911436
2347 1 3918733
2349 0 3926436
2351 1 3929983
2353 0 3937250
2355 1 3938908
2357 0 3941913
2359 1 3949364
2361 1 3960246
2363 0 3962399
2365 1 3966156
2367 0 3971980
2369 2 3976019
2371 0 3989741
2373 1 3990907
2375 0 3993039
2377 2 3995460
2379 1 3999789
2381 1 4001464
2383 0 4003671
2385 1 4008276
2387 0 4014564
2389 1 4018113
2391 0 4020753
2393 1 4023799
2395 0 4027839
2397 1 4028899
2399 0 4030543
2401 1 4036495
2403 0 4041258
2405 1 4044443
2407 0 4048139
2409 1 4049017
2411 0 4053895
2413 1 4057763
2415 0 4062695
2417 1 4068599
2419 0 4075235
2421 2 4077107
2423 0 4078880
2425 1 4080566
2427 1 4086167
2429 0 4087850
2431 1 4091312
2433 0 4093845
2435 1 4096817
2437 0 4097990
2439 1 4102504
2441 0 4107324
2443 2 4110351
2445 0 4114791
2447 1 4116697
2449 0 4124743
2451 1 4125088
2453 0 4128321
2455 1 4132113
2457 1 4142079
2459 0 4144083
2461 1 4151063
2463 1 4160411
2465 1 4169933
2467 1 4171789
2469 0 4173867
2471 1 4182886
2473 1 4183354
2475 0 4184487
2477 1 4188655
2479 0 4193367
2481 1 4195651
2483 0 4201204
2485 2 4205554
2487 0 4208251
2489 1 4212534
2491 0 4212690
2493 1 4214662
2495 1 4220558
2497 0 4221264
2499 2 4227562
2501 0 4233094
2503 1 4236314
2505 0 4238909
2507 1 4239894
2509 0 4245076
2511 1 4248014
2513 1 4249336
2515 0 4249853
2517 1 4254011
2519 0 4255456
2521 2 4260526
2523 0 4267036
2525 1 4279904
2527 0 4282032
2529 1 4282344
2531 1 4284561
2533 0 4285497
2535 1 4286226
2537 0 4289034
2539 2 4291760
2541 0 4299388
2543 1 4302940
2545 0 4305782
2547 2 4307654
2549 1 4312787
2551 0 4313255
2553 1 4313444
2555 0 4316071
2557 1 4316227
2559 0 4316760
2561 1 4320733
2563 0 4326520
2565 1 4329288
2567 1 4331866
2569 1 4337574
2571 1 4342482
2573 0 4346906
2575 1 4348746
2577 0 4353590
2579 1 4361729
2581 0 4366948
2583 1 4369280
2585 0 4369592
2587 1 4373894
2589 0 4376670
2591 2 4384674
2593 1 4389668
2595 0 4391318
2597 2 4394701
2599 0 4395686
2601 1 4398960
2603 0 4404228
2605 1 4404679
2607 0 4407724
2609 1 4413019
2611 0 4413676
2613 1 4416558
2615 0 4416804
2617 1 4417576
2619 0 4419376
2621 1 4420404
2623 1 4424344
2625 0 4430180
2627 1 4433826
2629 1 4439871
2631 0 4443956
2633 2 4448245
2635 0 4448401
2637 1 4448935
2639 1 4460474
2641 0 4462970
2643 1 4463241
2645 0 4465102
2647 2 4470420
2649 0 4470779
2651 1 4471871
2653 1 4482381
2655 1 4487216
2657 1 4489785
2659 0 4490524
2661 1 4493634
2663 0 4509248
2665 1 4512368
2667 0 4512992
2669 1 4514841
2671 0 4515153
2673 1 4519543
2675 0 4523224
2677 1 4525183
2679 0 4525996
2681 2 4529085
2683 0 4530317
2685 1 4531253
2687 0 4532763
2689 1 4536493
2691 0 4539925
2693 2 4547789
2695 1 4549550
2697 0 4550165
2699 1 4553991
2701 0 4556595
2703 2 4557309
2705 0 4558586
2707 1 4562266
2709 0 4564254
2711 2 4567521
2713 0 4569146
2715 1 4572408
2717 0 4576767
2719 2 4580667
2721 1 4582711
2723 0 4584427
2725 1 4587232
2727 0 4590492
2729 1 4596710
2731 0 4602076
2733 1 4604949
2735 0 4617302
2737 1 4620904
2739 1 4649931
2741 0 4650555
2743 1 4650825
2745 0 4652682
2747 1 4662473
2749 0 4666841
2751 2 4669241
2753 0 4670880
2755 2 4678514
2757 0 4686759
2759 1 4689610
2761 0 4692964
2763 1 4696088
2765 0 4700492
2767 1 4704391
2769 0 4725433
2771 1 4726912
2773 0 4733919
2775 1 4734774
2777 1 4740538
2779 1 4753621
2781 0 4758604
2783 1 4766099
2785 0 4767245
2787 1 4768444
2789 0 4770467
2791 2 4774146
2793 0 4782029
2795 1 4788107
2797 1 4792205
2799 1 4802511
2801 0 4817786
2803 2 4826402
2805 0 4831971
2807 1 4834232
2809 0 4835324
2811 1 4839601
2813 1 4840102
2815 0 4846570
2817 1 4851795
2819 0 4858966
2821 1 4861203
2823 0 4871359
2825 1 4871712
2827 0 4877005
2829 1 4880693
2831 0 4891862
2833 2 4893476
2835 0 4894568
2837 1 4901985
2839 0 4902716
2841 2 4904588
2843 0 4910322
2845 1 4915281
2847 0 4919992
2849 1 4920616
2851 0 4923375
2853 2 4932649
2855 0 4934081
2857 1 4937308
2859 1 4948360
2861 0 4949327
2863 1 4957451
2865 0 4965783
2867 1 4971084
2869 1 4979592
2871 1 4989563
2873 0 5000160
2875 1 5003995
2877 0 5006532
2879 1 5013567
2881 0 5017086
2883 2 5020830
2885 0 5022200
2887 1 5027692
2889 0 5028521
2891 1 5031748
2893 1 5039677
2895 0 5049313
2897 1 5052978
2899 0 5053812
2901 2 5054124
2903 0 5056188
2905 1 5058643
2907 0 5068547
2909 1 5089016
2911 1 5089673
2913 0 5091241
2915 1 5095132
2917 1 5115770
2919 1 5116862
2921 0 5120472
2923 1 5123822
2925 0 5141702
2927 1 5146147
2929 0 5146804
2931 1 5147165
2933 0 5165608
2935 1 5167480
2937 0 5173096
2939 3 5180645
2941 0 5181211
2943 2 5182862
2945 0 5194937
2947 1 5198226
2949 1 5202120
2951 0 5225076
2953 2 5225889
2955 0 5229503
2957 1 5231731
2959 0 5233915
2961 2 5242144
2963 0 5244863
2965 1 5246423
2967 1 5247433
2969 0 5257556
2971 1 5263637
2973 0 5263982
2975 2 5276592
2977 0 5278513
2979 1 5280229
2981 0 5281017
2983 1 5283862
2985 1 5290142
2987 0 5297013
2989 1 5301735
2991 0 5310477
2993 1 5312349
2995 0 5315192
2997 1 5316128
2999 0 5320420
3001 1 5320732
3003 0 5324435
3005 2 5327290
3007 0 5334055
3009 1 5353651
3011 0 5354152
3013 2 5360772
3015 0 5361084
3017 1 5361947
3019 0 5369445
3021 2 5380247
3023 0 5380748
3025 1 5381076
3027 0 5382243
3029 1 5386234
3031 0 5388683
3033 1 5393391
3035 0 5414816
3037 1 5418250
3039 0 5421419
3041 1 5429264
3043 0 5439974
3045 1 5441765
3047 0 5451921
3049 1 5453637
3051 0 5453826
3053 2 5455337
3055 1 5456281
3057 0 5458990
3059 1 5461380
3061 0 5461848
3063 1 5467426
3065 1 5472106
3067 0 5474993
3069 2 5477489
3071 1 5482371
3073 0 5482905
3075 2 5485631
3077 0 5485861
3079 2 5491394
3081 1 5493371
3083 0 5494563
3085 1 5505538
3087 0 5511170
3089 1 5513610
3091 0 5520310
3093 1 5522274
3095 0 5530574
3097 2 5532289
3099 0 5533315
3101 1 5534928
3103 0 5539096
3105 1 5542534
3107 0 5550573
3109 1 5555271
3111 0 5555627
3113 1 5556407
3115 0 5558739
3117 2 5560053
3119 0 5561955
3121 1 5564424
3123 0 5567541
3125 1 5573755
3127 0 5579623
3129 1 5585472
3131 0 5589251
3133 1 5589803
3135 0 5591439
3137 1 5593887
3139 0 5595521
3141 1 5597189
3143 1 5605841
3145 1 5608148
3147 0 5610335
3149 1 5621788
3151 0 5624885
3153 1 5626445
3155 0 5627258
3157 1 5627414
3159 0 5628482
3161 1 5629106
3163 1 5630063
3165 1 5632738
3167 0 5639036
3169 1 5641360
3171 0 5643878
3173 1 5649330
3175 0 5655156
3177 2 5656872
3179 0 5658390
3181 0 5664032
3183 1 5665206
3185 0 5670414
3187 1 5677026
3189 0 5677182
3191 1 5680713
3193 0 5684441
3195 1 5692043
3197 0 5697385
3199 1 5698387
3201 1 5701455
3203 0 5702145
3205 2 5705251
3207 0 5710865
3209 2 5712581
3211 0 5713553
3213 1 5715655
3215 0 5720927
3217 1 5724489
3219 0 5727479
3221 1 5731093
3223 0 5737929
3225 1 5740763
3227 0 5748497
3229 1 5755409
3231 0 5758201
3233 1 5759876
3235 0 5762020
3237 2 5767750
3239 0 5767980
3241 1 5772989
3243 0 5774792
3245 2 5780096
3247 0 5780842
3249 1 5782224
3251 0 5790474
3253 1 5798510
3255 0 5802104
3257 2 5809332
3259 0 5810334
3261 2 5813580
3263 0 5814377
3265 1 5820739
3267 0 5823928
3269 2 5824946
3271 0 5826112
3273 2 5830706
3275 1 5833982
3277 1 5836790
3279 1 5839285
3281 0 5840270
3283 1 5840960
3285 1 5844501
3287 0 5846496
3289 1 5847358
3291 0 5850979
3293 1 5852287
3295 0 5853923
3297 1 5860011
3299 1 5867085
3301 0 5867463
3303 1 5868365
3305 0 5868521
3307 1 5871439
3309 0 5872597
3311 1 5878772
3313 0 5879396
3315 1 5882859
3317 0 5886395
3319 1 5888328
3321 0 5889389
3323 1 5892262
3325 0 5894551
3327 1 5897893
3329 0 5900341
3331 1 5901369
3333 0 5906983
3335 2 5910859
3337 0 5912361
3339 2 5919407
3341 0 5925074
3343 1 5930790
3345 0 5935235
3347 1 5938986
3349 1 5940903
3351 0 5943383
3353 1 5948611
3355 1 5952240
3357 0 5955034
3359 1 5957366
3361 0 5960018
3363 1 5960923
3365 0 5964145
3367 1 5969628
3369 0 5975112
3371 1 5984219
3373 1 5988988
3375 0 5994703
3377 2 6003092
3379 0 6020895
3381 1 6028178
3383 1 6029578
3385 1 6039975
3387 0 6051817
3389 1 6052375
3391 0 6053553
3393 2 6063792
3395 0 6064629
3397 1 6079780
3399 0 6084670
3401 2 6087979
3403 0 6091018
3405 2 6091864
3407 0 6094516
3409 1 6095066
3411 0 6095919
3413 1 6099218
3415 0 6099842
3417 1 6101812
3419 0 6109016
3421 1 6115394
3423 0 6120879
3425 1 6121724
3427 0 6134952
3429 1 6138407
3431 0 6140887
3433 1 6146495
3435 0 6164879
3437 1 6165109
3439 0 6165435
3441 2 6166922
3443 1 6184902
3445 1 6195316
3447 0 6195505
3449 1 6196866
3451 0 6202372
3453 1 6203383
3455 0 6210365
3457 1 6213952
3459 0 6217663
3461 1 6228396
3463 0 6233832
3465 1 6236874
3467 0 6239526
3469 2 6241808
3471 1 6248477
3473 0 6256530
3475 1 6269122
3477 0 6280119
3479 1 6281912
3481 0 6282567
3483 1 6285439
3485 0 6286334
3487 1 6286490
3489 1 6291482
3491 1 6305760
3493 0 6308010
3495 2 6316308
3497 0 6316826
3499 1 6319478
3501 0 6319634
3503 1 6320143
3505 0 6329857
3507 1 6330786
3509 0 6330975
3511 1 6332667
3513 0 6334445
3515 2 6341017
3517 0 6345694
3519 1 6347257
3521 0 6351346
3523 1 6355967
3525 1 6361799
3527 1 6368415
3529 1 6371683
3531 0 6374212
3533 1 6375772
3535 0 6377168
3537 1 6377792
3539 0 6380389
3541 2 6384164
3543 0 6384386
3545 1 6391965
3547 0 6400503
3549 1 6405389
3551 0 6410797
3553 1 6414027
3555 0 6414528
3557 2 6417976
3559 1 6419141
3561 0 6423197
3563 1 6425933
3565 0 6426319
3567 1 6429113
3569 0 6433893
3571 1 6436548
3573 0 6447023
3575 1 6453191
3577 1 6460007
3579 0 6461132
3581 1 6461444
3583 1 6463652
3585 0 6466745
3587 2 6477633
3589 0 6479505
3591 1 6487525
3593 1 6489241
3595 0 6498738
3597 1 6503761
3599 0 6514012
3601 1 6517747
3603 0 6526633
3605 1 6527808
3607 1 6530568
3609 0 6537183
3611 3 6553894
3613 0 6556543
3615 1 6561682
3617 1 6564511
3619 1 6571659
3621 1 6576300
3623 0 6579205
3625 1 6580729
3627 1 6586333
3629 1 6599879
3631 0 6600323
3633 1 6604223
3635 1 6610831
3637 0 6613560
3639 1 6614028
3641 0 6617682
3643 1 6618576
3645 1 6619980
3647 0 6622008
3649 2 6623659
3651 0 6626623
3653 1 6628027
3655 1 6628946
3657 0 6631598
3659 0 6638217
3661 1 6638775
3663 1 6645726
3665 1 6649149
3667 0 6649879
3669 1 6652722
3671 0 6654972
3673 2 6658222
3675 0 6661654
3677 1 6664242
3679 0 6667190
3681 2 6674060
3683 0 6674372
3685 2 6676236
3687 0 6676548
3689 1 6681986
3691 0 6686314
3693 1 6691010
3695 0 6691734
3697 1 6697892
3699 0 6702047
3701 1 6706580
3703 0 6708083
3705 1 6714521
3707 0 6718738
3709 1 6722370
3711 0 6722559
3713 1 6722920
3715 0 6725138
3717 1 6727196
3719 0 6731890
3721 1 6737194
3723 0 6746599
3725 1 6750361
3727 0 6757113
3729 2 6759376
3731 0 6761408
3733 1 6761884
3735 0 6763953
3737 1 6765270
3739 1 6772738
3741 0 6774218
3743 1 6777452
3745 1 6784586
3747 0 6786614
3749 1 6787657
3751 1 6793158
3753 1 6796140
3755 0 6799021
3757 2 6800425
3759 0 6801952
3761 1 6806630
3763 0 6808714
3765 1 6810366
3767 0 6814430
3769 2 6818775
3771 1 6822605
3773 0 6823196
3775 1 6824414
3777 1 6831303
3779 0 6833593
3781 1 6835467
3783 0 6837446
3785 1 6841082
3787 0 6841872
3789 1 6848186
3791 0 6849690
3793 1 6850676
3795 0 6856412
3797 1 6857840
3799 0 6859654
3801 1 6860502
3803 0 6862482
3805 1 6865472
3807 0 6867262
3809 1 6874477
3811 0 6884194
3813 1 6885931
3815 0 6889100
3817 1 6889551
3819 1 6893114
3821 0 6893845
3823 1 6897484
3825 0 6900696
3827 1 6905064
3829 0 6905294
3831 2 6908998
3833 0 6910632
3835 1 6911876
3837 1 6915529
3839 0 6922833
3841 1 6924615
3843 0 6925920
3845 2 6936884
3847 0 6940063
3849 1 6942830
3851 0 6959677
3853 2 6962440
3855 1 6973138
3857 0 6986416
3859 1 6995963
3861 0 6996431
3863 1 6998615
3865 0 6999442
3867 1 7001503
3869 0 7009018
3871 1 7019508
3873 0 7029358
3875 1 7029670
3877 0 7030356
3879 2 7031329
3881 1 7034232
3883 0 7035209
3885 1 7039547
3887 0 7039859
3889 1 7052108
3891 0 7061948
3893 1 7067018
3895 1 7074517
3897 0 7077438
3899 1 7082789
3901 0 7083782
3903 1 7093466
3905 0 7100810
3907 2 7105273
3909 0 7113579
3911 1 7118620
3913 1 7129633
3915 0 7133486
3917 1 7136253
3919 0 7137611
3921 1 7152815
3923 0 7154557
3925 1 7161156
3927 0 7162872
3929 1 7163666
3931 0 7167235
3933 2 7173902
3935 0 7183950
3937 2 7185749
3939 0 7188840
3941 2 7193627
3943 0 7198661
3945 0 7207314
3947 2 7209848
3949 0 7211457
3951 1 7211613
3953 0 7215045
3955 1 7215480
3957 0 7216013
3959 1 7219067
3961 0 7223715
3963 1 7224931
3965 0 7231235
3967 1 7239081
3969 1 7242025
3971 0 7242337
3973 1 7244244
3975 1 7248671
3977 0 7248966
3979 2 7254281
3981 0 7255333
3983 1 7266366
3985 0 7266637
3987 1 7266949
3989 0 7269843
3991 2 7272472
3993 0 7280752
3995 2 7292890
3997 1 7295854
3999 0 7296477
4001 1 7296633
4003 0 7300272
4005 2 7305224
4007 1 7306423
4009 0 7307712
4011 1 7310218
4013 0 7312474
4015 1 7316712
4017 0 7321156
4019 2 7322913
4021 0 7323069
4023 1 7323570
4025 1 7332770
4027 1 7335496
4029 0 7338542
4031 2 7341933
4033 0 7342680
4035 1 7345956
4037 0 7348350
4039 1 7351042
4041 1 7353700
4043 0 7354833
4045 1 7355178
4047 0 7357362
4049 2 7361960
4051 0 7364653
4053 1 7367410
4055 0 7368346
4057 1 7368502
4059 0 7373506
4061 1 7377588
4063 1 7380029
4065 1 7383979
4067 0 7387066
4069 1 7387534
4071 0 7387928
4073 1 7397022
4075 0 7405123
4077 1 7408775
4079 0 7414370
4081 1 7419057
4083 0 7435933
4085 1 7440123
4087 0 7444419
4089 1 7455930
4091 0 7463498
4093 1 7464041
4095 1 7476708
4097 1 7486723
4099 0 7492669
4101 2 7500835
4103 1 7504045
4105 0 7504595
4107 1 7507641
4109 0 7510832
4111 1 7513921
4113 0 7517138
4115 2 7519322
4117 0 7523519
4119 1 7524299
4121 0 7534248
4123 1 7557021
4125 0 7561880
4127 1 7562069
4129 0 7563785
4131 1 7564721
4133 1 7565953
4135 0 7568014
4137 1 7568326
4139 2 7576750
4141 0 7577472
4143 2 7581060
4145 0 7581503
4147 2 7583063
4149 1 7584155
4151 0 7584311
4153 1 7586183
4155 0 7586339
4157 1 7586651
4159 0 7589307
4161 1 7589775
4163 0 7592034
4165 2 7594637
4167 1 7614331
4169 0 7614757
4171 1 7615860
4173 0 7620824
4175 1 7621692
4177 1 7627684
4179 0 7629030
4181 1 7630995
4183 1 7635125
4185 1 7638204
4187 1 7639714
4189 1 7643476
4191 0 7643960
4193 2 7644740
4195 0 7650938
4197 1 7651570
4199 0 7652038
4201 1 7654615
4203 0 7657240
4205 1 7658020
4207 0 7663215
4209 1 7666374
4211 0 7670742
4213 2 7674202
4215 0 7674826
4217 1 7681468
4219 1 7692995
4221 0 7694762
4223 2 7697617
4225 2 7706599
4227 1 7709439
4229 0 7709907
4231 1 7731633
4233 0 7736758
4235 1 7738426
4237 0 7741667
4239 1 7743658
4241 0 7749995
4243 1 7752102
4245 0 7757604
4247 1 7763153
4249 0 7765358
4251 1 7769369
4253 0 7771662
4255 1 7774979
4257 0 7779526
4259 2 7785042
4261 0 7785967
4263 1 7787986
4265 0 7803786
4267 1 7804788
4269 0 7805913
4271 2 7808488
4273 1 7813806
4275 0 7816392
4277 1 7824913
4279 0 7829426
4281 2 7832049
4283 1 7837462
4285 0 7837996
4287 1 7849812
4289 0 7850280
4291 1 7856561
4293 0 7862133
4295 1 7862832
4297 1 7871430
4299 1 7873518
4301 1 7875803
4303 0 7883279
4305 1 7886714
4307 0 7900834
4309 1 7905090
4311 0 7908588
4313 1 7911907
4315 0 7914241
4317 1 7919706
4319 0 7928037
4321 1 7934577
4323 0 7938074
4325 2 7941932
4327 0 7942474
4329 2 7946976
4331 0 7949507
4333 1 7951287
4335 0 7951755
4337 1 7958181
4339 1 7960365
4341 0 7961367
4343 1 7962106
4345 0 7963799
4347 1 7963955
4349 0 7964579
4351 1 7967056
4353 0 7968594
4355 2 7975032
4357 0 7982692
4359 2 7985745
4361 0 7997819
4363 1 7998320
4365 1 8002844
4367 1 8008115
4369 0 8008369
4371 1 8012302
4373 1 8016333
4375 0 8016957
4377 1 8017737
4379 0 8018402
4381 2 8020823
4383 0 8023319
4385 1 8024815
4387 0 8026951
4389 1 8028395
4391 0 8031475
4393 1 8032511
4395 0 8034467
4397 1 8038021
4399 1 8044713
4401 0 8045920
4403 1 8046445
4405 0 8049319
4407 1 8050189
4409 0 8052379
4411 1 8057650
4413 0 8058586
4415 1 8059432
4417 0 8063261
4419 1 8066269
4421 0 8068725
4423 2 8069893
4425 0 8074504
4427 1 8078770
4429 0 8079944
4431 1 8081023
4433 0 8082389
4435 2 8085297
4437 1 8088031
4439 0 8093607
4441 1 8095823
4443 0 8102802
4445 1 8107579
4447 0 8114607
4449 1 8119893
4451 1 8121658
4453 1 8125559
4455 1 8131410
4457 0 8132190
4459 1 8133126
4461 0 8133445
4463 1 8137173
4465 0 8139988
4467 2 8150944
4469 0 8155566
4471 1 8157002
4473 0 8162476
4475 1 8166330
4477 0 8169180
4479 1 8191176
4481 0 8203272
4483 1 8206764
4485 0 8222174
4487 1 8227429
4489 0 8234750
4491 1 8236729
4493 0 8241384
4495 1 8243199
4497 0 8253967
4499 1 8256645
4501 0 8258771
4503 1 8261440
4505 1 8275458
4507 0 8278241
4509 2 8287996
4511 0 8288809
4513 1 8289284
4515 0 8291008
4517 1 8296944
4519 0 8297625
4521 2 8313744
4523 0 8318383
4525 1 8330108
4527 0 8341910
4529 2 8345396
4531 0 8346989
4533 1 8352714
4535 0 8353896
4537 1 8354430
4539 1 8363778
4541 0 8364963
4543 1 8366055
4545 0 8366835
4547 1 8368652
4549 1 8372480
4551 1 8388319
4553 0 8389017
4555 1 8389329
4557 1 8398777
4559 0 8401282
4561 1 8401627
4563 0 8402251
4565 2 8403187
4567 0 8405059
4569 2 8405568
4571 0 8405724
4573 1 8406816
4575 0 8409392
4577 1 8410314
4579 1 8414286
4581 0 8422882
4583 1 8424229
4585 0 8425485
4587 2 8430797
4589 0 8433299
4591 1 8435721
4593 0 8437948
4595 2 8440506
4597 1 8445504
4599 0 8449962
4601 1 8451474
4603 1 8458158
4605 0 8459208
4607 1 8463020
4609 0 8463209
4611 1 8469416
4613 0 8469842
4615 1 8474886
4617 0 8480206
4619 1 8485163
4621 0 8492134
4623 2 8503923
4625 0 8506124
4627 1 8508201
4629 1 8510779
4631 0 8512868
4633 1 8516901
4635 0 8518461
4637 1 8518650
4639 2 8528527
4641 0 8530727
4643 1 8532443
4645 0 8533691
4647 1 8538059
4649 0 8541909
4651 1 8543313
4653 0 8545185
4655 2 8548829
4657 0 8549141
4659 1 8556867
4661 0 8557056
4663 1 8558599
4665 0 8559231
4667 1 8560224
4669 0 8567954
4671 2 8577270
4673 0 8577590
4675 1 8578345
4677 0 8578534
4679 1 8579654
4681 0 8580658
4683 1 8583064
4685 0 8585972
4687 1 8587154
4689 0 8598303
4691 2 8599707
4693 0 8601549
4695 1 8602715
4697 0 8607301
4699 2 8608861
4701 0 8611480
4703 1 8614217
4705 0 8617305
4707 1 8623489
4709 0 8625949
4711 1 8634232
4713 0 8660640
4715 1 8664795
4717 0 8678227
4719 2 8679402
4721 0 8698642
4723 2 8711526
4725 0 8712412
4727 2 8720562
4729 0 8726026
4731 1 8728809
4733 0 8742803
4735 1 8747478
4737 0 8752608
4739 1 8756954
4741 0 8760691
4743 1 8761003
4745 0 8763686
4747 2 8767110
4749 1 8770460
4751 0 8778096
4753 1 8784612
4755 0 8785893
4757 1 8789406
4759 1 8805623
4761 1 8809710
4763 0 8810817
4765 2 8814093
4767 1 8817738
4769 0 8820702
4771 1 8823139
4773 0 8823763
4775 1 8825331
4777 0 8826177
4779 1 8828985
4781 0 8829297
4783 1 8830233
4785 0 8832417
4787 1 8840653
4789 0 8841968
4791 1 8843372
4793 0 8843528
4795 1 8845630
4797 0 8852427
4799 1 8853477
4801 1 8858089
4803 0 8865145
4805 1 8866156
4807 0 8874298
4809 2 8882047
4811 1 8889284
4813 0 8904251
4815 2 8906352
4817 0 8920236
4819 1 8922855
4821 0 8929951
4823 1 8934305
4825 0 8940538
4827 1 8941252
4829 0 8955135
4831 1 8957631
4833 0 8957787
4835 1 8959297
4837 0 8959920
4839 1 8964082
4841 0 8964942
4843 1 8982680
4845 1 8985209
4847 0 8985431
4849 1 8986055
4851 0 8986679
4853 1 8986835
4855 1 8990053
4857 0 8990693
4859 1 8995676
4861 1 9007506
4863 1 9011455
4865 0 9012703
4867 1 9020265
4869 1 9025950
4871 1 9028791
4873 0 9030696
4875 1 9032568
4877 1 9033709
4879 1 9037748
4881 1 9038372
4883 0 9038889
4885 1 9039513
4887 0 9040169
4889 2 9041885
4891 0 9042762
4893 2 9045603
4895 0 9056099
4897 1 9060462
4899 1 9062938
4901 0 9063250
4903 1 9064498
4905 1 9067774
4907 0 9069804
4909 2 9075879
4911 1 9084686
4913 0 9090214
4915 1 9091857
4917 0 9103181
4919 2 9110983
4921 0 9123224
4923 1 9126669
4925 0 9129662
4927 1 9133142
4929 1 9136106
4931 0 9136401
4933 2 9137025
4935 0 9142882
4937 1 9145878
4939 0 9147348
4941 1 9148128
4943 0 9150856
4945 1 9155848
4947 1 9164561
4949 0 9164873
4951 1 9167983
4953 0 9175114
4955 2 9176450
4957 0 9193829
4959 1 9202458
4961 0 9206492
4963 2 9209162
4965 0 9213679
4967 1 9224038
4969 0 9234082
4971 1 9236944
4973 0 9237174
4975 1 9237717
4977 0 9251132
4979 1 9257735
4981 0 9262024
4983 2 9268821
4985 0 9275899
4987 1 9286400
4989 0 9294237
4991 1 9305192
4993 0 9305348
4995 1 9306489
4997 0 9314654
4999 1 9322836
5001 0 9325290
5003 1 9328871
5005 0 9329770
5007 1 9332501
5009 1 9336705
5011 0 9337561
5013 2 9338417
5015 0 9342198
5017 1 9342975
5019 0 9344289
5021 1 9346044
5023 0 9347707
5025 1 9357189
5027 0 9358437
5029 2 9360186
5031 0 9361541
5033 1 9362633
5035 1 9365047
5037 0 9366110
5039 1 9367373
5041 0 9373951
5043 1 9378266
5045 0 9382783
5047 1 9389311
5049 1 9391528
5051 1 9407504
5053 0 9419905
5055 1 9426262
5057 0 9426467
5059 2 9430214
5061 0 9434270
5063 1 9436957
5065 0 9441235
5067 1 9441555
5069 0 9451492
5071 1 9452525
5073 0 9456160
5075 2 9463369
5077 0 9465052
5079 1 9467236
5081 0 9467548
5083 2 9468057
5085 0 9468977
5087 1 9492843
5089 0 9508052
5091 2 9517646
5093 0 9529141
5095 1 9530233
5097 0 9538851
5099 1 9539631
5101 2 9545658
5103 0 9546323
5105 1 9547727
5107 0 9548170
5109 2 9548638
5111 1 9549738
5113 1 9551922
5115 1 9552948
5117 1 9560054
5119 0 9562650
5121 1 9562806
5123 0 9563003
5125 1 9563504
5127 0 9568061
5129 1 9573619
5131 1 9575064
5133 0 9580600
5135 2 9585160
5137 0 9585784
5139 1 9586988
5141 0 9589420
5143 2 9592747
5145 0 9597870
5147 1 9599438
5149 0 9607506
5151 1 9608754
5153 0 9609419
5155 1 9615787
5157 0 9616600
5159 1 9619894
5161 0 9621367
5163 2 9625220
5165 0 9631340
5167 2 9641476
5169 0 9652078
5171 1 9656858
5173 0 9657014
5175 1 9659319
5177 0 9669022
5179 0 9673397
5181 2 9676591
5183 0 9682130
5185 2 9684618
5187 0 9687114
5189 2 9690365
5191 0 9690677
5193 2 9695548
5195 1 9698931
5197 0 9701261
5199 1 9702706
5201 1 9709460
5203 0 9710518
5205 2 9716932
5207 0 9717786
5209 1 9722768
5211 0 9741962
5213 1 9744901
5215 1 9756369
5217 0 9762934
5219 1 9764124
5221 0 9776696
5223 1 9779441
5225 0 9790916
5227 2 9802628
5229 0 9804237
5231 1 9807232
5233 0 9811010
5235 1 9816501
5237 0 9826812
5239 1 9831038
5241 0 9835802
5243 1 9839293
5245 0 9844110
5247 1 9847948
5249 1 9860974
5251 0 9861343
5253 1 9862100
5255 0 9862922
5257 1 9866396
5259 0 9868648
5261 2 9872646
5263 0 9875716
5265 1 9876120
5267 0 9879305
5269 1 9882039
5271 0 9883864
5273 1 9888197
5275 1 9889634
5277 0 9890915
5279 1 9894021
5281 0 9895376
5283 1 9895721
5285 0 9900824
5287 1 9900980
5289 0 9907914
5291 1 9910649
5293 0 9913030
5295 1 9918488
5297 1 9932446
5299 1 9933924
5301 0 9936420
5303 1 9938333
5305 0 9939088
5307 1 9939556
5309 0 9944496
5311 1 9948389
5313 0 9948586
5315 1 9953226
5317 0 9965384
5319 1 9967963
5321 1 9976136
5323 0 9977726
5325 1 9980657
5327 1 9996182
5329 0 10015349
5331 2 10028153
5333 0 10028878
5335 1 10034267
5337 0 10041189
5339 1 10041956
5341 0 10043457
5343 1 10044847
5345 0 10058419
5347 1 10059782
5349 0 10061506
5351 1 10062705
5353 0 10063838
5355 1 10066718
5357 0 10068098
5359 1 10074707
5361 0 10080283
5363 1 10081456
5365 0 10088476
5367 2 10093650
5369 0 10099802
5371 2 10101617
5373 0 10104113
5375 1 10105175
5377 0 10108328
5379 2 10108952
5381 0 10113016
5383 1 10114439
5385 0 10115286
5387 2 10119269
5389 0 10119663
5391 2 10124318
5393 0 10124556
5395 1 10126748
5397 0 10130174
5399 2 10138530
5401 0 10141778
5403 1 10143482
5405 1 10147646
5407 0 10151570
5409 2 10153475
5411 1 10154600
5413 0 10154978
5415 1 10156391
5417 0 10158970
5419 1 10162681
5421 1 10171889
5423 0 10172267
5425 1 10176635
5427 0 10177514
5429 1 10179649
5431 0 10188898
5433 1 10194065
5435 0 10200084
5437 1 10206548
5439 0 10210559
5441 1 10214456
5443 0 10220735
5445 3 10231998
5447 0 10233306
5449 1 10237768
5451 0 10248014
5453 1 10248981
5455 0 10249170
5457 1 10254689
5459 1 10264598
5461 0 10267402
5463 1 10269289
5465 1 10276868
5467 0 10284367
5469 1 10289709
5471 0 10294343
5473 1 10300040
5475 0 10303370
5477 2 10305119
5479 0 10306761
5481 1 10310020
5483 0 10321620
5485 1 10327624
5487 1 10335495
5489 1 10337121
5491 0 10337499
5493 1 10338000
5495 0 10339079
5497 1 10340902
5499 0 10346726
5501 2 10351630
5503 0 10357266
5505 1 10360222
5507 1 10367115
5509 0 10371337
5511 1 10374523
5513 0 10378021
5515 1 10378633
5517 0 10378789
5519 1 10383381
5521 0 10387436
5523 2 10388216
5525 0 10388939
5527 1 10391007
5529 0 10393801
5531 1 10402524
5533 0 10407295
5535 1 10407451
5537 0 10407763
5539 1 10409296
5541 0 10414418
5543 2 10419498
5545 0 10423710
5547 1 10424240
5549 1 10425332
5551 0 10425908
5553 1 10430664
5555 0 10431543
5557 1 10431921
5559 0 10437576
5561 1 10439685
5563 0 10440932
5565 2 10444215
5567 0 10445070
5569 1 10447993
5571 1 10470732
5573 1 10474587
5575 1 10496721
5577 1 10503238
5579 1 10520608
5581 0 10523135
5583 2 10526319
5585 0 10528378
5587 1 10531456
5589 0 10539050
5591 1 10540142
5593 0 10549209
5595 1 10551301
5597 0 10552648
5599 1 10553428
5601 0 10555725
5603 1 10557372
5605 0 10559676
5607 1 10562332
5609 1 10566578
5611 0 10569329
5613 1 10570186
5615 0 10571122
5617 1 10571656
5619 0 10577690
5621 1 10579153
5623 0 10581561
5625 1 10584201
5627 0 10584858
5629 2 10587594
5631 0 10588284
5633 1 10593983
5635 0 10594295
5637 1 10598352
5639 0 10601316
5641 1 10607456
5643 0 10610068
5645 2 10619518
5647 0 10620364
5649 1 10622082
5651 0 10626005
5653 1 10627810
5655 0 10628278
5657 1 10632018
5659 0 10636346
5661 1 10638875
5663 0 10639253
5665 2 10648330
5667 0 10649521
5669 1 10651721
5671 0 10654906
5673 2 10655596
5675 1 10661706
5677 1 10663644
5679 0 10670445
5681 1 10673640
5683 0 10674453
5685 1 10675266
5687 0 10676892
5689 1 10677828
5691 1 10679142
5693 0 10679832
5695 1 10681972
5697 0 10688271
5699 1 10694952
5701 0 10699066
5703 1 10701982
5705 0 10724106
5707 1 10728598
5709 0 10741515
5711 1 10743441
5713 1 10751506
5715 0 10752540
5717 1 10760583
5719 0 10761240
5721 1 10763367
5723 2 10780598
5725 0 10781917
5727 1 10784203
5729 0 10798954
5731 2 10802105
5733 1 10804702
5735 1 10809310
5737 0 10825943
5739 1 10833958
5741 0 10835094
5743 2 10836966
5745 1 10840924
5747 0 10846393
5749 1 10847896
5751 0 10857443
5753 1 10858599
5755 1 10863140
5757 0 10867954
5759 1 10870557
5761 0 10874310
5763 1 10875165
5765 0 10879609
5767 2 10890143
5769 0 10891391
5771 2 10898742
5773 1 10904772
5775 0 10907299
5777 1 10910567
5779 0 10915671
5781 2 10921792
5783 0 10923262
5785 1 10928556
5787 0 10936571
5789 1 10937540
5791 1 10942943
5793 0 10947248
5795 1 10950615
5797 0 10958994
5799 1 10959651
5801 0 10961575
5803 1 10968724
5805 0 10971457
5807 1 10982486
5809 0 10984412
5811 1 10987721
5813 0 10989191
5815 1 10993698
5817 1 11000235
5819 0 11002186
5821 2 11008855
5823 0 11015878
5825 1 11021611
5827 0 11029593
5829 1 11034356
5831 0 11043453
5833 2 11052873
5835 1 11055837
5837 0 11056839
5839 1 11058352
5841 0 11060224
5843 1 11061850
5845 0 11066615
5847 1 11069530
5849 1 11077894
5851 1 11079955
5853 0 11085063
5855 1 11087661
5857 0 11091706
5859 1 11100868
5861 1 11109105
5863 0 11110933
5865 1 11111713
5867 0 11122570
5869 2 11125272
5871 0 11126863
5873 1 11127085
5875 0 11127716
5877 1 11128704
5879 0 11133286
5881 1 11136121
5883 1 11148217
5885 0 11152881
5887 1 11155638
5889 0 11169129
5891 1 11173687
5893 0 11177680
5895 2 11181031
5897 0 11190101
5899 1 11190758
5901 0 11196356
5903 1 11200791
5905 1 11202917
5907 0 11208291
5909 2 11211214
5911 0 11214459
5913 1 11224405
5915 0 11225497
5917 1 11231120
5919 0 11233670
5921 1 11235417
5923 0 11235762
5925 1 11240114
5927 0 11252389
5929 1 11259156
5931 0 11263794
5933 1 11264493
5935 0 11266656
5937 1 11269239
5939 0 11270415
5941 1 11274497
5943 1 11284640
5945 0 11287046
5947 1 11287769
5949 0 11289518
5951 1 11289986
5953 0 11291735
5955 1 11293104
5957 1 11295698
5959 0 11301393
5961 1 11302881
5963 0 11307347
5965 1 11309574
5967 0 11309886
5969 1 11310283
5971 0 11316243
5973 1 11319019
5975 1 11322860
5977 0 11326129
5979 2 11333140
5981 0 11334298
5983 1 11338519
5985 1 11340845
5987 0 11344985
5989 1 11348237
5991 0 11357736
5993 1 11359296
5995 0 11368054
5997 1 11371755
5999 0 11376329
6001 1 11381821
6003 0 11389150
6005 1 11400127
6007 0 11402935
6009 1 11405462
6011 0 11409058
6013 1 11416107
6015 0 11416636
6017 1 11418124
6019 0 11425007
6021 1 11428278
6023 0 11430466
6025 1 11433295
6027 0 11442415
6029 1 11443351
6031 0 11444911
6033 1 11445544
6035 0 11445700
6037 2 11446324
6039 0 11447618
6041 1 11449910
6043 0 11452654
6045 2 11458288
6047 1 11467271
6049 1 11473823
6051 0 11475590
6053 1 11476994
6055 0 11477306
6057 1 11477618
6059 0 11479055
6061 1 11480747
6063 0 11482841
6065 1 11483465
6067 0 11483966
6069 1 11486341
6071 1 11494885
6073 0 11501167
6075 1 11504476
6077 1 11507515
6079 1 11511259
6081 0 11513287
6083 1 11513632
6085 0 11514265
6087 1 11515513
6089 0 11516482
6091 1 11519506
6093 0 11519950
6095 1 11521510
6097 0 11522341
6099 1 11533683
6101 0 11535243
6103 1 11535867
6105 0 11540653
6107 1 11541241
6109 1 11542489
6111 0 11544862
6113 1 11546110
6115 0 11546800
6117 2 11554717
6119 0 11563941
6121 1 11565208
6123 0 11567677
6125 2 11572237
6127 0 11572705
6129 2 11576751
6131 0 11579229
6133 1 11580321
6135 1 11587119
6137 0 11588811
6139 1 11589747
6141 0 11595233
6143 1 11597451
6145 0 11605349
6147 1 11605505
6149 1 11610752
6151 0 11613917
6153 1 11622977
6155 0 11647878
6157 1 11650793
6159 1 11664828
6161 1 11669178
6163 0 11675138
6165 2 11684547
6167 0 11689197
6169 1 11690133
6171 0 11692300
6173 1 11701131
6175 0 11709136
6177 1 11710245
6179 1 11719564
6181 0 11719786
6183 2 11723272
6185 1 11731580
6187 0 11742841
6189 1 11753930
6191 0 11759756
6193 1 11763533
6195 1 11764469
6197 1 11770902
6199 0 11771592
6201 1 11774988
6203 0 11778660
6205 1 11781099
6207 0 11784118
6209 1 11797362
6211 0 11797551
6213 1 11798250
6215 0 11804076
6217 2 11806959
6219 0 11808174
6221 1 11811213
6223 0 11812173
6225 1 11817120
6227 1 11822840
6229 0 11824505
6231 1 11832321
6233 1 11837188
6235 0 11839906
6237 2 11850729
6239 1 11866552
6241 1 11867554
6243 1 11872756
6245 1 11873682
6247 1 11882462
6249 0 11882963
6251 2 11884400
6253 0 11888405
6255 1 11894324
6257 1 11897266
6259 0 11907959
6261 1 11908895
6263 0 11921568
6265 1 11922870
6267 1 11925243
6269 0 11932969
6271 2 11938297
6273 1 11943957
6275 0 11945616
6277 1 11946027
6279 1 11951487
6281 0 11952891
6283 2 11958294
6285 0 11959074
6287 1 11961571
6289 0 11963821
6291 1 11969458
6293 0 11970271
6295 1 11977575
6297 1 11983869
6299 0 11986916
6301 1 11989582
6303 1 11990395
6305 1 12007016
6307 0 12014445
6309 1 12017284
6311 0 12019896
6313 1 12027909
6315 0 12031767
6317 1 12035907
6319 1 12046149
6321 1 12058408
6323 1 12069594
6325 1 12077905
6327 0 12083490
6329 1 12089495
6331 0 12096147
6333 2 12100078
6335 0 12101080
6337 1 12102829
6339 0 12103297
6341 1 12105104
6343 0 12117104
6345 1 12121764
6347 0 12123045
6349 1 12128788
6351 0 12132085
6353 1 12133520
6355 0 12134957
6357 2 12142599
6359 1 12145534
6361 0 12149852
6363 1 12156719
6365 1 12160217
6367 1 12164619
6369 0 12165276
6371 1 12171260
6373 0 12186319
6375 1 12187152
6377 0 12189398
6379 1 12192301
6381 0 12198106
6383 1 12203136
6385 0 12204729
6387 2 12210582
6389 1 12214041
6391 1 12224893
6393 0 12236929
6395 2 12240164
6397 1 12251700
6399 0 12253702
6401 1 12254509
6403 0 12271161
6405 1 12274803
6407 0 12276273
6409 1 12276774
6411 1 12283232
6413 0 12283856
6415 1 12296049
6417 1 12304870
6419 0 12305314
6421 1 12307498
6423 0 12310186
6425 2 12326247
6427 1 12326625
6429 0 12335481
6431 1 12337821
6433 0 12338818
6435 1 12341828
6437 1 12352428
6439 1 12357330
6441 0 12363412
6443 1 12364546
6445 0 12364702
6447 1 12368505
6449 0 12368850
6451 1 12370878
6453 0 12371814
6455 1 12373062
6457 0 12373218
6459 1 12374064
6461 0 12374319
6463 1 12375099
6465 0 12376191
6467 1 12377694
6469 1 12383031
6471 0 12383787
6473 1 12384099
6475 0 12388083
6477 2 12389553
6479 0 12392921
6481 2 12398055
6483 0 12398701
6485 1 12399677
6487 1 12404177
6489 1 12410414
6491 1 12412040
6493 0 12412262
6495 1 12419167
6497 0 12423691
6499 1 12426139
6501 0 12429235
6503 1 12432511
6505 1 12437363
6507 0 12440311
6509 2 12443216
6511 1 12446714
6513 0 12447946
6515 1 12452692
6517 0 12458573
6519 0 12463943
6521 2 12470727
6523 0 12471943
6525 1 12475031
6527 0 12478093
6529 1 12480193
6531 0 12483857
6533 1 12487355
6535 0 12491009
6537 1 12493447
6539 0 12500827
6541 1 12501706
6543 0 12503996
6545 1 12511383
6547 0 12515785
6549 1 12520327
6551 0 12524243
6553 2 12526339
6555 0 12530055
6557 2 12533847
6559 1 12535161
6561 0 12539637
6563 2 12550989
6565 0 12552869
6567 1 12555161
6569 0 12559269
6571 2 12568988
6573 0 12569588
6575 1 12570992
6577 0 12573521
6579 1 12574523
6581 1 12579395
6583 1 12583615
6585 0 12589170
6587 1 12589359
6589 0 12592031
6591 1 12593855
6593 1 12594389
6595 0 12606509
6597 1 12606854
6599 0 12607010
6601 2 12611585
6603 0 12613335
6605 1 12618348
6607 0 12627100
6609 1 12630336
6611 0 12630724
6613 2 12636078
6615 0 12636768
6617 1 12651255
6619 0 12653585
6621 1 12653897
6623 0 12658406
6625 1 12658562
6627 0 12659531
6629 1 12661280
6631 0 12664400
6633 2 12664745
6635 0 12666494
6637 1 12666839
6639 1 12669122
6641 0 12669590
6643 1 12671840
6645 0 12674583
6647 2 12677943
6649 2 12683502
6651 0 12687066
6653 1 12691434
6655 0 12695277
6657 1 12695433
6659 1 12700192
6661 0 12705471
6663 2 12706251
6665 0 12708435
6667 1 12712647
6669 0 12713247
6671 1 12714339
6673 0 12715152
6675 2 12720139
6677 1 12721928
6679 0 12723128
6681 1 12729356
6683 0 12729668
6685 1 12731072
6687 0 12733346
6689 1 12735788
6691 0 12736508
6693 2 12738144
6695 0 12740798
6697 1 12744761
6699 1 12746776
6701 0 12748871
6703 1 12754824
6705 0 12759704
6707 1 12761642
6709 0 12763236
6711 1 12768684
6713 0 12771482
6715 1 12773338
6717 0 12774340
6719 1 12778373
6721 0 12778562
6723 1 12783532
6725 1 12790976
6727 0 12792200
6729 2 12792980
6731 0 12795287
6733 1 12798270
6735 0 12803896
6737 1 12809075
6739 0 12818267
6741 1 12821963
6743 0 12830418
6745 1 12845636
6747 1 12858067
6749 0 12862894
6751 1 12863395
6753 0 12863863
6755 1 12867578
6757 0 12874261
6759 2 12878163
6761 0 12878664
6763 1 12880315
6765 1 12893086
6767 0 12897825
6769 2 12901332
6771 0 12905240
6773 1 12906103
6775 0 12917908
6777 1 12919756
6779 0 12930376
6781 2 12934022
6783 0 12946511
6785 1 12953406
6787 1 12954219
6789 0 12964216
6791 2 12968860
6793 0 12975983
6795 1 12976139
6797 0 12982833
6799 1 12986810
6801 1 12990242
6803 1 12995732
6805 0 12995888
6807 1 13000749
6809 1 13011603
6811 0 13018089
6813 1 13026027
6815 1 13030456
6817 0 13037853
6819 2 13040047
6821 0 13046629
6823 1 13048576
6825 0 13061986
6827 2 13068919
6829 0 13069576
6831 1 13072333
6833 1 13090088
6835 0 13106408
6837 1 13106819
6839 0 13109315
6841 1 13112248
6843 0 13118474
6845 1 13126039
6847 0 13127443
6849 1 13128946
6851 0 13129726
6853 1 13130858
6855 0 13138815
6857 1 13141714
6859 0 13142456
6861 1 13146214
6863 0 13150268
6865 1 13154463
6867 0 13159126
6869 2 13165637
6871 0 13171431
6873 1 13176714
6875 0 13181675
6877 1 13188148
6879 1 13189393
6881 0 13198766
6883 1 13201328
6885 0 13202174
6887 1 13205661
6889 0 13206745
6891 1 13208552
6893 0 13223878
6895 1 13226458
6897 0 13230677
6899 2 13233420
6901 0 13242886
6903 1 13246613
6905 0 13255042
6907 1 13267111
6909 0 13268827
6911 1 13275757
6913 0 13276849
6915 1 13281529
6917 0 13281872
6919 2 13286471
6921 0 13294002
6923 1 13297511
6925 1 13298201
6927 0 13300229
6929 1 13307694
6931 1 13310691
6933 0 13315249
6935 1 13316185
6937 0 13316928
6939 1 13319532
6941 1 13329600
6943 0 13331160
6945 1 13332918
6947 0 13334021
6949 1 13335113
6951 0 13340703
6953 1 13341281
6955 0 13353108
6957 1 13353264
6959 0 13356142
6961 2 13366904
6963 0 13367438
6965 2 13371963
6967 0 13376325
6969 1 13378173
6971 0 13380879
6973 1 13385685
6975 1 13387649
6977 0 13392058
6979 1 13395464
6981 1 13400636
6983 0 13409082
6985 1 13412391
6987 1 13413237
6989 0 13414551
6991 1 13415019
6993 0 13415553
6995 1 13418644
6997 0 13421896
6999 1 13431082
7001 1 13438932
7003 0 13445106
7005 1 13448062
7007 0 13449574
7009 1 13450198
7011 0 13455528
7013 1 13461243
7015 0 13464441
7017 1 13464682
7019 1 13476338
7021 0 13479887
7023 1 13483512
7025 0 13487705
7027 1 13489368
7029 1 13493200
7031 0 13495394
7033 2 13499582
7035 0 13503646
7037 1 13506726
7039 1 13509552
7041 1 13513116
7043 0 13514052
7045 2 13516319
7047 0 13516853
7049 1 13518132
7051 0 13524666
7053 1 13529558
7055 1 13534550
7057 0 13537523
7059 1 13537835
7061 1 13540274
7063 0 13540586
7065 1 13541632
7067 0 13546902
7069 1 13549876
7071 0 13554663
7073 1 13554975
7075 0 13555164
7077 1 13563323
7079 0 13563578
7081 1 13564202
7083 1 13574096
7085 0 13575780
7087 1 13583891
7089 0 13584359
7091 1 13588259
7093 0 13589351
7095 1 13590041
7097 0 13592824
7099 1 13599612
7101 1 13607997
7103 0 13609122
7105 2 13616706
7107 0 13619424
7109 1 13621478
7111 0 13622834
7113 1 13627810
7115 0 13629634
7117 2 13633371
7119 0 13636746
7121 1 13637214
7123 0 13637469
7125 2 13641853
7127 0 13644318
7129 1 13647242
7131 0 13648956
7133 1 13654736
7135 0 13659717
7137 1 13661018
7139 0 13663500
7141 1 13665144
7143 0 13668062
7145 1 13668251
7147 0 13672438
7149 1 13673440
7151 0 13679470
7153 1 13680406
7155 0 13682968
7157 1 13683999
7159 0 13686807
7161 1 13689870
7163 0 13691118
7165 1 13691928
7167 0 13693694
7169 2 13698940
7171 0 13701838
7173 1 13705534
7175 0 13717865
7177 1 13723801
7179 0 13738158
7181 1 13739981
7183 1 13748350
7185 1 13759932
7187 0 13765260
7189 1 13770020
7191 1 13778267
7193 0 13784519
7195 2 13791002
7197 0 13791971
7199 1 13792628
7201 0 13796766
7203 1 13797300
7205 0 13799245
7207 1 13800412
7209 0 13810183
7211 2 13813906
7213 0 13817446
7215 1 13833790
7217 0 13834348
7219 1 13835679
7221 1 13839649
7223 0 13843588
7225 1 13845615
7227 0 13849481
7229 1 13854948
7231 0 13861617
7233 2 13866470
7235 0 13867734
7237 1 13882123
7239 0 13882903
7241 2 13889094
7243 0 13892324
7245 1 13894763
7247 0 13906564
7249 1 13908831
7251 0 13920847
7253 1 13924175
7255 0 13925921
7257 1 13926618
7259 0 13929753
7261 1 13942550
7263 0 13949526
7265 1 13955627
7267 0 13969248
7269 1 13969593
7271 0 13969815
7273 1 13979494
7275 1 13981054
7277 0 13982770
7279 2 13988812
7281 0 13989313
7283 1 13991989
7285 1 14004085
7287 1 14008858
7289 0 14026947
7291 2 14030256
7293 0 14032554
7295 1 14035969
7297 0 14043193
7299 2 14046891
7301 0 14047203
7303 2 14052122
7305 1 14071092
7307 1 14072394
7309 0 14073174
7311 2 14075859
7313 0 14076167
7315 1 14080593
7317 1 14091813
7319 0 14106474
7321 1 14114245
7323 0 14120413
7325 1 14121091
7327 1 14125211
7329 0 14127927
7331 1 14134596
7333 0 14141876
7335 1 14148527
7337 0 14154537
7339 1 14157960
7341 1 14174166
7343 0 14176191
7345 1 14177374
7347 0 14183333
7349 1 14187044
7351 1 14200073
7353 0 14200829
7355 2 14202734
7357 0 14204483
7359 1 14207073
7361 0 14209936
7363 1 14212057
7365 0 14221437
7367 1 14223682
7369 0 14228400
7371 1 14232939
7373 0 14256220
7375 1 14257231
7377 0 14272854
7379 2 14275695
7381 0 14276541
7383 2 14290526
7385 0 14292429
7387 1 14293554
7389 0 14301228
7391 1 14303452
7393 0 14313595
7395 1 14315594
7397 0 14318488
7399 1 14320787
7401 1 14328071
7403 0 14335456
7405 1 14337985
7407 1 14340119
7409 0 14343307
7411 2 14347273
7413 1 14350704
7415 0 14354653
7417 2 14358463
7419 1 14359933
7421 1 14361196
7423 0 14370381
7425 2 14379486
7427 0 14381046
7429 1 14382213
7431 0 14383371
7433 2 14385711
7435 0 14386023
7437 1 14387025
7439 1 14391303
7441 0 14391459
7443 1 14391813
7445 2 14394309
7447 0 14396337
7449 1 14396559
7451 0 14397528
7453 1 14399187
7455 0 14403071
7457 1 14406244
7459 0 14408192
7461 1 14411289
7463 1 14413851
7465 0 14414106
7467 2 14418057
7469 0 14418780
7471 1 14423101
7473 0 14427893
7475 1 14433559
7477 0 14435999
7479 1 14439423
7481 0 14444447
7483 1 14452197
7485 1 14459621
7487 0 14461773
7489 2 14466199
7491 0 14469622
7493 1 14469844
7495 1 14478000
7497 1 14482812
7499 0 14484216
7501 2 14486582
7503 0 14494108
7505 1 14496466
7507 0 14501630
7509 1 14504078
7511 0 14511383
7513 1 14512149
7515 1 14519447
7517 0 14521393
7519 1 14524573
7521 0 14524951
7523 1 14533322
7525 0 14533979
7527 1 14536867
7529 0 14542689
7531 1 14544572
7533 0 14547845
7535 1 14553386
7537 0 14555513
7539 2 14561055
7541 0 14561277
7543 2 14564095
7545 0 14569087
7547 1 14577367
7549 1 14585005
7551 0 14586675
7553 1 14587455
7555 1 14589081
7557 0 14591225
7559 1 14592785
7561 0 14595844
7563 1 14597626
7565 0 14602496
7567 1 14603621
7569 0 14604245
7571 1 14610223
7573 0 14611225
7575 2 14613754
7577 1 14615002
7579 0 14615380
7581 1 14619278
7583 0 14624426
7585 1 14624648
7587 0 14628206
7589 1 14628766
7591 0 14633704
7593 2 14635888
7595 0 14638138
7597 1 14640998
7599 0 14643958
7601 1 14647468
7603 0 14649122
7605 2 14654414
7607 0 14659212
7609 1 14667274
7611 0 14669098
7613 1 14673804
7615 0 14675760
7617 1 14680540
7619 0 14683102
7621 1 14686854
7623 1 14693252
7625 0 14697792
7627 1 14703464
7629 1 14704778
7631 0 14706532
7633 2 14714593
7635 0 14716342
7637 1 14719542
7639 0 14720166
7641 1 14722783
7643 0 14724660
7645 1 14729260
7647 0 14731092
7649 1 14735742
7651 0 14738217
7653 2 14740434
7655 1 14754476
7657 0 14756792
7659 1 14756948
7661 1 14758541
7663 0 14759855
7665 1 14766140
7667 0 14766296
7669 1 14772223
7671 0 14776453
7673 1 14784994
7675 0 14790947
7677 1 14795284
7679 0 14798314
7681 2 14800909
7683 0 14801221
7685 1 14803644
7687 0 14808172
7689 1 14814429
7691 0 14820063
7693 1 14822776
7695 1 14835818
7697 0 14838470
7699 1 14839406
7701 0 14856934
7703 1 14862261
7705 0 14875543
7707 2 14880223
7709 0 14881381
7711 1 14886285
7713 1 14888568
7715 1 14895988
7717 0 14903235
7719 2 14908225
7721 0 14912758
7723 1 14916915
7725 1 14934231
7727 0 14934699
7729 1 14935044
7731 0 14936325
7733 1 14938458
7735 1 14941210
7737 0 14947571
7739 1 14955567
7741 0 14958380
7743 2 14966685
7745 0 14969216
7747 1 14979152
7749 1 14981679
7751 0 14991464
7753 1 14993911
7755 0 15003587
7757 1 15005236
7759 1 15011712
7761 0 15014127
7763 1 15032380
7765 0 15033585
7767 2 15035145
7769 0 15041857
7771 1 15042079
7773 0 15044452
7775 1 15044764
7777 1 15048400
7779 0 15050730
7781 1 15055279
7783 0 15057411
7785 1 15063951
7787 0 15064575
7789 1 15067638
7791 0 15078882
7793 1 15082727
7795 1 15094308
7797 0 15094932
7799 1 15102217
7801 0 15103465
7803 1 15107028
7805 0 15109144
7807 1 15117827
7809 0 15122053
7811 1 15127388
7813 0 15133631
7815 1 15136100
7817 0 15140349
7819 1 15143260
7821 0 15147159
7823 1 15154686
7825 1 15155341
7827 1 15159915
7829 0 15162009
7831 1 15166667
7833 0 15173790
7835 1 15179431
7837 0 15179587
7839 1 15180442
7841 0 15184492
7843 1 15185995
7845 0 15191100
7847 1 15197055
7849 0 15203411
7851 1 15205070
7853 1 15212547
7855 0 15216986
7857 1 15218642
7859 0 15228206
7861 1 15229329
7863 0 15235740
7865 2 15258176
7867 0 15264519
7869 1 15267754
7871 0 15273298
7873 1 15283781
7875 0 15287313
7877 1 15289029
7879 0 15293408
7881 1 15295357
7883 0 15296203
7885 1 15298075
7887 0 15311260
7889 1 15312919
7891 0 15320463
7893 1 15325344
7895 2 15329719
7897 0 15333446
7899 1 15335359
7901 0 15338749
7903 2 15344143
7905 0 15344677
7907 2 15350265
7909 0 15352236
7911 1 15353238
7913 1 15363345
7915 0 15364890
7917 2 15366138
7919 0 15367386
7921 2 15368634
7923 0 15371886
7925 1 15372510
7927 0 15376715
7929 1 15378119
7931 0 15380226
7933 1 15380415
7935 0 15380883
7937 1 15385085
7939 0 15387023
7941 1 15389233
7943 0 15392969
7945 1 15395731
7947 0 15398343
7949 1 15403819
7951 0 15405748
7953 1 15407809
7955 0 15410025
7957 1 15412481
7959 0 15413649
7961 1 15418416
7963 0 15421891
7965 1 15425430
7967 0 15426891
7969 1 15427555
7971 0 15431829
7973 1 15436171
7975 0 15441143
7977 1 15441648
7979 1 15444072
7981 0 15446690
7983 2 15450658
7985 0 15451084
7987 1 15452491
7989 0 15454552
7991 1 15454774
7993 0 15458012
7995 1 15464215
7997 0 15464437
7999 1 15469379
8001 0 15483486
8003 1 15487079
8005 0 15498996
8007 1 15500853
8009 0 15505246
8011 2 15512626
8013 0 15527490
8015 1 15532303
8017 1 15536285
8019 1 15543841
8021 0 15545634
8023 1 15546915
8025 0 15548463
8027 2 15551226
8029 0 15551571
8031 1 15554918
8033 0 15558336
8035 1 15559692
8037 1 15568080
8039 0 15568866
8041 1 15571206
8043 0 15575992
8045 1 15580516
8047 1 15585508
8049 1 15589828
8051 0 15590912
8053 1 15594694
8055 0 15595540
8057 1 15597809
8059 0 15603007
8061 1 15604643
8063 0 15607829
8065 1 15609667
8067 0 15610843
8069 2 15613809
8071 0 15615619
8073 1 15618155
8075 0 15620127
8077 1 15627604
8079 0 15629027
8081 2 15641287
8083 0 15642359
8085 1 15642827
8087 0 15644231
8089 1 15644609
8091 0 15644807
8093 1 15648460
8095 1 15655607
8097 1 15663766
8099 0 15669000
8101 1 15679127
8103 1 15684180
8105 0 15703638
8107 2 15711003
8109 0 15726351
8111 1 15744005
8113 0 15744785
8115 1 15746095
8117 0 15746407
8119 1 15747655
8121 1 15749589
8123 0 15750057
8125 2 15757538
8127 0 15758384
8129 1 15768480
8131 0 15773214
8133 1 15777630
8135 1 15789837
8137 0 15793635
8139 1 15797947
8141 1 15800599
8143 0 15800821
8145 1 15801979
8147 0 15802603
8149 1 15803572
8151 0 15810389
8153 1 15814239
8155 1 15821319
8157 0 15824585
8159 1 15835724
8161 0 15836067
8163 1 15837970
8165 0 15838159
8167 1 15843684
8169 0 15851805
8171 1 15858503
8173 1 15864211
8175 0 15886410
8177 1 15886909
8179 0 15899691
8181 1 15900180
8183 0 15901927
8185 1 15902305
8187 1 15905622
8189 0 15911118
8191 1 15917710
8193 0 15918833
8195 1 15922840
8197 0 15923715
8199 1 15931395
8201 1 15940400
8203 1 15948661
8205 0 15949209
8207 1 15949398
8209 0 15950022
8211 1 15950646
8213 0 15955802
8215 1 15957116
8217 0 15959580
8219 2 15966546
8221 0 15966702
8223 1 15967893
8225 0 15970174
8227 1 15974222
8229 0 15979476
8231 1 15982227
8233 1 15986160
8235 0 15986694
8237 2 15994255
8239 0 15994723
8241 1 15995380
8243 0 15996538
8245 2 16003050
8247 0 16004557
8249 1 16005403
8251 0 16008361
8253 1 16011941
8255 0 16019741
8257 1 16022894
8259 0 16023617
8261 1 16024085
8263 0 16025297
8265 1 16025453
8267 0 16026343
8269 1 16031599
8271 0 16032133
8273 1 16033211
8275 0 16043751
8277 1 16044507
8279 0 16045956
8281 1 16046580
8283 0 16047114
8285 1 16048050
8287 0 16049364
8289 1 16051598
8291 0 16052912
8293 1 16054973
8295 0 16057535
8297 1 16059203
8299 0 16063970
8301 2 16071047
8303 0 16095194
8305 1 16096475
8307 0 16098375
8309 2 16104971
8311 1 16123635
8313 0 16125480
8315 1 16129004
8317 0 16142977
8319 1 16150612
8321 0 16156264
8323 1 16162347
8325 0 16167583
8327 1 16168505
8329 0 16181589
8331 1 16185132
8333 0 16190845
8335 1 16196243
8337 0 16197678
8339 1 16208041
8341 0 16215744
8343 2 16217067
8345 1 16228607
8347 0 16228796
8349 1 16233483
8351 0 16236634
8353 1 16248112
8355 1 16253162
8357 1 16258399
8359 0 16263421
8361 1 16263945
8363 0 16269995
8365 1 16272368
8367 1 16272992
8369 1 16285286
8371 0 16286385
8373 1 16293439
8375 0 16300701
8377 1 16304168
8379 1 16312675
8381 0 16313554
8383 1 16313710
8385 0 16315888
8387 1 16321204
8389 0 16332152
8391 1 16337197
8393 0 16339414
8395 1 16339948
8397 0 16342000
8399 2 16348693
8401 0 16352066
8403 0 16356276
8405 1 16357288
8407 0 16359416
8409 1 16361843
8411 0 16363658
8413 2 16365288
8415 0 16367580
8417 1 16371132
8419 1 16378351
8421 0 16378507
8423 1 16381471
8425 0 16385457
8427 1 16389405
8429 1 16389972
8431 0 16391220
8433 1 16391442
8435 0 16395858
8437 1 16396047
8439 0 16402203
8441 1 16403643
8443 1 16413842
8445 0 16414466
8447 2 16417274
8449 0 16417751
8451 1 16420715
8453 0 16422341
8455 1 16427237
8457 0 16427549
8459 1 16427861
8461 0 16430654
8463 2 16436762
8465 0 16444018
8467 1 16444570
8469 1 16452354
8471 0 16453780
8473 1 16456476
8475 0 16463496
8477 1 16465014
8479 0 16469062
8481 2 16472272
8483 0 16475146
8485 1 16481862
8487 1 16489236
8489 0 16490760
8491 2 16495572
8493 1 16501992
8495 0 16504242
8497 2 16510452
8499 0 16511019
8501 1 16511208
8503 0 16516461
8505 1 16519893
8507 1 16525355
8509 1 16525733
8511 0 16528739
8513 3 16541534
8515 0 16545252
8517 2 16547436
8519 0 16547937
8521 1 16549341
8523 0 16549653
8525 1 16550253
8527 0 16550721
8529 1 16556159
8531 0 16559054
8533 1 16564546
8535 0 16571354
8537 1 16572538
8539 0 16574190
8541 1 16576738
8543 1 16577083
8545 0 16585076
8547 1 16587663
8549 0 16595211
8551 1 16600358
8553 0 16615796
8555 1 16618766
8557 0 16630880
8559 1 16635177
8561 0 16643553
8563 1 16648533
8565 0 16658392
8567 2 16668449
8569 1 16673909
8571 0 16675992
8573 1 16681389
8575 0 16684876
8577 1 16692400
8579 0 16693413
8581 1 16693725
8583 0 16695597
8585 1 16700284
8587 0 16704750
8589 2 16707243
8591 0 16708089
8593 1 16713250
8595 0 16715354
8597 1 16721007
8599 0 16727178
8601 1 16738743
8603 1 16752975
8605 0 16767825
8607 1 16771880
8609 1 16785110
8611 1 16800919
8613 1 16804442
8615 0 16807593
8617 1 16809841
8619 0 16810965
8621 1 16825323
8623 0 16828231
8625 1 16829791
8627 1 16832197
8629 0 16833166
8631 2 16839691
8633 0 16840192
8635 2 16843559
8637 1 16845567
8639 0 16855694
8641 1 16861591
8643 0 16862371
8645 1 16866184
8647 1 16868755
8649 0 16884715
8651 1 16888513
8653 1 16893715
8655 1 16894405
8657 1 16895218
8659 0 16900628
8661 1 16904275
8663 0 16912941
8665 1 16914716
8667 1 16922518
8669 1 16929418
8671 0 16941482
8673 1 16943025
8675 0 16951487
8677 1 16952477
8679 0 16953758
8681 1 16955151
8683 0 16959997
8685 1 16969773
8687 0 16969995
8689 1 16971162
8691 0 16981496
8693 2 16986238
8695 0 16986928
8697 1 16990126
8699 1 16997089
8701 1 17000641
8703 1 17002579
8705 0 17005816
8707 1 17007532
8709 0 17009943
8711 1 17012953
8713 0 17015824
8715 2 17017540
8717 1 17024747
8719 1 17029857
8721 1 17030793
8723 0 17032173
8725 1 17034201
8727 1 17039109
8729 0 17039766
8731 1 17043912
8733 1 17046975
8735 0 17047476
8737 2 17049192
8739 1 17050416
8741 0 17052132
8743 1 17056548
8745 0 17062195
8747 2 17063164
8749 0 17065432
8751 1 17072402
8753 0 17076136
8755 1 17076292
8757 1 17081650
8759 0 17082964
8761 1 17089862
8763 0 17094532
8765 1 17095888
8767 0 17101184
8769 1 17102654
8771 0 17105628
8773 1 17110437
8775 0 17114388
8777 1 17116024
8779 0 17126842
8781 1 17131210
8783 0 17137899
8785 1 17145139
8787 0 17146453
8789 1 17150324
8791 1 17157033
8793 1 17164870
8795 0 17165692
8797 1 17166628
8799 0 17168065
8801 1 17168254
8803 0 17172408
8805 1 17174905
8807 0 17180835
8809 1 17185366
8811 0 17198926
8813 1 17201407
8815 0 17208963
8817 1 17213395
8819 1 17233894
8821 0 17240734
8823 1 17252305
8825 0 17253307
8827 2 17253775
8829 0 17260871
8831 1 17261027
8833 0 17263334
8835 2 17270602
8837 0 17278852
8839 2 17281535
8841 0 17283076
8843 1 17285671
8845 1 17307841
8847 0 17308498
8849 1 17311904
8851 1 17314747
8853 1 17318755
8855 0 17319946
8857 2 17321194
8859 1 17322451
8861 1 17322919
8863 0 17323576
8865 1 17328825
8867 1 17336849
8869 1 17338869
8871 0 17348217
8873 1 17349621
8875 0 17349933
8877 2 17356147
8879 1 17359579
8881 0 17361370
8883 1 17361526
8885 0 17362339
8887 1 17362807
8889 1 17364031
8891 0 17364499
8893 1 17365813
8895 0 17369710
8897 1 17373948
8899 1 17374671
8901 0 17376652
8903 1 17380576
8905 0 17384412
8907 1 17385726
8909 0 17386572
8911 1 17393108
8913 0 17402862
8915 1 17405720
8917 0 17412856
8919 1 17415336
8921 0 17421446
8923 1 17424559
8925 1 17433759
8927 0 17434326
8929 1 17438625
8931 1 17441466
8933 0 17443648
8935 1 17446873
8937 0 17461812
8939 1 17462034
8941 0 17465748
8943 1 17468130
8945 0 17477152
8947 2 17482142
8949 0 17484152
8951 1 17488283
8953 1 17496444
8955 1 17506942
8957 0 17525145
8959 1 17528140
8961 0 17531950
8963 1 17532328
8965 1 17534578
8967 0 17537852
8969 2 17544483
8971 0 17546850
8973 1 17548410
8975 0 17548722
8977 2 17553690
8979 0 17554470
8981 2 17556975
8983 0 17559003
8985 2 17561811
8987 0 17564353
8989 1 17564509
8991 0 17568697
8993 1 17569581
8995 0 17576638
8997 1 17577730
8999 0 17578231
9001 1 17582597
9003 0 17585677
9005 1 17586065
9007 0 17589473
9009 1 17592123
9011 0 17594275
9013 1 17601714
9015 1 17605803
9017 0 17609790
9019 1 17610325
9021 1 17612854
9023 1 17615350
9025 0 17616664
9027 1 17616853
9029 0 17621750
9031 1 17624831
9033 0 17626424
9035 1 17629832
9037 1 17639589
9039 0 17643481
9041 1 17671250
9043 0 17684762
9045 1 17689525
9047 1 17694876
9049 0 17702271
9051 1 17702616
9053 0 17710392
9055 1 17716604
9057 0 17727615
9059 2 17728738
9061 1 17732201
9063 0 17732390
9065 1 17734784
9067 0 17740665
9069 1 17742810
9071 1 17747130
9073 0 17750405
9075 2 17756648
9077 0 17759120
9079 1 17760368
9081 1 17766129
9083 1 17769225
9085 0 17771130
9087 2 17771631
9089 0 17774604
9091 1 17775540
9093 0 17778504
9095 1 17782583
9097 1 17783987
9099 0 17784299
9101 1 17784767
9103 0 17788520
9105 1 17788988
9107 0 17789144
9109 1 17791066
9111 0 17799472
9113 1 17802709
9115 0 17804802
9117 1 17806763
9119 0 17807264
9121 1 17810470
9123 0 17811160
9125 1 17812180
9127 0 17813094
9129 1 17822207
9131 0 17828174
9133 2 17833501
9135 1 17837344
9137 0 17837689
9139 1 17839403
9141 0 17840579
9143 1 17846827
9145 1 17860101
9147 1 17865515
9149 0 17866328
9151 1 17871803
9153 0 17875219
9155 1 17876863
9157 0 17881711
9159 1 17884572
9161 0 17887462
9163 1 17888980
9165 1 17892824
9167 0 17894852
9169 2 17895698
9171 0 17897419
9173 2 17904390
9175 0 17905203
9177 1 17906189
9179 0 17908793
9181 1 17909810
9183 0 17916461
9185 1 17918058
9187 0 17924160
9189 1 17927452
9191 0 17935834
9193 2 17938922
9195 0 17943930
9197 1 17947935
9199 1 17953486
9201 1 17957854
9203 0 17962048
9205 1 17968505
9207 0 17970009
9209 1 17973372
9211 0 17976067
9213 1 17977258
9215 1 17978227
9217 0 17979905
9219 1 17984063
9221 0 17985943
9223 1 17988633
9225 1 17992293
9227 0 17994643
9229 1 17997733
9231 0 18002349
9233 1 18004627
9235 1 18021765
9237 0 18023973
9239 1 18027046
9241 0 18044088
9243 2 18048181
9245 0 18063063
9247 1 18064342
9249 1 18067462
9251 1 18072135
9253 0 18084948
9255 1 18091665
9257 1 18101784
9259 0 18103942
9261 1 18108726
9263 0 18111273
9265 1 18115287
9267 0 18122362
9269 2 18134323
9271 0 18134947
9273 1 18138654
9275 0 18151600
9277 1 18153579
9279 1 18164751
9281 0 18166339
9283 1 18168867
9285 0 18173773
9287 2 18178210
9289 1 18196558
9291 0 18200590
9293 1 18200902
9295 0 18210603
9297 1 18212871
9299 0 18213534
9301 1 18218924
9303 0 18228480
9305 1 18230460
9307 0 18235944
9309 1 18241130
9311 0 18241442
9313 2 18251360
9315 0 18251984
9317 1 18252296
9319 0 18256459
9321 1 18259263
9323 0 18263374
9325 1 18265954
9327 0 18271926
9329 1 18275497
9331 0 18278343
9333 2 18282618
9335 1 18286349
9337 0 18290943
9339 2 18293127
9341 0 18299176
9343 1 18301795
9345 0 18310861
9347 1 18312796
9349 0 18321795
9351 1 18326493
9353 1 18330081
9355 0 18338532
9357 1 18343376
9359 0 18343721
9361 1 18346188
9363 1 18363273
9365 0 18364899
9367 1 18369460
9369 0 18371886
9371 2 18380254
9373 1 18386233
9375 0 18386923
9377 2 18389545
9379 2 18398860
9381 1 18409509
9383 0 18412967
9385 1 18420186
9387 1 18425796
9389 0 18430402
9391 2 18434689
9393 1 18443671
9395 0 18449280
9397 1 18457155
9399 1 18471790
9401 0 18485576
9403 1 18486200
9405 0 18488735
9407 1 18493040
9409 1 18496004
9411 0 18496259
9413 1 18501918
9415 0 18503943
9417 2 18512176
9419 0 18513145
9421 1 18513451
9423 0 18519556
9425 1 18521207
9427 0 18527559
9429 1 18533957
9431 0 18534893
9433 1 18538128
9435 1 18549996
9437 1 18562585
9439 1 18564555
9441 0 18567761
9443 2 18584565
9445 1 18588096
9447 0 18589032
9449 1 18590847
9451 0 18592130
9453 1 18598914
9455 0 18609199
9457 1 18609388
9459 0 18618667
9461 1 18620227
9463 0 18620539
9465 1 18621607
9467 0 18621763
9469 1 18625683
9471 0 18626340
9473 1 18635117
9475 0 18638237
9477 1 18643605
9479 0 18645042
9481 1 18649599
9483 0 18650289
9485 2 18653097
9487 0 18654354
9489 1 18654765
9491 0 18654921
9493 1 18655857
9495 0 18657780
9497 1 18659964
9499 0 18660285
9501 2 18660909
9503 1 18662320
9505 0 18665598
9507 1 18670557
9509 1 18672898
9511 0 18676642
9513 1 18684022
9515 0 18695374
9517 2 18699997
9519 0 18702337
9521 1 18703561
9523 0 18705901
9525 2 18706969
9527 1 18707593
9529 0 18709048
9531 1 18710372
9533 1 18713543
9535 1 18714630
9537 1 18718255
9539 1 18723363
9541 1 18725613
9543 1 18726426
9545 0 18726714
9547 1 18728742
9549 0 18736066
9551 1 18738874
9553 0 18739323
9555 1 18749787
9557 0 18753859
9559 1 18757390
9561 1 18767789
9563 1 18789340
9565 0 18798064
9567 1 18803140
9569 0 18810627
9571 1 18819707
9573 1 18833986
9575 1 18835456
9577 0 18839315
9579 2 18841925
9581 0 18842303
9583 1 18842621
9585 0 18844387
9587 2 18846039
9589 0 18850488
9591 1 18850710
9593 0 18851679
9595 2 18859311
9597 0 18860001
9599 1 18874002
9601 0 18874470
9603 1 18876006
9605 0 18877878
9607 1 18879900
9609 0 18880056
9611 2 18885492
9613 1 18887430
9615 0 18891413
9617 1 18892828
9619 0 18893296
9621 1 18900930
9623 1 18902286
9625 0 18905331
9627 2 18911169
9629 1 18913740
9631 0 18914430
9633 1 18916434
9635 0 18919850
9637 2 18924410
9639 0 18924599
9641 1 18932592
9643 1 18934908
9645 1 18947775
9647 1 18950739
9649 0 18951363
9651 1 18952206
9653 0 18952863
9655 2 18954111
9657 0 18956992
9659 1 18958150
9661 0 18960008
9663 1 18963104
9665 0 18965222
9667 2 18975934
9669 1 18980329
9671 0 18981142
9673 2 18985156
9675 1 18989122
9677 0 18993022
9679 1 18995346
9681 0 18997368
9683 1 18999348
9685 0 19006128
9687 1 19006440
9689 0 19009686
9691 1 19013616
9693 0 19019456
9695 1 19024400
9697 1 19033854
9699 0 19035447
9701 2 19039848
9703 0 19040538
9705 1 19041726
9707 1 19046562
9709 0 19049625
9711 1 19050566
9713 0 19051502
9715 1 19054908
9717 0 19058426
9719 2 19068204
9721 1 19068927
9723 0 19071111
9725 1 19077464
9727 0 19078064
9729 1 19078376
9731 1 19086074
9733 0 19086542
9735 2 19091865
9737 0 19096655
9739 1 19101031
9741 0 19106088
9743 1 19106400
9745 0 19106712
9747 1 19108338
9749 0 19109944
9751 1 19117358
9753 0 19118524
9755 2 19130822
9757 0 19132188
9759 2 19133313
9761 0 19133510
9763 1 19143456
9765 0 19150271
9767 1 19150435
9769 0 19182050
9771 1 19200208
9773 0 19200364
9775 2 19203295
9777 0 19209508
9779 1 19216661
9781 1 19230567
9783 1 19233858
9785 0 19240179
9787 1 19253070
9789 0 19261888
9791 1 19263479
9793 1 19273407
9795 0 19275021
9797 1 19275177
9799 0 19282751
9801 1 19286338
9803 0 19294637
9805 1 19300200
9807 0 19302672
9809 2 19312200
9811 0 19315095
9813 1 19324878
9815 0 19336895
9817 1 19342517
9819 0 19345677
9821 1 19356557
9823 0 19361700
9825 1 19374768
9827 0 19383686
9829 1 19390349
9831 0 19403474
9833 1 19403630
9835 1 19412464
9837 0 19414178
9839 1 19417601
9841 0 19424906
9843 1 19430220
9845 0 19439470
9847 1 19441619
9849 1 19465832
9851 0 19466144
9853 1 19467917
9855 0 19472278
9857 1 19485326
9859 0 19486574
9861 1 19486952
9863 0 19489202
9865 1 19490606
9867 0 19505927
9869 1 19513092
9871 0 19524939
9873 1 19525908
9875 0 19531488
9877 1 19546927
9879 0 19548050
9881 1 19548986
9883 0 19559514
9885 2 19568777
9887 0 19570307
9889 1 19576972
9891 0 19578097
9893 2 19583811
9895 0 19590132
9897 1 19594427
9899 0 19599087
9901 2 19609480
9903 0 19611443
9905 2 19617666
9907 0 19625757
9909 1 19627473
9911 1 19638196
9913 0 19642062
9915 1 19647108
9917 0 19649768
9919 2 19652207
9921 0 19654703
9923 1 19659797
9925 0 19666412
9927 2 19679325
9929 0 19679736
9931 2 19680984
9933 1 19689564
9935 0 19695814
9937 1 19701208
9939 1 19711889
9941 1 19712841
9943 0 19715107
9945 2 19721650
9947 0 19724868
9949 1 19729861
9951 1 19742036
9953 0 19747703
9955 1 19750280
9957 0 19762633
9959 1 19780502
9961 1 19801733
9963 1 19808350
9965 0 19813067
9967 2 19817148
9969 0 19824852
9971 2 19840459
9973 0 19845229
9975 1 19853172
9977 0 19859560
9978 1 19860808
9979 1 19868317
9980 0 19870093
9981 1 19870561
9982 0 19870717
9983 1 19876658
9984 1 19879208
9985 0 19881335
9986 1 19882338
9987 0 19897773
9988 1 19898085
9989 0 19900770
9990 1 19901583
9991 0 19902371
9992 1 19902568
9993 0 19906699
9994 1 19907052
9995 0 19910640
9996 2 19916228
9997 0 19920008
9998 1 19926623
9999 0 19926779
