1024 1
3072 1
1024 1
3072 1
1536 1
512 2
3584 3
512 1
2048 2
512 1
1024 1
512 2
3072 3
6144 1
1536 2
1024 3
512 4
2560 5
1536 6
6144 6
4608 7
2048 8
3072 9
1536 6
6656 6
8704 6
1024 7
512 8
5632 8
5120 1
6656 2
1024 3
3072 3
2048 4
4096 5
10240 5
15360 3
512 4
4096 4
2560 1
1536 1
1024 1
12288 2
1024 3
2560 4
3584 1
7168 1
1024 1
512 2
5632 1
2560 2
6656 3
1024 4
1024 4
1536 5
512 4
4096 5
1536 6
1536 6
512 7
1024 4
1536 4
1536 4
1024 1
2560 2
9728 3
6144 4
3072 1
6144 1
1536 1
4608 1
16384 2
6656 3
6144 4
3584 5
1536 5
3584 5
1536 5
512 4
4096 5
1536 6
5120 7
4096 8
2560 9
512 5
1024 4
2560 4
3584 4
1024 2
3072 1
7168 1
2560 2
512 3
12800 4
4608 5
1536 6
512 7
1536 8
1536 9
2560 10
4096 11
3072 10
3072 11
4608 12
512 13
3072 14
2048 15
4096 16
512 17
6656 16
9216 13
512 13
2560 13
512 13
2560 8
3584 6
1536 7
512 8
4096 8
5120 5
1536 5
3584 5
1536 3
1024 1
3072 2
512 1
512 2
1536 1
2560 1
1024 1
1536 2
512 1
2560 2
512 1
4096 1
512 1
3584 1
2048 1
512 1
512 1
512 1
3584 2
1024 1
4096 2
1536 2
2048 2
2560 1
512 1
1536 2
512 1
512 1
512 1
1024 1
512 1
1024 1
3584 2
512 1
1024 2
512 1
2560 1
3072 2
1024 1
1024 1
512 1
4096 1
1536 1
1024 2
512 1
5632 1
4608 1
1024 2
5120 2
2560 3
2048 1
2560 1
512 1
5120 1
4096 1
3584 1
3584 1
2048 2
2560 1
3584 1
7168 1
4608 1
5120 2
3584 2
2048 3
2560 3
1024 1
2048 1
2048 1
1536 1
1536 2
4096 1
512 1
512 1
2560 1
9728 1
9728 2
9728 3
2048 4
6144 5
2048 6
512 7
9728 8
2048 9
4608 10
2560 11
4096 12
6656 13
1024 14
3072 15
3584 16
3584 17
2048 18
2048 19
6656 20
8192 21
1024 22
1024 23
512 24
2048 25
2560 26
1024 27
2048 28
512 29
8704 30
5120 31
9216 32
7168 33
1536 34
3584 35
3072 36
1024 37
2048 38
2560 39
3584 40
11776 41
2048 42
2048 43
2048 44
5120 45
14848 46
3584 47
6144 48
1024 49
1024 50
6144 51
1536 52
10240 53
512 54
1536 55
5632 56
3584 57
6144 58
2048 59
10752 60
16384 61
1024 62
11776 63
3072 64
512 65
8192 66
3072 67
8704 68
6656 69
2048 70
512 71
512 72
4608 73
1024 74
3072 75
1024 76
1024 77
1024 78
5120 79
5120 80
512 81
2560 82
3584 83
5120 84
512 85
8192 86
2560 87
11264 88
512 89
1024 90
2560 91
1024 92
1536 93
4096 94
6656 95
2560 96
1536 97
1536 98
3584 99
4096 100
1536 101
5120 102
3584 103
1024 104
1536 105
7168 106
2560 107
2048 108
3072 109
512 110
3072 111
4608 112
2048 113
4608 114
10752 115
1024 116
9216 117
512 118
512 119
4096 120
3072 121
4608 122
1024 123
3072 124
3584 125
6144 126
6144 127
3584 128
5632 129
3584 124
3584 122
8192 122
1024 117
1536 118
1536 115
2048 116
1536 117
1024 115
11264 108
3072 105
2048 104
1024 101
7168 97
1024 95
5120 94
8704 95
6144 96
1536 97
16384 98
5632 99
7168 100
1024 101
5120 102
2048 103
512 104
1024 105
2048 106
1024 107
8704 108
4096 109
512 110
4608 111
5632 112
3584 113
1024 114
4608 115
1024 116
1536 117
1024 118
2560 119
512 120
1024 121
2560 122
10240 123
512 124
1024 125
1536 126
1536 127
4096 128
2048 129
512 130
512 131
512 132
7680 133
2048 134
3072 135
10752 136
1024 137
4096 138
6144 139
5120 140
9728 141
3072 142
2560 143
4608 144
9216 145
5632 146
1024 147
2048 148
10752 149
1536 150
1536 151
2560 152
512 153
1536 154
4096 155
3072 156
9216 157
4608 158
1024 159
5632 160
2048 161
4096 162
3584 163
3584 164
1024 165
3072 166
5632 167
512 168
7680 169
2048 170
512 171
3584 172
6144 173
2048 174
2048 175
2048 176
16384 177
6656 178
3584 179
2560 180
2048 181
2048 182
6656 183
12288 184
4608 185
6656 186
512 187
1536 188
1024 189
12800 190
3072 191
4096 192
2560 193
512 194
4608 195
7680 196
512 197
6144 198
14848 199
512 200
2048 201
3584 202
512 203
3584 204
3584 205
2560 206
6656 207
6656 208
2048 209
7168 210
3584 211
8192 207
3584 200
3072 198
5120 193
1024 191
10752 184
512 185
2048 183
12800 176
512 177
14848 171
2048 172
1536 169
4608 165
2560 163
3584 158
512 158
5632 155
512 154
2048 153
512 151
512 149
1536 146
512 143
6144 138
5632 135
512 133
512 130
512 128
6656 126
3584 120
2560 120
3072 113
10752 112
2048 112
3072 112
2560 113
1536 111
1024 111
512 109
2048 106
8704 101
8192 99
1024 100
6656 96
1024 94
6144 92
3072 90
512 91
512 92
512 93
2048 94
512 95
1024 96
2560 97
2560 98
3072 99
3072 100
512 101
3584 102
3072 103
512 104
4608 105
8704 106
3072 107
7168 108
13312 109
9216 110
5120 111
4096 112
12288 113
4608 114
8192 115
2560 116
2048 117
9216 118
512 119
4096 120
2048 121
11776 122
512 123
1024 124
512 125
5120 126
1024 127
7680 128
7680 129
2560 130
3072 131
6144 132
4608 133
2048 134
5632 135
512 136
3584 137
512 138
1536 136
1536 130
3584 130
512 130
9728 126
1024 122
3072 119
2560 119
2048 117
5120 113
2560 112
8192 113
512 114
2048 115
16384 116
3072 117
512 118
15872 119
3072 120
1024 121
1024 122
6144 123
2560 124
3584 125
1536 126
1536 127
6656 128
2048 129
2048 130
512 131
512 132
5120 133
1536 134
2560 135
1024 136
7680 137
7680 138
3072 139
2560 140
1536 141
11776 142
4608 143
512 144
3584 145
4608 146
1536 147
2560 146
512 143
3584 141
1536 136
1024 136
4096 132
512 132
1024 128
2048 128
5632 127
5120 123
3584 124
1024 117
9216 112
7168 112
512 111
3072 108
4608 105
2048 103
9216 99
4608 97
3584 96
4608 93
5632 93
8192 89
1536 87
1536 85
2048 85
2560 82
3072 81
2560 80
4096 76
3584 73
1024 71
5632 69
2560 67
10240 61
12288 60
2560 59
512 60
4608 61
4608 62
1024 63
3072 64
1536 65
6656 66
4096 67
4096 68
2048 69
3584 70
1024 71
1536 72
512 73
3584 74
512 75
512 76
6144 77
1536 78
1536 79
6656 80
8192 81
6144 82
6144 83
1536 84
3072 85
512 86
4608 87
7680 88
4608 89
7680 90
6144 91
2048 92
512 93
4096 94
1024 95
1024 96
5120 97
1024 98
2560 98
1024 97
4096 91
9216 88
1536 89
5632 90
5632 91
2560 92
512 93
512 94
6144 95
3584 96
6656 97
3584 98
1024 99
3584 100
2560 101
7680 102
6656 103
6144 104
1024 105
7680 106
4608 107
5120 108
8192 109
4608 106
1024 102
4608 97
1024 96
512 93
1536 92
6656 92
5120 90
3072 90
2560 87
512 84
10240 80
9728 78
6144 76
512 75
3072 73
512 73
5120 67
1024 65
512 66
1536 62
1536 62
512 63
3584 60
4096 60
1024 60
2560 56
1536 55
2048 49
1024 49
1024 49
6656 50
6144 47
1024 47
5120 43
2560 43
1024 43
1024 44
4608 45
2560 46
1024 47
4096 48
6144 49
2560 50
512 51
10752 52
2560 53
2048 54
13312 55
1536 56
1024 57
3584 58
2048 59
512 60
512 61
1536 62
4096 63
5120 64
10752 65
11264 66
7680 67
2560 68
5120 69
1536 70
1024 71
5632 72
4608 73
3072 74
1536 72
7168 70
512 67
2048 63
3072 55
6144 56
6144 51
2560 49
1536 47
512 44
4096 39
5632 38
1024 39
1536 36
512 32
2048 27
4608 27
6656 26
3072 26
1536 26
1536 26
512 23
2048 21
1024 16
4096 13
1536 13
512 13
1024 11
2560 10
2048 7
5632 3
1536 2
1024 1
1536 1
512 1
512 1
2048 1
512 2
1024 1
1024 1
3584 1
5632 2
1536 3
4096 4
3072 5
10240 6
1024 7
1024 8
512 9
6144 10
1536 11
16384 12
1024 13
3072 14
2560 15
2560 16
3584 17
6656 18
512 19
16384 20
2048 21
2048 22
9728 23
512 24
5120 25
1024 26
2560 27
6656 28
2560 29
1024 30
15872 31
512 32
512 33
512 34
512 35
512 36
10240 37
6144 38
1024 39
1536 40
2560 41
2048 42
4096 43
1536 44
1536 45
5120 46
6144 47
11264 48
4096 49
5120 50
3584 51
1536 52
1024 53
1024 54
512 55
4608 56
6656 57
2048 58
3072 59
2560 60
4608 61
10240 62
2048 63
1536 64
1536 65
512 66
512 67
11264 68
2048 69
2560 70
6144 71
6656 72
2048 73
10240 74
6144 75
3072 76
1024 77
512 78
1536 79
1536 80
2048 81
10240 82
2048 83
3584 84
1024 85
512 86
11264 87
512 88
2048 89
10240 90
1536 91
1536 92
7680 93
8192 94
13312 95
1024 96
4096 97
512 98
3584 99
2048 100
3072 101
4096 98
7168 94
1536 92
1536 93
1536 94
1024 95
13824 90
2560 90
3072 90
3072 83
2048 84
512 84
1024 80
1024 77
4096 74
5120 70
6144 67
5632 65
512 64
1536 57
2048 55
2048 54
9216 53
4096 52
1024 44
2560 44
2048 43
512 36
3072 33
1024 30
3584 23
512 23
6656 18
9216 17
2048 13
2560 9
1536 6
7168 1
7680 2
512 3
6144 4
6656 5
6656 6
7168 7
5120 8
1024 9
3584 10
1024 11
4608 12
512 13
4096 14
1024 15
1024 16
6656 17
1536 18
5632 19
5632 20
512 21
1024 22
2048 23
1536 24
4608 25
3072 26
512 27
4096 28
512 29
4096 30
3072 31
5632 32
7680 33
1536 34
2048 35
5120 36
8704 37
1024 38
3072 39
5632 40
5632 41
2048 42
1024 43
1536 44
1024 45
7680 46
2560 47
6144 48
1024 49
9728 50
512 51
7680 52
1024 53
4608 54
4608 55
7680 56
9728 57
1024 58
6656 59
1024 60
7168 61
3072 62
6144 63
3584 64
7168 65
1024 66
5632 67
1536 68
3584 69
5632 70
1536 71
3072 72
512 73
10752 74
2560 75
7168 76
6144 77
4096 78
5120 79
1024 80
4608 81
4096 81
2560 82
3584 80
3072 81
1536 81
512 80
2560 78
6656 75
1536 73
512 71
8192 67
1536 63
1536 61
2048 55
5632 55
8192 51
5120 52
5632 51
9728 52
2560 53
9216 54
2048 55
2560 56
512 57
5120 58
1536 59
5120 60
6144 61
5120 62
4608 63
1536 64
512 65
9216 66
2048 67
3072 68
5120 69
3072 70
512 71
4096 72
1024 73
512 74
1024 75
1024 76
2048 77
1536 78
3072 79
6144 80
1024 81
2560 82
5632 83
4096 84
2560 85
3072 86
1536 87
4096 88
7680 89
512 90
9216 91
1536 92
3584 93
3072 94
3072 95
3584 96
4096 97
2560 98
5120 99
4096 100
1536 101
3072 102
3072 103
1536 104
2048 101
5120 99
3072 96
512 94
8192 94
2048 89
512 89
4096 83
512 80
2560 80
1024 80
512 75
3584 76
2048 73
4608 70
1024 69
512 68
6144 63
2048 63
5120 61
8192 57
2048 54
3072 51
1536 51
4608 49
2560 45
5632 38
6144 37
3072 38
9216 37
512 33
512 30
6144 28
1536 29
8192 29
1536 30
3072 23
3072 23
6656 24
1536 25
2560 26
1024 27
1024 28
1536 29
4608 30
9216 31
512 32
5120 33
5120 34
3584 35
2048 36
512 37
1536 38
1024 39
11776 40
5120 41
2048 42
4096 43
13824 44
512 45
512 46
2048 47
512 48
4608 49
1024 50
1024 51
2048 52
512 53
1024 54
8704 55
6144 56
4608 57
1024 58
512 59
6656 60
4608 61
2048 62
2048 63
1536 64
1024 65
512 66
1536 67
5120 68
512 69
3072 70
2560 68
5120 67
5120 67
4096 66
1536 63
13824 58
1024 57
1024 55
512 49
5120 47
3072 47
10752 41
2560 41
2048 37
512 36
2560 34
9728 31
7680 28
5120 24
512 22
512 20
1536 15
8192 13
1024 13
512 9
3584 3
7168 4
2048 2
2048 3
10752 1
512 2
3072 3
2560 4
2560 5
3072 6
4608 7
512 8
2048 9
3072 10
512 11
8704 12
2048 13
512 14
6144 15
2560 16
512 17
1024 18
5632 19
1024 20
3584 21
2048 22
3072 23
4096 24
1024 25
2560 26
512 27
2560 28
4096 29
512 30
512 31
1536 32
12288 33
2560 34
1536 35
1024 36
1024 37
3072 38
1536 39
512 40
3584 41
8192 42
512 43
2048 41
1024 41
1024 37
2560 37
3584 33
1024 33
2048 29
1024 25
1536 24
7680 20
512 19
5120 14
5120 14
4096 9
1024 5
5632 6
512 4
1024 1
2048 1
1024 1
7168 1
2560 1
1536 1
3584 2
512 3
6144 4
2560 5
2048 6
3584 7
1536 8
2560 9
3072 10
8192 11
2560 12
3072 13
1024 14
5632 15
1536 16
5120 17
1024 18
512 19
512 20
2560 21
12800 22
10240 23
5120 24
7680 25
3072 26
8192 27
3584 28
1024 29
7168 30
2048 31
5120 32
3072 33
512 34
512 35
1536 36
7680 37
3072 38
1024 39
1536 40
7168 41
1536 42
512 43
3584 44
3584 45
512 46
2560 47
5632 48
8704 49
8704 50
2048 51
5120 52
512 53
8192 54
4096 55
10240 56
4608 57
3072 58
512 59
1536 60
1536 61
512 62
4096 63
1024 64
3584 65
1024 66
3072 67
2048 68
5632 69
5120 70
7680 71
5632 72
14336 73
6144 74
1024 75
1024 76
512 77
1024 78
1024 79
2560 80
1024 76
512 76
2048 76
8704 74
1536 74
4096 71
7168 70
1536 65
1536 65
512 65
3072 64
3072 65
5120 60
1024 55
11264 50
3072 49
4608 46
10240 42
512 41
3584 37
3072 36
512 34
512 31
3584 28
3072 25
5120 21
2048 16
4096 16
2560 16
3072 6
2560 6
3072 7
10752 7
1536 8
5120 9
3072 10
3584 11
1024 12
1024 13
3072 14
2048 15
5632 16
2560 17
6656 18
6144 19
1536 20
4608 21
1024 22
4096 23
12288 24
1536 25
11264 26
3584 27
2560 28
1536 29
4608 30
6144 31
5120 32
1024 33
1024 34
2048 35
3072 36
1024 37
2048 38
512 39
1536 40
2560 41
6144 42
1024 43
512 44
2048 45
4096 46
3072 47
5632 48
2048 49
1024 50
4608 51
3584 52
1024 53
1024 54
1536 55
4096 56
10752 57
3072 58
5632 59
2048 60
3072 61
1536 62
2048 63
2560 64
6144 65
3584 66
6144 67
5120 68
512 69
15360 70
512 71
3072 72
1024 73
5632 74
2048 75
512 76
5632 77
4608 78
4096 79
7168 80
2048 81
1536 82
7168 83
5120 84
6656 85
5120 86
2048 87
16384 88
1536 89
2048 90
1536 91
8704 92
3584 93
1024 94
11264 95
7680 96
7168 97
2048 98
512 99
2048 100
1024 101
3072 102
2048 103
512 103
4608 101
512 98
5120 93
4608 92
1024 91
3072 92
9216 93
1024 94
512 95
3584 96
512 97
2560 98
512 99
2048 100
2048 101
6144 102
512 103
1024 104
3072 105
7680 106
5120 107
1536 108
4608 109
11776 110
1536 109
512 106
3072 102
7680 96
2560 93
2048 94
6144 89
2560 89
1024 86
4608 83
5120 78
3584 74
3584 71
1536 68
512 66
3072 65
2048 64
512 61
8192 59
3072 54
2048 53
4608 49
3584 48
5120 45
4608 45
6144 44
3072 43
6656 40
6144 39
11776 38
2560 36
2560 32
1024 33
512 33
3584 31
2048 29
3072 27
1536 27
3584 26
4608 22
4096 21
1536 19
1024 16
1024 13
5120 10
2048 9
5120 6
8704 5
8704 3
8704 1
512 1
3072 1
1024 2
3584 3
512 4
512 5
512 6
8192 7
4096 8
5632 9
1536 10
3072 11
512 12
3584 13
3584 14
3072 15
3584 16
4096 17
3072 18
2560 19
6144 20
6656 21
512 22
2048 23
2560 24
1536 25
512 26
5632 27
5632 28
1536 29
4608 30
512 31
9216 32
8704 33
512 34
1024 35
2560 36
3072 37
4096 38
512 39
6656 40
2048 41
1536 42
4608 43
6656 44
2560 45
6144 46
3584 47
512 48
1536 49
6144 50
2560 51
3584 52
1536 53
14336 54
3072 55
7680 56
1024 57
6144 58
512 59
512 60
1024 61
1024 55
512 56
5632 53
512 54
1536 52
1536 48
3072 47
3072 42
4096 40
5120 36
7680 35
4096 35
8192 34
512 33
3072 27
512 23
1536 22
512 21
2048 19
1024 17
11264 13
6144 10
1024 1
3072 2
2560 2
3072 1
1024 1
4096 2
8704 3
6656 4
2560 5
6656 6
3072 7
1536 8
512 9
2048 10
2560 11
8704 12
512 13
2048 14
1536 15
5632 16
4096 17
6656 18
8192 19
11264 20
10240 21
1536 22
512 23
2048 24
3584 25
512 26
512 27
5120 28
1024 29
7680 30
8704 31
512 32
4096 33
3072 34
6144 35
512 36
2048 37
512 38
3584 39
2048 40
2048 41
1536 42
1024 43
8704 44
4608 45
512 46
1536 47
3072 48
6144 49
2560 50
2560 51
2048 52
5120 53
2560 54
2560 55
512 56
1536 57
3584 58
4608 59
2560 60
3072 61
2560 62
2048 63
5120 64
10240 65
2048 66
1024 67
4608 68
1536 69
6144 70
3584 71
7168 72
2048 73
7680 74
15360 75
6144 76
512 77
16384 78
4096 79
3072 80
512 79
1024 76
4608 76
11776 73
3584 71
6656 70
9728 70
512 70
8704 71
1024 71
512 72
15872 73
2560 74
3072 75
512 76
5632 77
6144 78
4096 79
5120 80
10752 81
5632 82
2048 83
2048 84
3072 85
512 86
512 87
3072 88
4608 89
4608 87
7168 82
4608 81
2048 82
7168 80
512 77
1536 74
1024 68
1024 68
6144 65
1536 62
4096 59
3072 60
3584 61
10240 62
5632 63
4096 64
512 65
2048 66
6656 67
1024 68
2048 69
9728 70
1536 71
3584 72
512 73
1536 74
1536 75
512 76
7168 77
512 78
3072 79
1536 80
1536 81
1024 82
2048 83
5120 84
1024 84
1536 81
1536 77
512 77
512 77
512 75
3072 70
1024 66
2560 61
6656 60
4096 58
3072 58
1536 54
6656 53
3584 51
5632 51
2560 51
4096 51
2048 49
512 46
2048 42
1536 43
512 40
7168 41
1024 38
1536 35
512 31
6144 28
1024 24
512 22
5632 21
512 16
10240 14
2048 10
2048 11
5632 8
512 6
5120 3
1024 1
1536 1
3072 1
3072 1
1536 2
2048 3
5632 4
6656 5
1024 6
4096 7
2560 8
1536 9
1024 10
4096 11
14336 12
2560 13
512 14
5632 15
7168 16
8192 17
10752 18
512 19
1536 20
4096 21
1024 22
512 23
3584 24
512 25
5632 26
2560 27
1536 28
7168 29
3072 30
1536 31
1536 32
3072 33
9216 34
5120 35
512 36
2560 37
6144 38
9728 39
2048 40
6144 41
512 38
5120 38
11264 38
1024 38
6656 35
8192 31
2048 32
6144 33
8704 34
1024 35
3072 36
2560 37
1024 38
2048 39
3072 40
3072 41
3072 42
8704 43
512 44
14336 45
3072 46
1024 47
1024 48
512 49
9728 50
2560 51
512 52
1536 53
512 54
512 55
2560 56
5120 57
2048 58
4608 59
3584 60
2048 61
1024 62
4608 63
512 64
1536 65
512 66
4096 67
512 68
4096 69
1024 70
13824 70
512 68
1024 69
2048 64
512 65
1536 63
512 58
2560 57
1024 52
5120 47
1536 48
2048 47
1536 43
4096 44
2048 40
13312 30
512 30
7680 27
5632 26
9728 25
2048 22
5120 18
512 13
3584 14
7168 13
8704 8
3072 9
1024 7
1024 5
4608 5
4096 3
1024 3
2560 1
1024 2
6144 3
6656 4
2560 5
4608 6
6656 7
1536 8
6144 9
10240 10
1536 11
6656 12
4608 13
8192 14
2048 15
2048 16
1536 17
3072 18
10752 19
4096 20
9216 21
7680 22
9216 23
1024 24
512 25
4608 26
512 27
3584 28
512 29
512 27
1536 28
4096 28
1024 26
6144 25
1536 21
1024 4
5632 4
1536 4
6656 5
9216 1
2048 2
512 1
1024 1
5120 1
1536 2
1536 3
2560 4
9728 5
1024 6
5632 7
1536 8
512 9
2560 10
1536 11
5632 12
6144 13
1536 14
512 15
1024 16
512 17
512 18
2560 19
512 20
2048 21
16384 22
8704 23
1536 24
2560 25
1024 26
1024 27
13824 28
1536 29
4096 28
6144 24
7680 23
4096 23
6656 22
1024 23
8192 18
1536 18
6656 16
3072 12
14336 9
2048 9
9216 4
1024 5
4096 1
1536 2
1536 1
5632 1
512 2
512 3
4608 4
1024 5
1536 6
1536 7
2048 8
7680 9
1024 10
3072 11
6144 12
2048 13
8704 14
7168 15
512 16
1536 17
1536 18
2560 19
512 20
4608 21
512 22
16384 23
4608 24
1024 25
1536 26
1024 27
5120 28
1536 29
1536 30
2048 31
6144 32
1536 33
5632 34
11776 35
1024 36
8192 37
2048 38
2560 39
1024 40
1536 41
512 42
3072 43
3072 44
3072 45
512 46
2048 47
1024 48
5120 49
1536 50
512 51
2048 52
512 53
3072 54
1024 55
8704 56
3584 57
512 58
1536 58
1536 56
512 52
1536 53
6144 54
2048 55
3584 56
5632 57
2048 58
512 59
512 60
1024 61
1024 62
3584 63
512 64
1536 65
4096 62
3072 62
512 62
2048 63
1024 60
3584 54
1536 47
11776 45
14336 44
512 44
10752 39
1536 39
2048 39
2048 36
1024 34
512 31
6656 32
4608 33
7168 34
512 35
512 36
1536 37
1024 38
2048 39
3584 40
6656 41
1536 42
2560 43
2048 44
7168 45
1536 46
4608 46
3584 44
7168 41
3584 41
9216 38
3584 36
3072 32
6144 30
2560 24
512 23
3584 23
512 20
3584 18
5120 16
6144 14
7680 9
4096 8
8192 5
12800 4
2560 5
512 6
2048 5
1536 1
2048 2
3072 3
4096 4
1536 5
12800 6
512 7
1536 8
5632 9
2560 10
2560 11
512 12
13312 13
3072 14
1536 15
7680 16
1536 17
3072 18
4608 19
3584 20
5120 21
2560 22
2560 23
512 24
3072 25
1024 26
3072 27
1024 28
9216 29
4096 30
512 31
3072 32
3072 33
1536 34
3072 35
1536 36
4096 37
3584 38
5120 39
3072 40
1024 41
1536 42
4096 43
3584 44
6144 45
3584 44
5120 38
1536 39
2560 39
1024 36
2048 30
2048 31
1024 25
7680 24
2048 24
1536 24
2048 25
2560 26
2560 27
10752 28
6144 29
4096 30
1024 31
8704 32
7680 33
1536 34
1024 35
1536 36
2048 37
6144 37
512 38
7168 36
4608 35
1024 31
4096 31
7680 29
3072 28
6656 24
4096 22
7680 19
3072 19
512 17
1024 14
2048 11
5120 8
2560 4
3072 2
512 2
2048 1
1536 2
3072 3
15872 4
1536 5
3072 6
1024 7
512 8
3584 9
512 10
6656 11
7680 12
5120 13
5120 14
8192 15
512 16
6656 17
3072 18
3584 13
6144 13
4096 12
11776 10
6144 10
1024 10
512 8
2048 8
2048 6
1024 1
512 1
512 1
512 2
1024 3
512 4
4096 5
1024 6
1536 7
512 8
3584 9
16384 10
5632 11
4608 12
11776 13
3072 14
2048 15
2560 12
8192 8
1536 6
4608 5
3072 3
1536 2
3584 1
3584 1
1024 2
2048 3
3072 4
512 5
14336 6
4608 7
1536 8
3584 9
2048 10
512 11
512 12
512 13
13824 14
12288 15
512 16
8704 17
2048 18
512 19
2560 20
512 19
3072 19
3584 16
9728 15
2048 11
2048 8
1024 6
7168 5
10752 1
2048 2
9728 3
8192 4
7680 5
3072 6
5120 7
1024 8
5632 9
1024 10
7168 11
11264 12
7680 13
5120 14
2560 15
4608 16
3072 17
2048 18
3584 19
1024 20
3072 21
1536 22
3584 23
2048 24
1024 25
4096 26
8192 27
7168 28
2560 29
5632 30
1024 31
6656 28
9216 27
4096 21
512 22
1024 22
512 21
2560 11
512 12
2048 13
4096 13
2048 14
4608 5
9216 3
4096 4
512 1
9216 2
2048 3
9216 4
1536 5
1536 6
2048 7
4608 8
1024 9
2048 10
6144 11
10240 12
2048 13
6656 11
6144 10
2560 8
10240 7
1536 7
1536 8
1536 9
512 8
10752 3
1024 1
512 1
6656 2
512 3
4096 4
512 5
3072 6
2560 7
512 8
512 9
2048 10
4096 11
1536 12
4096 13
8704 14
2048 15
1024 16
2048 15
7168 14
6144 8
512 9
4608 6
4608 4
2560 4
1024 1
3072 1
5632 2
13312 3
2560 4
3584 5
1024 6
512 7
1024 8
512 9
1536 10
512 11
5120 12
2560 13
1536 14
2048 15
512 16
512 17
5120 18
3584 19
5632 20
1536 19
2048 15
2048 15
4096 12
512 11
3072 8
4096 4
4096 4
512 2
2048 3
1024 1
3584 1
2048 2
512 3
3584 4
512 5
2560 6
512 7
3584 8
14848 9
4608 10
1536 11
512 12
1536 13
512 14
3584 15
512 16
3072 17
7168 18
512 19
1536 20
3072 21
7168 22
3072 23
8192 24
5120 25
3584 26
1536 27
5632 28
3072 29
512 30
2048 31
7168 32
512 33
2048 34
15360 35
512 36
1024 37
1536 37
2560 30
2560 25
2048 26
512 25
2560 25
5120 26
1536 27
1024 24
3584 24
512 25
3072 25
1024 23
6144 22
2048 20
3072 18
2560 11
2560 6
2048 5
2560 3
3584 1
3072 1
1536 2
1024 3
1024 4
5632 5
1024 6
1024 7
3584 8
16384 9
4608 10
1024 11
1536 12
512 13
2048 14
5120 15
512 16
5120 17
2560 18
3072 19
2560 20
512 21
1536 21
11776 15
8192 15
1024 15
1536 10
4608 10
11264 5
3072 5
2560 3
1024 1
1024 1
4608 2
5120 3
512 4
2048 5
1536 6
1536 7
4096 8
2560 9
2560 10
2048 11
2560 12
2560 13
9216 14
6144 15
2048 16
2560 17
512 18
7168 19
2048 20
6656 21
1536 22
1536 21
4608 19
6144 17
5632 15
3072 12
4096 13
4096 11
512 10
7168 7
7680 7
3072 1
512 2
8192 2
2048 1
10240 1
8192 2
1024 3
2560 4
1024 5
3584 6
512 7
5632 8
7680 9
3584 10
1024 11
5632 12
2048 13
13312 14
2560 15
512 16
3584 17
6144 18
512 19
1536 20
4096 21
1536 22
512 23
1536 24
4608 25
8192 26
3072 27
4608 28
512 29
1536 30
5120 31
4608 32
1024 33
2048 34
2560 35
1536 36
2560 37
6144 38
6144 39
1024 40
512 41
5632 40
3584 41
2560 38
1024 35
4096 31
13312 25
8192 23
10240 23
1536 22
1536 21
1024 20
512 18
6656 16
5632 12
5120 9
8704 9
1536 8
1024 9
4096 6
2048 1
1024 2
4608 1
3584 1
7680 2
1024 3
8704 4
7168 5
2048 6
4096 7
3072 8
512 9
4096 10
1024 11
512 12
1536 13
2048 14
2560 15
4096 16
2048 17
4096 18
10240 19
512 20
3072 21
5632 22
6656 23
512 24
2560 25
5120 26
1024 27
512 28
1536 29
1024 30
1536 31
7680 30
11264 28
512 29
8704 26
2048 26
1024 22
3072 16
1024 17
7680 14
13824 9
1536 10
512 10
2560 4
4096 3
1536 1
1536 1
1536 1
512 2
6144 3
3584 4
512 5
1536 6
2048 7
4096 8
3584 9
512 10
1536 11
1024 12
2560 13
4096 14
512 15
4608 16
4096 17
10240 18
2560 19
512 20
512 21
1536 22
512 23
12800 24
512 25
5120 26
1024 27
512 28
2048 29
4608 30
2560 31
1024 32
7168 33
512 34
5120 35
2048 36
8192 37
2048 38
2048 39
1536 40
1024 41
8192 42
2048 43
1024 44
4096 45
512 46
3584 47
2048 45
1536 45
1024 42
3584 42
6656 43
1024 44
15872 45
1024 46
512 47
4608 48
1024 49
4096 50
5120 51
1024 52
11264 53
7680 54
512 55
2048 56
3584 57
3072 58
8704 54
3072 53
3584 51
7168 47
2048 46
2048 43
1024 41
1536 39
512 36
2560 32
5120 29
1536 28
1024 24
1024 24
3584 19
9216 17
6656 14
3584 14
6144 11
2560 9
5120 9
1536 7
2048 8
2048 5
1536 1
512 1
2560 1
1024 1
512 1
512 1
1536 1
2560 2
512 3
1536 4
2048 5
4096 6
512 7
1536 8
2560 9
10240 10
1536 11
5632 12
3584 13
3072 14
3584 15
3584 16
3072 17
4608 18
16384 19
1024 20
1024 21
1024 22
4608 23
1536 24
3072 25
1024 26
1536 27
512 28
5632 29
2048 30
1536 31
2048 32
2560 33
5120 34
5120 35
512 36
5120 37
9216 38
5120 39
512 40
7680 41
1024 42
2560 43
512 44
1024 45
3584 46
9216 47
2048 48
512 49
4608 50
5120 51
6144 52
1536 51
3072 49
6656 41
7680 41
5632 41
5632 41
512 40
2048 39
7680 36
1024 34
1536 31
16384 30
2560 31
1536 32
5632 33
7168 34
512 35
8192 36
2560 37
2560 38
7680 39
2560 40
1536 41
3584 42
512 43
1536 44
2560 45
5632 46
7680 47
10752 48
3584 49
6144 50
4096 51
9728 52
2560 53
9728 54
512 55
1536 56
1536 57
1024 58
2560 59
2048 60
3584 61
2560 62
1024 63
512 64
2048 65
2048 66
1536 67
2560 68
14336 69
5120 70
3072 71
5632 72
2048 73
13312 74
6144 75
1536 76
2560 77
1024 78
9728 79
2048 80
1024 81
2048 79
3584 76
6656 72
8192 73
6144 74
512 75
4096 76
2048 77
2560 78
1536 79
1536 80
4608 81
1536 82
1536 79
3072 76
4608 74
2560 71
1024 67
9216 64
4096 62
1024 58
2048 56
512 54
4608 46
5120 46
512 46
512 46
4096 43
11776 36
8192 34
4608 32
1024 31
4608 31
6656 31
1536 32
1024 29
8192 26
7680 23
8192 23
6656 22
1536 21
3072 22
1024 19
1536 19
5120 14
2560 13
3584 13
7680 14
2048 12
1024 10
2560 9
1536 7
512 5
10240 1
512 1
2560 1
512 1
2048 1
1536 1
2048 1
5632 1
1536 1
1536 1
6144 1
5120 1
4608 1
7680 1
1536 1
2048 1
512 1
2048 1
1024 1
512 1
5632 2
4608 3
3584 4
1024 5
512 6
5120 7
2560 8
1536 9
1536 10
1024 11
1536 12
512 13
10240 14
4608 15
5120 16
4608 17
10752 18
4096 19
4096 20
5120 21
2048 22
512 23
1536 24
3584 25
1536 26
3584 27
3072 28
512 29
512 30
2560 31
4096 32
3072 33
1536 34
2048 35
10240 36
12288 37
10752 38
3584 39
1024 40
8704 41
3072 42
2048 43
5120 44
9728 45
1024 46
3584 47
3072 48
1536 49
7680 50
12288 51
5120 52
1536 53
3072 54
512 55
1536 56
3584 57
4608 58
2048 59
5632 60
2048 61
3584 62
2048 63
9728 64
1536 65
512 66
2560 67
2560 68
3072 69
4608 70
4096 71
6656 72
14848 73
8192 74
512 75
512 74
2560 68
11264 63
4096 62
512 63
1024 62
3584 62
2048 63
2560 64
4608 65
8704 66
3072 67
512 68
13312 69
2048 70
1536 71
3072 72
512 73
8192 74
3072 75
5632 76
4096 77
8704 78
1024 79
512 80
8192 81
5632 82
3072 83
6144 84
1024 85
2048 86
2048 87
1024 88
1024 89
6656 90
1024 91
512 92
512 93
2560 94
3072 95
11776 96
512 97
5632 98
1024 99
1536 100
7168 101
7680 102
6656 103
3072 104
4096 105
1536 106
2048 107
1536 108
9216 109
2048 110
1536 111
3584 112
5120 113
2560 114
4096 115
3584 116
1536 117
512 118
3584 119
4608 120
1024 121
6144 122
1024 123
5120 124
5120 125
1024 126
1536 127
512 128
3072 128
512 129
512 130
3584 129
16384 125
2048 126
9216 123
512 121
1536 117
3584 114
3072 111
2048 110
512 111
6656 107
6656 105
3072 102
1536 100
6144 96
3584 97
2560 94
1536 95
512 96
1024 97
1536 98
3072 99
2560 100
2560 101
12800 102
8704 103
2048 104
512 105
4608 106
4096 107
2560 108
1024 109
2560 110
1536 111
2048 112
11776 113
5632 114
3584 115
5120 116
5120 117
1024 115
512 110
1536 107
4608 103
11776 101
6144 96
1024 97
1024 93
512 88
3072 83
1536 81
1536 81
512 78
5632 73
1536 70
8192 68
3072 66
3072 65
2048 64
5632 62
512 60
2560 54
512 55
1536 53
512 48
2048 49
4096 50
1024 51
5632 52
3584 53
14848 54
2560 55
1024 56
7168 57
3072 58
512 59
1536 60
1024 61
11264 62
2560 63
3584 64
1024 65
2560 66
512 67
4608 68
2560 69
512 70
1024 71
3072 72
1536 73
512 70
2048 67
2560 56
3584 55
3072 56
10240 55
5632 53
6144 54
1536 54
2560 52
1024 46
11264 46
12288 43
2560 41
1536 38
7168 37
1536 36
2560 36
1536 34
1536 33
1024 28
7168 27
1536 25
1536 22
3584 20
3072 19
8704 14
512 12
7680 9
3072 8
512 7
1536 1
512 1
8192 1
2560 1
2560 1
1024 1
7680 2
2048 3
4608 4
2560 5
1536 6
1536 7
2048 8
7680 9
12800 10
3072 11
4096 12
10752 13
8192 14
7168 15
512 16
512 17
1024 18
7168 19
16384 20
14336 21
9216 22
13824 23
512 24
3584 25
4608 26
2560 27
7680 28
2560 29
4608 30
3072 31
6144 32
6144 33
6144 34
15360 35
512 36
2048 37
2048 38
512 39
2048 40
9728 41
4608 42
512 43
8704 44
4608 45
3584 46
3072 47
5120 48
1536 49
1024 50
3584 51
1536 52
512 53
9216 54
7168 55
1024 56
6656 57
2560 58
2560 59
4096 60
8192 61
1536 62
4096 61
3584 61
512 60
512 59
5120 54
5120 54
2560 55
3584 52
1536 48
512 46
1536 43
4608 41
2048 41
2048 38
7168 35
1536 30
2048 25
5632 25
6656 26
7168 27
2048 28
7680 29
5120 30
1024 31
6656 32
5632 33
1024 34
512 35
1536 36
3584 37
4096 38
1024 39
6144 40
1024 41
2560 42
1536 43
9216 44
3072 45
512 46
9216 47
8704 48
512 49
5632 50
4608 51
4096 52
7168 53
2560 54
2048 55
5632 56
5120 57
3072 58
1536 59
3584 60
512 61
512 62
3072 63
1536 64
5632 65
512 66
4096 65
1536 66
512 64
6144 58
8704 56
1024 53
8704 51
1536 49
9216 46
4608 46
2048 44
3072 41
512 41
2048 38
3584 31
8192 31
3072 32
1536 32
3072 32
2048 33
3072 34
1536 35
2560 36
512 37
512 38
9216 39
512 40
1536 41
1536 42
8192 43
1024 44
3072 45
6144 46
5632 47
1024 48
512 49
6144 50
2560 51
2560 52
4096 53
7168 54
2048 55
512 56
4608 57
2048 58
512 59
3072 60
2048 61
3584 62
3072 63
512 64
512 65
2048 66
1024 67
1024 68
4608 69
512 70
2560 71
1536 72
6144 73
4608 74
1536 75
2560 76
10752 77
2048 78
4608 79
2560 80
2048 81
7168 80
2048 77
9216 76
2560 74
1024 75
512 73
1536 66
512 66
512 62
1024 59
2560 59
1536 50
3584 50
3072 49
3584 43
3584 44
8704 40
512 38
3584 34
10752 29
512 29
512 28
1024 25
4608 22
1024 18
3584 14
6656 12
2560 9
8192 5
9216 4
4096 4
1536 3
2048 1
512 1
5632 1
3072 1
2560 1
2048 1
5632 2
512 1
5632 1
7168 2
1536 3
9216 4
8704 5
1024 6
2560 7
5632 8
3072 9
512 10
7168 11
1024 12
2048 13
1024 14
2048 15
3584 16
2048 17
8704 18
3584 19
3072 20
1536 21
1536 22
1536 23
512 24
3072 25
9728 26
512 27
6656 28
512 29
3072 30
3584 31
2048 32
2560 33
13824 34
512 35
5120 36
512 37
3584 38
7680 39
512 40
1024 41
1536 42
1536 43
1536 44
1536 45
10752 46
512 47
3072 48
1024 49
1024 50
1536 51
5632 52
8192 53
4608 54
2048 55
1536 56
1024 57
2048 58
2560 59
3584 60
2560 61
6144 62
3584 63
6656 62
1536 59
1024 58
2560 58
512 53
5120 46
3584 45
1024 43
11264 42
512 42
7168 43
2048 44
10240 45
1024 46
1024 47
6144 48
5120 49
12288 50
12800 51
6656 52
5120 53
7168 54
5120 55
3072 56
1536 57
5120 58
2560 59
1536 60
2048 61
1024 62
10240 63
5120 64
6656 65
1024 66
5632 67
512 68
3072 69
5632 70
512 71
512 72
1024 73
5120 74
8192 75
1024 76
1024 77
2048 78
512 79
3584 80
2048 81
3072 82
3072 83
512 84
6656 83
3072 83
4608 80
5120 80
5120 74
512 75
2048 71
1024 69
4096 65
1024 62
2048 56
4608 53
4608 49
3072 46
7680 46
4608 47
2048 45
2560 42
9728 38
1024 34
4096 35
1024 32
2048 29
2560 23
4608 23
3072 21
512 18
5120 15
1024 14
1536 15
14336 16
5632 17
512 18
1024 19
2048 20
512 21
5120 22
2048 23
4608 24
6144 25
3584 26
3072 27
1024 28
512 29
1024 30
3072 31
2048 32
512 33
2560 34
2560 35
512 36
512 37
3072 38
13824 39
2560 40
5120 41
512 42
7680 43
1536 44
1536 45
8192 46
512 47
2560 48
2048 49
2048 49
512 45
2048 45
3584 44
2560 44
5632 42
1536 39
2048 40
3072 35
2560 35
1024 35
1536 35
512 36
1024 37
2048 38
4608 39
512 40
1536 41
7168 42
2560 43
1024 44
512 45
3584 46
6656 47
3584 48
5120 49
2560 50
512 51
13824 52
3072 53
2560 54
7680 55
512 56
11264 57
1536 58
5632 59
8704 60
1536 61
3584 58
4096 57
1536 52
7168 50
5632 49
2560 47
512 41
1024 37
4608 32
8192 29
6656 25
3072 24
3072 20
512 20
5632 17
2048 14
3072 13
1024 13
6144 9
16384 4
7168 4
1536 3
4096 4
512 4
1536 1
4096 2
7680 1
9728 1
2048 1
5120 1
12288 2
5632 3
4096 4
11776 5
1536 6
6144 7
512 8
3584 9
2048 10
2560 11
3584 12
512 13
512 14
1536 15
1024 16
2560 17
13824 18
4096 19
1024 20
3584 21
1024 22
2560 23
8704 24
3584 25
1024 26
11264 27
5632 28
2048 29
3072 30
12288 31
12800 32
3584 33
1536 34
1024 35
1024 36
3072 37
4096 38
2560 39
3584 40
512 41
512 42
1024 43
3584 44
512 45
3584 46
4096 47
2560 48
3072 49
7168 50
3584 51
512 52
1024 53
512 54
3584 55
4096 56
5632 57
6144 58
1024 59
8704 59
1024 57
1536 55
6144 51
13824 43
4096 44
4096 42
10240 39
4096 38
512 36
1536 37
6144 33
512 31
5120 27
1024 24
1024 24
1024 21
512 19
2048 17
1024 16
1536 12
3072 10
512 10
1024 8
6656 4
1024 2
2560 1
8192 2
7168 3
3584 4
2048 5
5120 6
512 7
2560 8
2560 9
7168 10
5120 11
4608 12
1024 13
2560 14
2048 15
2560 16
2560 17
7168 18
8192 19
1024 20
5632 21
1024 22
5632 23
3072 24
512 25
4096 26
2048 27
3072 28
2048 29
1024 30
1536 31
9728 32
3072 33
2560 34
3584 35
2048 36
512 37
1024 38
8704 39
512 40
5120 41
1536 42
1536 43
512 44
9216 45
2048 46
1024 47
1536 47
3584 46
2560 44
1536 43
2048 43
1024 43
5120 42
6144 37
2048 38
512 37
1024 34
4096 32
1536 32
2560 29
512 25
10240 21
3072 18
3072 15
512 12
1024 9
512 1
1024 1
1536 1
512 1
5120 1
512 2
5632 3
1024 4
3072 5
2560 6
7680 7
8704 8
512 9
3072 10
1024 11
1024 12
2048 13
1536 14
1536 15
1024 16
5632 17
4608 18
1024 19
1536 20
4608 21
5120 22
1024 23
1024 24
512 25
5120 26
3584 27
2560 28
1024 29
5632 30
10752 31
1536 32
6656 33
512 34
3584 35
512 36
14848 37
1536 38
3072 39
1024 40
1024 41
1024 42
4096 43
5632 44
512 45
3072 46
6144 47
3072 48
3584 49
2048 50
10752 51
512 52
1024 53
2048 54
512 55
2560 51
1024 51
2048 52
2048 49
2048 47
512 43
512 42
7680 37
9216 35
1536 35
1536 33
1024 32
4608 26
2048 25
512 21
2048 19
2048 18
512 17
1536 14
8704 6
512 5
1536 5
4096 3
4096 1
4096 1
1536 1
512 1
512 1
2560 1
3072 2
1536 1
2560 1
512 2
512 3
3072 4
5120 5
1024 6
2560 7
1024 8
15360 9
6656 10
1536 11
9728 12
512 13
3584 14
7680 15
4608 16
2048 17
4096 18
1024 19
512 20
512 21
12800 22
4096 23
2048 24
2048 25
512 26
7680 27
3584 28
2048 29
1536 30
3584 31
8704 32
2048 33
2048 34
2560 35
10240 36
512 37
1536 38
2048 39
4608 40
2560 41
4096 42
512 43
3584 44
1536 45
512 46
1536 47
5120 48
7680 49
512 50
7680 51
4096 52
1536 53
512 54
1536 55
9216 56
7680 57
3072 54
4096 54
2048 51
512 51
6144 52
5632 53
4608 54
1536 55
512 56
2048 57
8704 58
1024 59
2560 60
7168 61
2048 62
3584 63
3584 64
7168 65
4608 66
4096 67
1024 68
7168 69
1024 70
10240 71
3072 72
4096 73
6144 74
512 75
3584 76
1536 77
5120 78
512 79
5120 80
1536 81
2560 82
1536 83
1024 84
512 80
4608 79
1024 75
4096 75
2560 73
3584 72
4096 63
2048 63
1024 63
5120 61
1024 57
512 57
3072 54
3584 50
1024 50
9728 47
3584 44
9216 41
4096 37
3072 37
1536 32
7168 32
1536 29
7168 28
2048 22
512 22
1536 22
5632 13
1536 12
1024 11
1536 12
1024 9
3072 4
1536 1
3072 1
1024 1
2048 1
3072 1
5632 2
3072 3
3072 4
1024 5
8192 6
5120 7
12288 8
1024 9
1536 10
6656 11
3584 12
6656 13
1024 14
5632 15
1024 16
3584 17
2048 18
512 19
1536 20
8192 21
9728 22
1024 23
512 24
512 25
1024 26
5632 27
3072 28
10752 29
512 30
9728 31
6144 32
2048 33
4608 34
5632 35
1536 36
512 37
5120 38
1024 39
5120 40
5632 41
2048 42
2560 43
9216 44
3584 45
1536 46
1536 47
1024 48
5120 49
1536 50
5120 51
2048 52
7680 53
2560 54
1024 55
4096 56
2048 57
512 58
1536 59
2560 60
3584 61
1024 58
5632 57
7168 58
1024 58
1536 55
6656 52
5632 51
2048 51
4096 51
9728 48
2048 47
6144 43
1536 43
2048 43
5632 43
5120 39
5632 38
2560 34
12800 31
4096 31
5632 27
7168 23
4608 21
2560 19
2048 14
1024 10
1536 8
1536 6
8704 2
2048 2
6656 1
5632 2
1024 3
3584 4
2048 5
2048 6
512 7
512 8
512 9
2048 10
2048 11
2560 12
7168 13
5120 14
4608 15
16384 16
5120 17
1024 18
512 19
512 20
4608 21
3584 22
2560 23
10240 24
2560 25
11776 26
2560 27
9728 28
2560 29
512 30
2048 31
4096 32
512 33
8704 34
9216 35
1024 36
1536 37
3584 38
1536 39
1024 40
4096 41
512 42
2560 43
1024 44
2560 45
2560 46
5632 47
512 48
2048 49
1536 50
3584 51
512 52
5632 53
4096 54
2048 54
4096 52
4608 50
3584 48
3072 47
1024 48
2048 49
2560 46
2048 47
5120 42
1024 42
512 34
5120 35
2560 34
2560 32
1536 32
10240 30
1536 27
5120 27
8192 23
2560 22
4096 16
4608 10
7168 5
4096 2
1536 3
2048 2
1024 2
512 1
1024 1
12800 2
1024 3
9728 4
1024 5
3072 6
9728 7
512 8
1536 9
3584 10
1024 11
1536 12
5632 13
512 14
1024 15
3584 16
5632 17
6144 18
7680 19
3072 20
512 21
4608 22
2560 23
3072 24
1536 25
1024 26
4096 27
2048 28
2048 29
3584 30
512 31
1024 32
512 33
1536 34
10752 35
1536 36
4096 37
512 38
4096 39
3584 40
2048 41
6656 42
2048 43
2048 44
12288 45
1024 46
1024 47
1536 46
3584 37
1024 37
2560 34
6656 34
4096 34
4096 33
1024 29
1536 29
2560 24
3584 21
1024 19
12800 14
2560 11
3072 10
6656 11
4096 11
1024 10
5120 8
512 2
4096 1
512 2
10752 3
4096 4
4096 5
1536 6
512 7
9216 8
6656 9
2048 10
1024 11
1536 12
512 13
1536 14
3584 15
512 16
4608 17
512 18
10240 19
512 20
8192 21
512 22
3072 23
4096 24
5120 25
7168 26
6144 27
512 28
3584 29
512 30
2560 31
1024 32
1536 33
2560 34
1536 35
1536 36
1024 37
1024 38
2048 39
2048 40
512 41
7680 37
1536 33
8192 31
6144 30
9216 29
9728 26
4096 25
1024 26
11776 25
512 26
1536 23
5120 20
1536 19
2048 15
1024 14
1024 10
6144 4
1024 5
512 2
2048 1
2560 2
512 3
2560 4
1024 5
6144 6
3584 7
1024 8
4608 9
1024 10
1024 11
3072 12
7168 13
8704 14
512 15
2048 16
3584 17
5120 18
7168 19
3584 20
512 21
4608 22
4096 23
1536 24
3072 25
512 26
1536 27
2048 28
9728 29
512 30
6144 31
6144 32
5632 27
2560 28
1024 25
2048 23
5632 19
4608 19
6656 19
1024 18
2560 16
2048 12
2048 11
5632 7
5632 4
512 5
5120 6
4608 7
3584 8
3072 9
7168 10
12800 11
7168 12
1024 13
512 14
2560 15
4096 16
512 17
10752 18
2560 19
512 20
1024 21
2048 22
2048 23
2048 24
2048 25
1536 26
1024 27
1536 28
2560 29
3584 26
1024 23
1536 22
1536 22
1024 18
4096 13
1024 13
512 12
2048 8
512 4
512 2
2048 1
2048 1
7168 1
512 1
512 1
512 2
1536 3
3072 4
5120 5
8192 6
1536 7
5632 8
1536 9
4096 10
512 11
3072 12
2048 13
1024 14
1024 15
512 16
2048 17
2048 18
4096 19
12800 20
2560 21
1536 22
1024 23
512 24
5632 25
512 26
8704 27
512 28
15872 29
1024 30
3072 31
2048 32
1024 33
2048 34
3584 35
512 36
1024 37
6144 38
2048 39
4608 40
4096 41
5632 42
16384 43
512 44
7680 45
1024 46
6144 47
3072 48
3584 49
512 50
3584 51
1024 52
1024 53
10240 54
512 55
3584 53
1024 53
512 53
2048 53
10240 48
4608 43
2048 41
3584 38
512 39
4608 36
512 35
1024 35
2560 33
1024 30
1536 29
8704 24
7680 21
7680 18
512 18
2048 18
7168 15
512 15
3072 13
1536 11
3584 8
2048 9
512 10
6656 8
1024 8
1024 1
512 2
1024 3
512 4
1536 5
1536 6
1024 7
2560 8
512 9
1536 10
3072 11
1024 12
512 13
1024 14
7168 15
2048 16
2048 17
2048 18
4096 19
5120 20
512 21
7680 22
1536 23
10240 24
2560 25
3584 26
2048 27
4096 28
5120 29
5120 30
2048 31
1024 32
7680 33
1024 34
7168 35
1536 36
2048 37
11264 38
3584 39
1536 40
512 41
2048 42
3584 43
6656 44
4608 45
1024 46
4608 47
5120 48
1024 49
1024 46
3072 45
8192 40
3072 38
2048 36
1536 29
6144 28
512 29
1536 27
2048 26
1536 27
3584 22
3584 20
3072 18
2048 19
1024 17
512 15
2560 14
2560 15
1024 16
512 17
3584 18
1536 19
3072 20
2048 21
4096 22
7168 23
6144 24
2560 25
3584 26
2048 27
4096 28
512 29
3584 30
1536 31
1024 32
6144 33
3584 34
3072 35
2560 36
9216 37
1536 38
3072 39
512 40
512 41
3072 42
4096 43
4608 44
7168 45
9216 46
3072 47
2048 48
4608 49
5632 40
512 39
2048 39
2048 39
6656 36
2560 35
512 33
2560 29
2560 30
4608 26
4608 25
3072 22
512 20
1024 21
6656 22
1024 23
3072 24
1024 25
1536 26
7680 27
3072 28
3072 29
5632 30
1024 31
7168 32
1024 33
2560 34
8704 35
4608 36
2048 37
9728 38
1024 39
8192 40
1024 41
3584 42
2560 43
4096 44
8192 45
5120 46
4096 47
3072 48
2560 49
9728 50
1024 51
512 52
2048 53
1536 54
512 55
1536 56
1536 57
2048 58
5632 59
512 60
4096 59
3072 59
6656 55
1536 47
5120 48
2048 47
12288 44
9728 42
3072 42
3584 41
512 37
7168 36
1536 33
5632 30
1536 31
1024 29
2560 23
1024 22
512 20
1024 17
3072 11
512 11
3584 1
14848 2
3584 3
6144 4
1536 5
2560 6
6144 7
1024 8
1536 9
8704 10
512 11
1536 12
1024 13
1536 14
1024 15
8192 16
512 17
5120 18
5120 19
1024 20
2560 21
4096 12
512 1
3072 1
2560 1
1536 1
1024 1
1536 1
512 2
9216 3
2048 4
4608 5
3584 6
15872 7
1024 8
1024 9
8704 10
512 11
2048 12
512 13
3584 14
1024 15
512 16
512 17
4608 18
4096 19
1024 20
11776 21
1536 22
2560 23
4608 24
4608 25
3072 26
3072 27
2560 28
1536 29
2048 30
5632 31
8704 32
10752 33
2048 34
1024 35
3072 31
1536 31
7168 31
1024 21
5632 14
5120 15
1024 16
7680 17
1024 18
2560 19
1024 20
5120 21
2560 22
4608 23
512 24
1024 25
1024 26
2048 27
4096 28
10240 29
9216 30
2048 31
4608 32
2048 33
5632 34
512 35
512 36
13824 32
1024 24
1536 1
512 1
1024 1
9216 1
4096 2
1024 3
1024 4
512 5
512 6
1024 7
10752 8
1536 9
1536 10
4096 11
10240 12
2048 13
2048 14
13824 15
4096 16
3072 17
1024 18
2560 19
1024 20
2048 21
5632 22
4096 23
1024 24
6656 25
5632 26
12800 27
5120 28
3584 29
1536 30
1024 31
3072 32
512 1
1024 2
1536 3
512 4
4096 5
512 6
3072 1
3072 2
4096 3
1024 3
1024 2
