113 118748
115 120152
121 124775
125 129870
127 130650
131 134238
139 135979
144 137873
149 142999
151 143878
155 146964
159 151841
163 155379
165 156347
169 164258
171 167140
175 173885
177 177005
179 180526
181 188205
185 191177
189 193797
193 196187
202 199567
205 203902
210 207604
217 213230
226 217341
231 226800
235 233479
238 235343
239 236747
242 238439
247 242178
249 245542
251 251314
255 252579
260 255093
261 258582
265 263583
267 267249
271 269433
275 276877
277 280318
281 280638
285 284546
291 288102
295 288930
298 292014
301 292957
302 302283
303 306569
309 308270
312 309133
315 312530
319 316229
322 316969
327 321839
330 325618
331 330544
333 332663
337 333287
340 336862
342 339908
345 341805
349 343152
353 353265
358 357687
360 360194
361 364324
367 365047
373 370825
375 380987
379 384993
389 388001
391 390809
395 395122
399 397462
403 398374
405 404844
406 405401
412 407219
414 412308
415 415411
419 418145
424 427360
427 428026
432 429036
434 432904
437 440621
441 449256
445 450972
449 456367
450 459331
452 461827
455 467699
457 470039
461 470975
465 472691
467 474563
468 476591
470 479875
473 481609
477 483793
479 487849
496 494805
501 503073
504 503697
507 505840
508 506764
512 510460
514 513013
517 517677
519 519385
521 520789
523 521397
526 522489
529 531700
532 537223
534 540105
543 548704
546 553785
552 562794
555 565125
557 566373
559 576513
561 578829
565 580857
569 581580
577 592091
579 593627
586 595409
587 598373
589 599103
598 604969
599 612270
601 613206
607 613872
614 619465
615 624213
620 628894
623 634240
627 635644
631 637820
636 640610
639 642171
643 645805
644 649910
652 652146
653 658140
657 658945
659 660817
661 665924
663 667509
669 670235
671 671787
676 680082
679 683721
681 684928
686 693169
689 694696
693 702710
697 707892
705 710438
709 711218
711 713427
713 714051
717 714593
720 718878
721 719600
723 721737
726 726861
729 729787
733 731815
737 734155
743 735288
746 737160
756 744480
758 749390
761 751353
769 753720
774 758330
776 762515
779 765118
785 771127
789 772578
792 778254
795 780693
798 788550
802 790770
803 794096
807 797110
811 799237
815 800559
819 806281
826 812397
832 816804
835 821265
836 826413
842 830379
843 835314
845 840470
849 844292
853 845696
857 847724
861 848972
864 851468
865 853652
867 855680
869 857320
873 859192
877 866145
881 877630
885 883889
889 905220
893 936106
897 946437
901 977306
905 979424
909 998286
913 1005558
915 1017615
917 1021047
921 1039414
923 1041910
925 1042846
927 1044881
931 1063932
933 1064589
935 1068686
937 1087651
941 1099801
945 1108757
949 1117217
953 1123957
957 1132955
959 1136740
961 1141086
965 1154002
969 1164778
973 1174514
975 1191641
979 1194194
983 1195195
985 1204447
989 1214155
993 1221404
995 1226095
999 1239728
1003 1241321
1005 1243357
1007 1245188
1011 1251724
1015 1263118
1019 1269482
1021 1277147
1025 1281876
1029 1296424
1033 1309309
1037 1318464
1041 1320245
1045 1344345
1049 1351286
1053 1364682
1057 1368508
1061 1371861
1065 1387423
1069 1389493
1071 1391743
1075 1396112
1079 1405603
1081 1411790
1083 1416419
1087 1422410
1089 1425530
1091 1441551
1095 1451864
1099 1462726
1103 1487000
1105 1489323
1109 1503706
1113 1505110
1117 1511440
1121 1512253
1125 1513713
1129 1516282
1133 1524256
1137 1531014
1141 1540270
1145 1542888
1149 1552286
1153 1558259
1157 1564475
1159 1569944
1163 1582104
1167 1594231
1171 1599449
1175 1606271
1179 1611901
1181 1623657
1185 1626597
1189 1634259
1191 1640139
1195 1645131
1197 1655125
1201 1661170
1205 1661934
1209 1673075
1213 1680817
1217 1682886
1221 1692190
1225 1695203
1227 1701673
1231 1712274
1235 1717441
1239 1722321
1243 1725805
1247 1733885
1251 1746210
1255 1758017
1259 1763182
1263 1765184
1267 1772598
1271 1779110
1273 1783414
1277 1787237
1279 1792066
1281 1796504
1283 1797974
1285 1799378
1289 1803687
1293 1806223
1297 1806732
1301 1816942
1305 1824742
1309 1828240
1313 1831820
1317 1839236
1321 1846261
1325 1849648
1329 1854095
1331 1860199
1335 1864550
1339 1882419
1343 1884365
1347 1886335
1351 1889105
1355 1902692
1357 1904500
1361 1913671
1365 1919709
1369 1928146
1373 1930898
1375 1938046
1379 1950534
1383 1956920
1387 1963668
1389 1967195
1393 1971338
1395 1977882
1399 1978844
1401 1984114
1403 1985140
1407 1993735
1411 1996699
1415 2002594
1419 2015222
1423 2019138
1427 2027180
1431 2027658
1435 2032371
1439 2036063
1443 2042634
1447 2047959
1451 2051805
1455 2059128
1459 2067063
1463 2072473
1467 2078272
1471 2080744
1475 2082099
1479 2088857
1483 2102241
1487 2105119
1491 2110005
1495 2113965
1499 2119433
1503 2122927
1507 2135788
1511 2144584
1513 2149108
1515 2153270
1517 2155101
1521 2157556
1525 2167387
1529 2179426
1531 2187215
1535 2194067
1539 2202887
1543 2208467
1547 2214716
1549 2215250
1551 2220581
1553 2223742
1557 2228237
1561 2235151
1565 2245191
1569 2255494
1571 2260176
1575 2265159
1579 2267703
1583 2275985
1585 2278480
1589 2284769
1593 2292644
1595 2295764
1599 2306306
1603 2312182
1607 2314288
1611 2318812
1615 2320872
1619 2325355
1623 2340601
1625 2342210
1629 2347603
1633 2354032
1635 2356592
1637 2357750
1641 2361568
1645 2366153
1649 2375053
1651 2379233
1657 2389741
1661 2403777
1665 2413339
1669 2423372
1673 2430361
1675 2437767
1679 2441101
1683 2449569
1687 2451153
1691 2459280
1695 2471115
1699 2472683
1701 2475877
1705 2481702
1709 2486077
1713 2491432
1717 2496600
1719 2498825
1723 2502216
1727 2505899
1731 2510013
1735 2513371
1739 2521655
1743 2527649
1747 2544707
1749 2547024
1753 2547804
1757 2549268
1759 2551641
1763 2560739
1767 2566458
1771 2568437
1775 2571871
1779 2576416
1783 2584562
1787 2624366
1791 2636869
1795 2648608
1799 2663825
1803 2677792
1805 2678728
1807 2681658
1811 2695352
1813 2697881
1817 2701158
1821 2705133
1825 2720645
1829 2729100
1833 2740750
1837 2744117
1841 2757557
1843 2766378
1847 2772011
1851 2787272
1855 2792764
1859 2796507
1861 2799660
1865 2811644
1867 2812892
1871 2814717
1875 2821536
1879 2844461
1883 2848157
1887 2851321
1891 2863829
1895 2873818
1899 2891732
1903 2892356
1907 2900838
1911 2906700
1915 2919496
1919 2925361
1923 2932450
1927 2937454
1931 2944568
1933 2952562
1937 2989041
1941 2995470
1945 2997935
1949 3004817
1953 3006456
1957 3031537
1959 3036120
1963 3054951
1967 3062675
1971 3063488
1975 3066157
1977 3072829
1981 3098568
1983 3107006
1985 3111148
1989 3132981
1991 3136610
1995 3147339
1999 3149137
2003 3162347
2007 3171666
2011 3186135
2013 3191265
2017 3203563
2019 3207532
2023 3212409
2027 3218217
2031 3235941
2035 3248884
2039 3257599
2041 3265830
2045 3273742
2049 3295183
2053 3318275
2057 3322295
2061 3326080
2065 3328100
2069 3334334
2073 3354334
2077 3358343
2081 3365174
2085 3371468
2087 3372576
2091 3375993
2095 3385051
2099 3404444
2103 3414462
2107 3432622
2111 3438862
2115 3441160
2119 3447027
2123 3457369
2127 3470638
2131 3474558
2133 3477758
2137 3498918
2139 3503051
2141 3507263
2145 3513099
2149 3532667
2153 3538422
2157 3542195
2161 3545555
2165 3564458
2169 3570955
2173 3574018
2177 3589791
2181 3599905
2185 3605404
2187 3613910
2191 3615536
2195 3625124
2197 3627283
2199 3628063
2203 3629943
2207 3636664
2209 3643216
2213 3644972
2217 3660092
2219 3661340
2221 3662440
2225 3664501
2229 3670823
2233 3673544
2237 3684159
2241 3689530
2243 3695821
2247 3700270
2251 3710708
2253 3717424
2255 3719397
2257 3721187
2261 3725937
2265 3739450
2269 3743736
2273 3745403
2277 3749795
2281 3760979
2285 3767798
2289 3778856
2291 3785228
2295 3790800
2299 3798418
2303 3809577
2307 3813556
2311 3819216
2315 3822724
2317 3837141
2321 3845631
2325 3847206
2327 3850530
2331 3861761
2335 3879734
2339 3884702
2343 3904917
2347 3918733
2351 3929983
2355 3938908
2359 3949364
2361 3960246
2365 3966156
2369 3976019
2373 3990907
2377 3995460
2379 3999789
2381 4001464
2385 4008276
2389 4018113
2393 4023799
2397 4028899
2401 4036495
2405 4044443
2409 4049017
2413 4057763
2417 4068599
2421 4077107
2425 4080566
2427 4086167
2431 4091312
2435 4096817
2439 4102504
2443 4110351
2447 4116697
2451 4125088
2455 4132113
2457 4142079
2461 4151063
2463 4160411
2465 4169933
2467 4171789
2471 4182886
2473 4183354
2477 4188655
2481 4195651
2485 4205554
2489 4212534
2493 4214662
2495 4220558
2499 4227562
2503 4236314
2507 4239894
2511 4248014
2513 4249336
2517 4254011
2521 4260526
2525 4279904
2529 4282344
2531 4284561
2535 4286226
2539 4291760
2543 4302940
2547 4307654
2549 4312787
2553 4313444
2557 4316227
2561 4320733
2565 4329288
2567 4331866
2569 4337574
2571 4342482
2575 4348746
2579 4361729
2583 4369280
2587 4373894
2591 4384674
2593 4389668
2597 4394701
2601 4398960
2605 4404679
2609 4413019
2613 4416558
2617 4417576
2621 4420404
2623 4424344
2627 4433826
2629 4439871
2633 4448245
2637 4448935
2639 4460474
2643 4463241
2647 4470420
2651 4471871
2653 4482381
2655 4487216
2657 4489785
2661 4493634
2665 4512368
2669 4514841
2673 4519543
2677 4525183
2681 4529085
2685 4531253
2689 4536493
2693 4547789
2695 4549550
2699 4553991
2703 4557309
2707 4562266
2711 4567521
2715 4572408
2719 4580667
2721 4582711
2725 4587232
2729 4596710
2733 4604949
2737 4620904
2739 4649931
2743 4650825
2747 4662473
2751 4669241
2755 4678514
2759 4689610
2763 4696088
2767 4704391
2771 4726912
2775 4734774
2777 4740538
2779 4753621
2783 4766099
2787 4768444
2791 4774146
2795 4788107
2797 4792205
2799 4802511
2803 4826402
2807 4834232
2811 4839601
2813 4840102
2817 4851795
2821 4861203
2825 4871712
2829 4880693
2833 4893476
2837 4901985
2841 4904588
2845 4915281
2849 4920616
2853 4932649
2857 4937308
2859 4948360
2863 4957451
2867 4971084
2869 4979592
2871 4989563
2875 5003995
2879 5013567
2883 5020830
2887 5027692
2891 5031748
2893 5039677
2897 5052978
2901 5054124
2905 5058643
2909 5089016
2911 5089673
2915 5095132
2917 5115770
2919 5116862
2923 5123822
2927 5146147
2931 5147165
2935 5167480
2939 5180645
2943 5182862
2947 5198226
2949 5202120
2953 5225889
2957 5231731
2961 5242144
2965 5246423
2967 5247433
2971 5263637
2975 5276592
2979 5280229
2983 5283862
2985 5290142
2989 5301735
2993 5312349
2997 5316128
3001 5320732
3005 5327290
3009 5353651
3013 5360772
3017 5361947
3021 5380247
3025 5381076
3029 5386234
3033 5393391
3037 5418250
3041 5429264
3045 5441765
3049 5453637
3053 5455337
3055 5456281
3059 5461380
3063 5467426
3065 5472106
3069 5477489
3071 5482371
3075 5485631
3079 5491394
3081 5493371
3085 5505538
3089 5513610
3093 5522274
3097 5532289
3101 5534928
3105 5542534
3109 5555271
3113 5556407
3117 5560053
3121 5564424
3125 5573755
3129 5585472
3133 5589803
3137 5593887
3141 5597189
3143 5605841
3145 5608148
3149 5621788
3153 5626445
3157 5627414
3161 5629106
3163 5630063
3165 5632738
3169 5641360
3173 5649330
3177 5656872
3183 5665206
3187 5677026
3191 5680713
3195 5692043
3199 5698387
3201 5701455
3205 5705251
3209 5712581
3213 5715655
3217 5724489
3221 5731093
3225 5740763
3229 5755409
3233 5759876
3237 5767750
3241 5772989
3245 5780096
3249 5782224
3253 5798510
3257 5809332
3261 5813580
3265 5820739
3269 5824946
3273 5830706
3275 5833982
3277 5836790
3279 5839285
3283 5840960
3285 5844501
3289 5847358
3293 5852287
3297 5860011
3299 5867085
3303 5868365
3307 5871439
3311 5878772
3315 5882859
3319 5888328
3323 5892262
3327 5897893
3331 5901369
3335 5910859
3339 5919407
3343 5930790
3347 5938986
3349 5940903
3353 5948611
3355 5952240
3359 5957366
3363 5960923
3367 5969628
3371 5984219
3373 5988988
3377 6003092
3381 6028178
3383 6029578
3385 6039975
3389 6052375
3393 6063792
3397 6079780
3401 6087979
3405 6091864
3409 6095066
3413 6099218
3417 6101812
3421 6115394
3425 6121724
3429 6138407
3433 6146495
3437 6165109
3441 6166922
3443 6184902
3445 6195316
3449 6196866
3453 6203383
3457 6213952
3461 6228396
3465 6236874
3469 6241808
3471 6248477
3475 6269122
3479 6281912
3483 6285439
3487 6286490
3489 6291482
3491 6305760
3495 6316308
3499 6319478
3503 6320143
3507 6330786
3511 6332667
3515 6341017
3519 6347257
3523 6355967
3525 6361799
3527 6368415
3529 6371683
3533 6375772
3537 6377792
3541 6384164
3545 6391965
3549 6405389
3553 6414027
3557 6417976
3559 6419141
3563 6425933
3567 6429113
3571 6436548
3575 6453191
3577 6460007
3581 6461444
3583 6463652
3587 6477633
3591 6487525
3593 6489241
3597 6503761
3601 6517747
3605 6527808
3607 6530568
3611 6553894
3615 6561682
3617 6564511
3619 6571659
3621 6576300
3625 6580729
3627 6586333
3629 6599879
3633 6604223
3635 6610831
3639 6614028
3643 6618576
3645 6619980
3649 6623659
3653 6628027
3655 6628946
3661 6638775
3663 6645726
3665 6649149
3669 6652722
3673 6658222
3677 6664242
3681 6674060
3685 6676236
3689 6681986
3693 6691010
3697 6697892
3701 6706580
3705 6714521
3709 6722370
3713 6722920
3717 6727196
3721 6737194
3725 6750361
3729 6759376
3733 6761884
3737 6765270
3739 6772738
3743 6777452
3745 6784586
3749 6787657
3751 6793158
3753 6796140
3757 6800425
3761 6806630
3765 6810366
3769 6818775
3771 6822605
3775 6824414
3777 6831303
3781 6835467
3785 6841082
3789 6848186
3793 6850676
3797 6857840
3801 6860502
3805 6865472
3809 6874477
3813 6885931
3817 6889551
3819 6893114
3823 6897484
3827 6905064
3831 6908998
3835 6911876
3837 6915529
3841 6924615
3845 6936884
3849 6942830
3853 6962440
3855 6973138
3859 6995963
3863 6998615
3867 7001503
3871 7019508
3875 7029670
3879 7031329
3881 7034232
3885 7039547
3889 7052108
3893 7067018
3895 7074517
3899 7082789
3903 7093466
3907 7105273
3911 7118620
3913 7129633
3917 7136253
3921 7152815
3925 7161156
3929 7163666
3933 7173902
3937 7185749
3941 7193627
3947 7209848
3951 7211613
3955 7215480
3959 7219067
3963 7224931
3967 7239081
3969 7242025
3973 7244244
3975 7248671
3979 7254281
3983 7266366
3987 7266949
3991 7272472
3995 7292890
3997 7295854
4001 7296633
4005 7305224
4007 7306423
4011 7310218
4015 7316712
4019 7322913
4023 7323570
4025 7332770
4027 7335496
4031 7341933
4035 7345956
4039 7351042
4041 7353700
4045 7355178
4049 7361960
4053 7367410
4057 7368502
4061 7377588
4063 7380029
4065 7383979
4069 7387534
4073 7397022
4077 7408775
4081 7419057
4085 7440123
4089 7455930
4093 7464041
4095 7476708
4097 7486723
4101 7500835
4103 7504045
4107 7507641
4111 7513921
4115 7519322
4119 7524299
4123 7557021
4127 7562069
4131 7564721
4133 7565953
4137 7568326
4139 7576750
4143 7581060
4147 7583063
4149 7584155
4153 7586183
4157 7586651
4161 7589775
4165 7594637
4167 7614331
4171 7615860
4175 7621692
4177 7627684
4181 7630995
4183 7635125
4185 7638204
4187 7639714
4189 7643476
4193 7644740
4197 7651570
4201 7654615
4205 7658020
4209 7666374
4213 7674202
4217 7681468
4219 7692995
4223 7697617
4225 7706599
4227 7709439
4231 7731633
4235 7738426
4239 7743658
4243 7752102
4247 7763153
4251 7769369
4255 7774979
4259 7785042
4263 7787986
4267 7804788
4271 7808488
4273 7813806
4277 7824913
4281 7832049
4283 7837462
4287 7849812
4291 7856561
4295 7862832
4297 7871430
4299 7873518
4301 7875803
4305 7886714
4309 7905090
4313 7911907
4317 7919706
4321 7934577
4325 7941932
4329 7946976
4333 7951287
4337 7958181
4339 7960365
4343 7962106
4347 7963955
4351 7967056
4355 7975032
4359 7985745
4363 7998320
4365 8002844
4367 8008115
4371 8012302
4373 8016333
4377 8017737
4381 8020823
4385 8024815
4389 8028395
4393 8032511
4397 8038021
4399 8044713
4403 8046445
4407 8050189
4411 8057650
4415 8059432
4419 8066269
4423 8069893
4427 8078770
4431 8081023
4435 8085297
4437 8088031
4441 8095823
4445 8107579
4449 8119893
4451 8121658
4453 8125559
4455 8131410
4459 8133126
4463 8137173
4467 8150944
4471 8157002
4475 8166330
4479 8191176
4483 8206764
4487 8227429
4491 8236729
4495 8243199
4499 8256645
4503 8261440
4505 8275458
4509 8287996
4513 8289284
4517 8296944
4521 8313744
4525 8330108
4529 8345396
4533 8352714
4537 8354430
4539 8363778
4543 8366055
4547 8368652
4549 8372480
4551 8388319
4555 8389329
4557 8398777
4561 8401627
4565 8403187
4569 8405568
4573 8406816
4577 8410314
4579 8414286
4583 8424229
4587 8430797
4591 8435721
4595 8440506
4597 8445504
4601 8451474
4603 8458158
4607 8463020
4611 8469416
4615 8474886
4619 8485163
4623 8503923
4627 8508201
4629 8510779
4633 8516901
4637 8518650
4639 8528527
4643 8532443
4647 8538059
4651 8543313
4655 8548829
4659 8556867
4663 8558599
4667 8560224
4671 8577270
4675 8578345
4679 8579654
4683 8583064
4687 8587154
4691 8599707
4695 8602715
4699 8608861
4703 8614217
4707 8623489
4711 8634232
4715 8664795
4719 8679402
4723 8711526
4727 8720562
4731 8728809
4735 8747478
4739 8756954
4743 8761003
4747 8767110
4749 8770460
4753 8784612
4757 8789406
4759 8805623
4761 8809710
4765 8814093
4767 8817738
4771 8823139
4775 8825331
4779 8828985
4783 8830233
4787 8840653
4791 8843372
4795 8845630
4799 8853477
4801 8858089
4805 8866156
4809 8882047
4811 8889284
4815 8906352
4819 8922855
4823 8934305
4827 8941252
4831 8957631
4835 8959297
4839 8964082
4843 8982680
4845 8985209
4849 8986055
4853 8986835
4855 8990053
4859 8995676
4861 9007506
4863 9011455
4867 9020265
4869 9025950
4871 9028791
4875 9032568
4877 9033709
4879 9037748
4881 9038372
4885 9039513
4889 9041885
4893 9045603
4897 9060462
4899 9062938
4903 9064498
4905 9067774
4909 9075879
4911 9084686
4915 9091857
4919 9110983
4923 9126669
4927 9133142
4929 9136106
4933 9137025
4937 9145878
4941 9148128
4945 9155848
4947 9164561
4951 9167983
4955 9176450
4959 9202458
4963 9209162
4967 9224038
4971 9236944
4975 9237717
4979 9257735
4983 9268821
4987 9286400
4991 9305192
4995 9306489
4999 9322836
5003 9328871
5007 9332501
5009 9336705
5013 9338417
5017 9342975
5021 9346044
5025 9357189
5029 9360186
5033 9362633
5035 9365047
5039 9367373
5043 9378266
5047 9389311
5049 9391528
5051 9407504
5055 9426262
5059 9430214
5063 9436957
5067 9441555
5071 9452525
5075 9463369
5079 9467236
5083 9468057
5087 9492843
5091 9517646
5095 9530233
5099 9539631
5101 9545658
5105 9547727
5109 9548638
5111 9549738
5113 9551922
5115 9552948
5117 9560054
5121 9562806
5125 9563504
5129 9573619
5131 9575064
5135 9585160
5139 9586988
5143 9592747
5147 9599438
5151 9608754
5155 9615787
5159 9619894
5163 9625220
5167 9641476
5171 9656858
5175 9659319
5181 9676591
5185 9684618
5189 9690365
5193 9695548
5195 9698931
5199 9702706
5201 9709460
5205 9716932
5209 9722768
5213 9744901
5215 9756369
5219 9764124
5223 9779441
5227 9802628
5231 9807232
5235 9816501
5239 9831038
5243 9839293
5247 9847948
5249 9860974
5253 9862100
5257 9866396
5261 9872646
5265 9876120
5269 9882039
5273 9888197
5275 9889634
5279 9894021
5283 9895721
5287 9900980
5291 9910649
5295 9918488
5297 9932446
5299 9933924
5303 9938333
5307 9939556
5311 9948389
5315 9953226
5319 9967963
5321 9976136
5325 9980657
5327 9996182
5331 10028153
5335 10034267
5339 10041956
5343 10044847
5347 10059782
5351 10062705
5355 10066718
5359 10074707
5363 10081456
5367 10093650
5371 10101617
5375 10105175
5379 10108952
5383 10114439
5387 10119269
5391 10124318
5395 10126748
5399 10138530
5403 10143482
5405 10147646
5409 10153475
5411 10154600
5415 10156391
5419 10162681
5421 10171889
5425 10176635
5429 10179649
5433 10194065
5437 10206548
5441 10214456
5445 10231998
5449 10237768
5453 10248981
5457 10254689
5459 10264598
5463 10269289
5465 10276868
5469 10289709
5473 10300040
5477 10305119
5481 10310020
5485 10327624
5487 10335495
5489 10337121
5493 10338000
5497 10340902
5501 10351630
5505 10360222
5507 10367115
5511 10374523
5515 10378633
5519 10383381
5523 10388216
5527 10391007
5531 10402524
5535 10407451
5539 10409296
5543 10419498
5547 10424240
5549 10425332
5553 10430664
5557 10431921
5561 10439685
5565 10444215
5569 10447993
5571 10470732
5573 10474587
5575 10496721
5577 10503238
5579 10520608
5583 10526319
5587 10531456
5591 10540142
5595 10551301
5599 10553428
5603 10557372
5607 10562332
5609 10566578
5613 10570186
5617 10571656
5621 10579153
5625 10584201
5629 10587594
5633 10593983
5637 10598352
5641 10607456
5645 10619518
5649 10622082
5653 10627810
5657 10632018
5661 10638875
5665 10648330
5669 10651721
5673 10655596
5675 10661706
5677 10663644
5681 10673640
5685 10675266
5689 10677828
5691 10679142
5695 10681972
5699 10694952
5703 10701982
5707 10728598
5711 10743441
5713 10751506
5717 10760583
5721 10763367
5723 10780598
5727 10784203
5731 10802105
5733 10804702
5735 10809310
5739 10833958
5743 10836966
5745 10840924
5749 10847896
5753 10858599
5755 10863140
5759 10870557
5763 10875165
5767 10890143
5771 10898742
5773 10904772
5777 10910567
5781 10921792
5785 10928556
5789 10937540
5791 10942943
5795 10950615
5799 10959651
5803 10968724
5807 10982486
5811 10987721
5815 10993698
5817 11000235
5821 11008855
5825 11021611
5829 11034356
5833 11052873
5835 11055837
5839 11058352
5843 11061850
5847 11069530
5849 11077894
5851 11079955
5855 11087661
5859 11100868
5861 11109105
5865 11111713
5869 11125272
5873 11127085
5877 11128704
5881 11136121
5883 11148217
5887 11155638
5891 11173687
5895 11181031
5899 11190758
5903 11200791
5905 11202917
5909 11211214
5913 11224405
5917 11231120
5921 11235417
5925 11240114
5929 11259156
5933 11264493
5937 11269239
5941 11274497
5943 11284640
5947 11287769
5951 11289986
5955 11293104
5957 11295698
5961 11302881
5965 11309574
5969 11310283
5973 11319019
5975 11322860
5979 11333140
5983 11338519
5985 11340845
5989 11348237
5993 11359296
5997 11371755
6001 11381821
6005 11400127
6009 11405462
6013 11416107
6017 11418124
6021 11428278
6025 11433295
6029 11443351
6033 11445544
6037 11446324
6041 11449910
6045 11458288
6047 11467271
6049 11473823
6053 11476994
6057 11477618
6061 11480747
6065 11483465
6069 11486341
6071 11494885
6075 11504476
6077 11507515
6079 11511259
6083 11513632
6087 11515513
6091 11519506
6095 11521510
6099 11533683
6103 11535867
6107 11541241
6109 11542489
6113 11546110
6117 11554717
6121 11565208
6125 11572237
6129 11576751
6133 11580321
6135 11587119
6139 11589747
6143 11597451
6147 11605505
6149 11610752
6153 11622977
6157 11650793
6159 11664828
6161 11669178
6165 11684547
6169 11690133
6173 11701131
6177 11710245
6179 11719564
6183 11723272
6185 11731580
6189 11753930
6193 11763533
6195 11764469
6197 11770902
6201 11774988
6205 11781099
6209 11797362
6213 11798250
6217 11806959
6221 11811213
6225 11817120
6227 11822840
6231 11832321
6233 11837188
6237 11850729
6239 11866552
6241 11867554
6243 11872756
6245 11873682
6247 11882462
6251 11884400
6255 11894324
6257 11897266
6261 11908895
6265 11922870
6267 11925243
6271 11938297
6273 11943957
6277 11946027
6279 11951487
6283 11958294
6287 11961571
6291 11969458
6295 11977575
6297 11983869
6301 11989582
6303 11990395
6305 12007016
6309 12017284
6313 12027909
6317 12035907
6319 12046149
6321 12058408
6323 12069594
6325 12077905
6329 12089495
6333 12100078
6337 12102829
6341 12105104
6345 12121764
6349 12128788
6353 12133520
6357 12142599
6359 12145534
6363 12156719
6365 12160217
6367 12164619
6371 12171260
6375 12187152
6379 12192301
6383 12203136
6387 12210582
6389 12214041
6391 12224893
6395 12240164
6397 12251700
6401 12254509
6405 12274803
6409 12276774
6411 12283232
6415 12296049
6417 12304870
6421 12307498
6425 12326247
6427 12326625
6431 12337821
6435 12341828
6437 12352428
6439 12357330
6443 12364546
6447 12368505
6451 12370878
6455 12373062
6459 12374064
6463 12375099
6467 12377694
6469 12383031
6473 12384099
6477 12389553
6481 12398055
6485 12399677
6487 12404177
6489 12410414
6491 12412040
6495 12419167
6499 12426139
6503 12432511
6505 12437363
6509 12443216
6511 12446714
6515 12452692
6521 12470727
6525 12475031
6529 12480193
6533 12487355
6537 12493447
6541 12501706
6545 12511383
6549 12520327
6553 12526339
6557 12533847
6559 12535161
6563 12550989
6567 12555161
6571 12568988
6575 12570992
6579 12574523
6581 12579395
6583 12583615
6587 12589359
6591 12593855
6593 12594389
6597 12606854
6601 12611585
6605 12618348
6609 12630336
6613 12636078
6617 12651255
6621 12653897
6625 12658562
6629 12661280
6633 12664745
6637 12666839
6639 12669122
6643 12671840
6647 12677943
6649 12683502
6653 12691434
6657 12695433
6659 12700192
6663 12706251
6667 12712647
6671 12714339
6675 12720139
6677 12721928
6681 12729356
6685 12731072
6689 12735788
6693 12738144
6697 12744761
6699 12746776
6703 12754824
6707 12761642
6711 12768684
6715 12773338
6719 12778373
6723 12783532
6725 12790976
6729 12792980
6733 12798270
6737 12809075
6741 12821963
6745 12845636
6747 12858067
6751 12863395
6755 12867578
6759 12878163
6763 12880315
6765 12893086
6769 12901332
6773 12906103
6777 12919756
6781 12934022
6785 12953406
6787 12954219
6791 12968860
6795 12976139
6799 12986810
6801 12990242
6803 12995732
6807 13000749
6809 13011603
6813 13026027
6815 13030456
6819 13040047
6823 13048576
6827 13068919
6831 13072333
6833 13090088
6837 13106819
6841 13112248
6845 13126039
6849 13128946
6853 13130858
6857 13141714
6861 13146214
6865 13154463
6869 13165637
6873 13176714
6877 13188148
6879 13189393
6883 13201328
6887 13205661
6891 13208552
6895 13226458
6899 13233420
6903 13246613
6907 13267111
6911 13275757
6915 13281529
6919 13286471
6923 13297511
6925 13298201
6929 13307694
6931 13310691
6935 13316185
6939 13319532
6941 13329600
6945 13332918
6949 13335113
6953 13341281
6957 13353264
6961 13366904
6965 13371963
6969 13378173
6973 13385685
6975 13387649
6979 13395464
6981 13400636
6985 13412391
6987 13413237
6991 13415019
6995 13418644
6999 13431082
7001 13438932
7005 13448062
7009 13450198
7013 13461243
7017 13464682
7019 13476338
7023 13483512
7027 13489368
7029 13493200
7033 13499582
7037 13506726
7039 13509552
7041 13513116
7045 13516319
7049 13518132
7053 13529558
7055 13534550
7059 13537835
7061 13540274
7065 13541632
7069 13549876
7073 13554975
7077 13563323
7081 13564202
7083 13574096
7087 13583891
7091 13588259
7095 13590041
7099 13599612
7101 13607997
7105 13616706
7109 13621478
7113 13627810
7117 13633371
7121 13637214
7125 13641853
7129 13647242
7133 13654736
7137 13661018
7141 13665144
7145 13668251
7149 13673440
7153 13680406
7157 13683999
7161 13689870
7165 13691928
7169 13698940
7173 13705534
7177 13723801
7181 13739981
7183 13748350
7185 13759932
7189 13770020
7191 13778267
7195 13791002
7199 13792628
7203 13797300
7207 13800412
7211 13813906
7215 13833790
7219 13835679
7221 13839649
7225 13845615
7229 13854948
7233 13866470
7237 13882123
7241 13889094
7245 13894763
7249 13908831
7253 13924175
7257 13926618
7261 13942550
7265 13955627
7269 13969593
7273 13979494
7275 13981054
7279 13988812
7283 13991989
7285 14004085
7287 14008858
7291 14030256
7295 14035969
7299 14046891
7303 14052122
7305 14071092
7307 14072394
7311 14075859
7315 14080593
7317 14091813
7321 14114245
7325 14121091
7327 14125211
7331 14134596
7335 14148527
7339 14157960
7341 14174166
7345 14177374
7349 14187044
7351 14200073
7355 14202734
7359 14207073
7363 14212057
7367 14223682
7371 14232939
7375 14257231
7379 14275695
7383 14290526
7387 14293554
7391 14303452
7395 14315594
7399 14320787
7401 14328071
7405 14337985
7407 14340119
7411 14347273
7413 14350704
7417 14358463
7419 14359933
7421 14361196
7425 14379486
7429 14382213
7433 14385711
7437 14387025
7439 14391303
7443 14391813
7445 14394309
7449 14396559
7453 14399187
7457 14406244
7461 14411289
7463 14413851
7467 14418057
7471 14423101
7475 14433559
7479 14439423
7483 14452197
7485 14459621
7489 14466199
7493 14469844
7495 14478000
7497 14482812
7501 14486582
7505 14496466
7509 14504078
7513 14512149
7515 14519447
7519 14524573
7523 14533322
7527 14536867
7531 14544572
7535 14553386
7539 14561055
7543 14564095
7547 14577367
7549 14585005
7553 14587455
7555 14589081
7559 14592785
7563 14597626
7567 14603621
7571 14610223
7575 14613754
7577 14615002
7581 14619278
7585 14624648
7589 14628766
7593 14635888
7597 14640998
7601 14647468
7605 14654414
7609 14667274
7613 14673804
7617 14680540
7621 14686854
7623 14693252
7627 14703464
7629 14704778
7633 14714593
7637 14719542
7641 14722783
7645 14729260
7649 14735742
7653 14740434
7655 14754476
7659 14756948
7661 14758541
7665 14766140
7669 14772223
7673 14784994
7677 14795284
7681 14800909
7685 14803644
7689 14814429
7693 14822776
7695 14835818
7699 14839406
7703 14862261
7707 14880223
7711 14886285
7713 14888568
7715 14895988
7719 14908225
7723 14916915
7725 14934231
7729 14935044
7733 14938458
7735 14941210
7739 14955567
7743 14966685
7747 14979152
7749 14981679
7753 14993911
7757 15005236
7759 15011712
7763 15032380
7767 15035145
7771 15042079
7775 15044764
7777 15048400
7781 15055279
7785 15063951
7789 15067638
7793 15082727
7795 15094308
7799 15102217
7803 15107028
7807 15117827
7811 15127388
7815 15136100
7819 15143260
7823 15154686
7825 15155341
7827 15159915
7831 15166667
7835 15179431
7839 15180442
7843 15185995
7847 15197055
7851 15205070
7853 15212547
7857 15218642
7861 15229329
7865 15258176
7869 15267754
7873 15283781
7877 15289029
7881 15295357
7885 15298075
7889 15312919
7893 15325344
7895 15329719
7899 15335359
7903 15344143
7907 15350265
7911 15353238
7913 15363345
7917 15366138
7921 15368634
7925 15372510
7929 15378119
7933 15380415
7937 15385085
7941 15389233
7945 15395731
7949 15403819
7953 15407809
7957 15412481
7961 15418416
7965 15425430
7969 15427555
7973 15436171
7977 15441648
7979 15444072
7983 15450658
7987 15452491
7991 15454774
7995 15464215
7999 15469379
8003 15487079
8007 15500853
8011 15512626
8015 15532303
8017 15536285
8019 15543841
8023 15546915
8027 15551226
8031 15554918
8035 15559692
8037 15568080
8041 15571206
8045 15580516
8047 15585508
8049 15589828
8053 15594694
8057 15597809
8061 15604643
8065 15609667
8069 15613809
8073 15618155
8077 15627604
8081 15641287
8085 15642827
8089 15644609
8093 15648460
8095 15655607
8097 15663766
8101 15679127
8103 15684180
8107 15711003
8111 15744005
8115 15746095
8119 15747655
8121 15749589
8125 15757538
8129 15768480
8133 15777630
8135 15789837
8139 15797947
8141 15800599
8145 15801979
8149 15803572
8153 15814239
8155 15821319
8159 15835724
8163 15837970
8167 15843684
8171 15858503
8173 15864211
8177 15886909
8181 15900180
8185 15902305
8187 15905622
8191 15917710
8195 15922840
8199 15931395
8201 15940400
8203 15948661
8207 15949398
8211 15950646
8215 15957116
8219 15966546
8223 15967893
8227 15974222
8231 15982227
8233 15986160
8237 15994255
8241 15995380
8245 16003050
8249 16005403
8253 16011941
8257 16022894
8261 16024085
8265 16025453
8269 16031599
8273 16033211
8277 16044507
8281 16046580
8285 16048050
8289 16051598
8293 16054973
8297 16059203
8301 16071047
8305 16096475
8309 16104971
8311 16123635
8315 16129004
8319 16150612
8323 16162347
8327 16168505
8331 16185132
8335 16196243
8339 16208041
8343 16217067
8345 16228607
8349 16233483
8353 16248112
8355 16253162
8357 16258399
8361 16263945
8365 16272368
8367 16272992
8369 16285286
8373 16293439
8377 16304168
8379 16312675
8383 16313710
8387 16321204
8391 16337197
8395 16339948
8399 16348693
8405 16357288
8409 16361843
8413 16365288
8417 16371132
8419 16378351
8423 16381471
8427 16389405
8429 16389972
8433 16391442
8437 16396047
8441 16403643
8443 16413842
8447 16417274
8451 16420715
8455 16427237
8459 16427861
8463 16436762
8467 16444570
8469 16452354
8473 16456476
8477 16465014
8481 16472272
8485 16481862
8487 16489236
8491 16495572
8493 16501992
8497 16510452
8501 16511208
8505 16519893
8507 16525355
8509 16525733
8513 16541534
8517 16547436
8521 16549341
8525 16550253
8529 16556159
8533 16564546
8537 16572538
8541 16576738
8543 16577083
8547 16587663
8551 16600358
8555 16618766
8559 16635177
8563 16648533
8567 16668449
8569 16673909
8573 16681389
8577 16692400
8581 16693725
8585 16700284
8589 16707243
8593 16713250
8597 16721007
8601 16738743
8603 16752975
8607 16771880
8609 16785110
8611 16800919
8613 16804442
8617 16809841
8621 16825323
8625 16829791
8627 16832197
8631 16839691
8635 16843559
8637 16845567
8641 16861591
8645 16866184
8647 16868755
8651 16888513
8653 16893715
8655 16894405
8657 16895218
8661 16904275
8665 16914716
8667 16922518
8669 16929418
8673 16943025
8677 16952477
8681 16955151
8685 16969773
8689 16971162
8693 16986238
8697 16990126
8699 16997089
8701 17000641
8703 17002579
8707 17007532
8711 17012953
8715 17017540
8717 17024747
8719 17029857
8721 17030793
8725 17034201
8727 17039109
8731 17043912
8733 17046975
8737 17049192
8739 17050416
8743 17056548
8747 17063164
8751 17072402
8755 17076292
8757 17081650
8761 17089862
8765 17095888
8769 17102654
8773 17110437
8777 17116024
8781 17131210
8785 17145139
8789 17150324
8791 17157033
8793 17164870
8797 17166628
8801 17168254
8805 17174905
8809 17185366
8813 17201407
8817 17213395
8819 17233894
8823 17252305
8827 17253775
8831 17261027
8835 17270602
8839 17281535
8843 17285671
8845 17307841
8849 17311904
8851 17314747
8853 17318755
8857 17321194
8859 17322451
8861 17322919
8865 17328825
8867 17336849
8869 17338869
8873 17349621
8877 17356147
8879 17359579
8883 17361526
8887 17362807
8889 17364031
8893 17365813
8897 17373948
8899 17374671
8903 17380576
8907 17385726
8911 17393108
8915 17405720
8919 17415336
8923 17424559
8925 17433759
8929 17438625
8931 17441466
8935 17446873
8939 17462034
8943 17468130
8947 17482142
8951 17488283
8953 17496444
8955 17506942
8959 17528140
8963 17532328
8965 17534578
8969 17544483
8973 17548410
8977 17553690
8981 17556975
8985 17561811
8989 17564509
8993 17569581
8997 17577730
9001 17582597
9005 17586065
9009 17592123
9013 17601714
9015 17605803
9019 17610325
9021 17612854
9023 17615350
9027 17616853
9031 17624831
9035 17629832
9037 17639589
9041 17671250
9045 17689525
9047 17694876
9051 17702616
9055 17716604
9059 17728738
9061 17732201
9065 17734784
9069 17742810
9071 17747130
9075 17756648
9079 17760368
9081 17766129
9083 17769225
9087 17771631
9091 17775540
9095 17782583
9097 17783987
9101 17784767
9105 17788988
9109 17791066
9113 17802709
9117 17806763
9121 17810470
9125 17812180
9129 17822207
9133 17833501
9135 17837344
9139 17839403
9143 17846827
9145 17860101
9147 17865515
9151 17871803
9155 17876863
9159 17884572
9163 17888980
9165 17892824
9169 17895698
9173 17904390
9177 17906189
9181 17909810
9185 17918058
9189 17927452
9193 17938922
9197 17947935
9199 17953486
9201 17957854
9205 17968505
9209 17973372
9213 17977258
9215 17978227
9219 17984063
9223 17988633
9225 17992293
9229 17997733
9233 18004627
9235 18021765
9239 18027046
9243 18048181
9247 18064342
9249 18067462
9251 18072135
9255 18091665
9257 18101784
9261 18108726
9265 18115287
9269 18134323
9273 18138654
9277 18153579
9279 18164751
9283 18168867
9287 18178210
9289 18196558
9293 18200902
9297 18212871
9301 18218924
9305 18230460
9309 18241130
9313 18251360
9317 18252296
9321 18259263
9325 18265954
9329 18275497
9333 18282618
9335 18286349
9339 18293127
9343 18301795
9347 18312796
9351 18326493
9353 18330081
9357 18343376
9361 18346188
9363 18363273
9367 18369460
9371 18380254
9373 18386233
9377 18389545
9379 18398860
9381 18409509
9385 18420186
9387 18425796
9391 18434689
9393 18443671
9397 18457155
9399 18471790
9403 18486200
9407 18493040
9409 18496004
9413 18501918
9417 18512176
9421 18513451
9425 18521207
9429 18533957
9433 18538128
9435 18549996
9437 18562585
9439 18564555
9443 18584565
9445 18588096
9449 18590847
9453 18598914
9457 18609388
9461 18620227
9465 18621607
9469 18625683
9473 18635117
9477 18643605
9481 18649599
9485 18653097
9489 18654765
9493 18655857
9497 18659964
9501 18660909
9503 18662320
9507 18670557
9509 18672898
9513 18684022
9517 18699997
9521 18703561
9525 18706969
9527 18707593
9531 18710372
9533 18713543
9535 18714630
9537 18718255
9539 18723363
9541 18725613
9543 18726426
9547 18728742
9551 18738874
9555 18749787
9559 18757390
9561 18767789
9563 18789340
9567 18803140
9571 18819707
9573 18833986
9575 18835456
9579 18841925
9583 18842621
9587 18846039
9591 18850710
9595 18859311
9599 18874002
9603 18876006
9607 18879900
9611 18885492
9613 18887430
9617 18892828
9621 18900930
9623 18902286
9627 18911169
9629 18913740
9633 18916434
9637 18924410
9641 18932592
9643 18934908
9645 18947775
9647 18950739
9651 18952206
9655 18954111
9659 18958150
9663 18963104
9667 18975934
9669 18980329
9673 18985156
9675 18989122
9679 18995346
9683 18999348
9687 19006440
9691 19013616
9695 19024400
9697 19033854
9701 19039848
9705 19041726
9707 19046562
9711 19050566
9715 19054908
9719 19068204
9721 19068927
9725 19077464
9729 19078376
9731 19086074
9735 19091865
9739 19101031
9743 19106400
9747 19108338
9751 19117358
9755 19130822
9759 19133313
9763 19143456
9767 19150435
9771 19200208
9775 19203295
9779 19216661
9781 19230567
9783 19233858
9787 19253070
9791 19263479
9793 19273407
9797 19275177
9801 19286338
9805 19300200
9809 19312200
9813 19324878
9817 19342517
9821 19356557
9825 19374768
9829 19390349
9833 19403630
9835 19412464
9839 19417601
9843 19430220
9847 19441619
9849 19465832
9853 19467917
9857 19485326
9861 19486952
9865 19490606
9869 19513092
9873 19525908
9877 19546927
9881 19548986
9885 19568777
9889 19576972
9893 19583811
9897 19594427
9901 19609480
9905 19617666
9909 19627473
9911 19638196
9915 19647108
9919 19652207
9923 19659797
9927 19679325
9931 19680984
9933 19689564
9937 19701208
9939 19711889
9941 19712841
9945 19721650
9949 19729861
9951 19742036
9955 19750280
9959 19780502
9961 19801733
9963 19808350
9967 19817148
9971 19840459
9975 19853172
9978 19860808
9979 19868317
9981 19870561
9983 19876658
9984 19879208
9986 19882338
9988 19898085
9990 19901583
9992 19902568
9994 19907052
9996 19916228
9998 19926623
