5 134883
4 134883
3 134883
7 148448
6 148448
5 148448
4 148448
3 149818
2 149818
2 154034
1 154034
2 158709
1 158709
4 179857
3 179857
8 200186
7 200186
6 200186
5 200186
8 222688
7 222688
6 222688
5 222688
18 272292
17 272292
16 272292
15 272292
14 272292
13 272292
12 272292
11 272292
10 272292
10 280240
9 280240
8 280240
7 280240
6 280240
240 1480152
239 1480152
238 1480152
237 1480152
236 1480152
235 1480152
234 1480152
233 1480152
232 1480152
231 1480152
230 1480152
229 1480152
228 1480152
227 1480152
226 1480152
225 1480152
224 1480152
223 1480152
222 1480152
221 1480152
220 1480152
219 1480152
218 1480152
217 1480152
216 1480152
215 1480152
214 1480152
213 1480152
212 1480152
211 1480152
210 1480152
209 1480152
208 1480152
207 1480152
206 1480152
205 1480152
204 1480152
203 1480152
202 1480152
201 1480152
200 1480152
199 1480152
198 1480152
197 1480152
196 1480152
195 1480152
194 1480152
193 1480152
192 1480152
191 1480152
190 1480152
189 1480152
188 1480152
187 1480152
186 1480152
185 1480152
184 1480152
183 1480152
182 1480152
181 1480152
180 1480152
179 1480152
178 1480152
177 1480152
176 1480152
175 1480152
174 1480152
173 1480152
172 1480152
171 1480152
170 1480152
169 1480152
168 1480152
167 1480152
166 1480152
165 1480152
164 1480152
163 1480152
162 1480152
161 1480152
160 1480152
159 1480152
158 1480152
157 1480152
156 1480152
155 1480152
154 1480152
153 1480152
152 1480152
151 1480152
150 1480152
149 1480152
148 1480152
147 1480152
146 1480152
145 1480152
144 1480152
143 1480152
142 1480152
141 1480152
140 1480152
139 1480152
138 1480152
137 1480152
136 1480152
135 1480152
134 1480152
133 1480152
132 1480152
131 1480152
130 1480152
144 1565090
143 1565090
142 1565090
141 1565090
140 1565090
139 1565090
138 1565090
137 1565090
136 1565090
135 1565090
134 1565090
133 1565090
132 1565090
131 1565090
130 1565090
129 1565090
128 1565090
127 1565090
126 1565090
125 1565090
124 1565090
123 1565090
122 1565090
121 1565090
120 1565090
119 1565090
118 1565090
117 1565090
116 1565090
115 1565090
114 1565090
113 1565090
112 1565090
111 1565090
110 1565090
109 1565090
108 1565090
107 1565090
106 1565090
105 1565090
104 1565090
103 1565090
102 1565090
101 1565090
100 1565090
99 1565090
98 1565090
97 1565090
96 1565090
95 1565090
94 1565090
93 1565090
92 1565090
91 1565090
90 1565090
89 1565090
88 1565090
87 1565090
86 1565090
85 1565090
84 1565090
83 1565090
82 1565090
81 1565090
80 1565090
79 1565090
78 1565090
77 1565090
76 1565090
75 1565090
74 1565090
73 1565090
72 1565090
71 1565090
70 1565090
69 1565090
68 1565090
67 1565090
66 1565090
65 1565090
64 1565090
63 1565090
62 1565090
61 1565090
60 1565090
59 1565090
58 1565090
57 1565090
56 1565090
55 1565090
54 1565090
53 1565090
52 1565090
51 1565090
50 1565090
49 1565090
48 1565090
47 1565090
46 1565090
45 1565090
44 1565090
43 1565090
42 1565090
41 1565090
88 1856567
87 1856567
86 1856567
85 1856567
84 1856567
83 1856567
82 1856567
81 1856567
80 1856567
79 1856567
78 1856567
77 1856567
76 1856567
75 1856567
74 1856567
73 1856567
72 1856567
71 1856567
70 1856567
69 1856567
68 1856567
67 1856567
66 1856567
65 1856567
64 1856567
63 1856567
62 1856567
61 1856567
60 1856567
59 1856567
58 1856567
57 1856567
56 1856567
55 1856567
54 1856567
53 1856567
52 1856567
51 1856567
50 1856567
49 1856567
48 1856567
47 1856567
58 1933471
57 1933471
56 1933471
55 1933471
54 1933471
53 1933471
52 1933471
51 1933471
50 1933471
49 1933471
48 1933471
47 1933471
46 1933471
45 1933471
44 1933471
43 1933471
42 1933471
41 1933471
40 1933471
39 1933471
38 1933471
37 1933471
36 1933471
35 1933471
74 2155550
73 2155550
72 2155550
71 2155550
70 2155550
69 2155550
68 2155550
67 2155550
66 2155550
65 2155550
64 2155550
63 2155550
62 2155550
61 2155550
60 2155550
59 2155550
58 2155550
57 2155550
56 2155550
55 2155550
54 2155550
53 2155550
52 2155550
51 2155550
50 2155550
49 2155550
48 2155550
47 2155550
46 2155550
45 2155550
44 2155550
43 2155550
42 2155550
41 2155550
40 2155550
39 2155550
41 2183560
40 2183560
39 2183560
38 2183560
37 2183560
36 2183560
35 2183560
34 2183560
33 2183560
32 2183560
31 2183560
30 2183560
29 2183560
28 2183560
27 2183560
26 2183560
25 2183560
24 2183560
23 2183560
22 2183560
21 2183560
56 2385937
55 2385937
54 2385937
53 2385937
52 2385937
51 2385937
50 2385937
49 2385937
48 2385937
47 2385937
46 2385937
45 2385937
44 2385937
43 2385937
42 2385937
41 2385937
40 2385937
39 2385937
38 2385937
37 2385937
36 2385937
35 2385937
34 2385937
33 2385937
32 2385937
176 3605628
175 3605628
174 3605628
173 3605628
172 3605628
171 3605628
170 3605628
169 3605628
168 3605628
167 3605628
166 3605628
165 3605628
164 3605628
163 3605628
162 3605628
161 3605628
160 3605628
159 3605628
158 3605628
157 3605628
156 3605628
155 3605628
154 3605628
153 3605628
152 3605628
151 3605628
150 3605628
149 3605628
148 3605628
147 3605628
146 3605628
145 3605628
144 3605628
143 3605628
142 3605628
141 3605628
140 3605628
139 3605628
138 3605628
137 3605628
136 3605628
135 3605628
134 3605628
133 3605628
132 3605628
131 3605628
130 3605628
129 3605628
128 3605628
127 3605628
126 3605628
125 3605628
124 3605628
123 3605628
122 3605628
121 3605628
120 3605628
119 3605628
118 3605628
117 3605628
116 3605628
115 3605628
114 3605628
113 3605628
112 3605628
111 3605628
110 3605628
109 3605628
108 3605628
107 3605628
106 3605628
105 3605628
104 3605628
103 3605628
102 3605628
101 3605628
153 3989362
152 3989362
151 3989362
150 3989362
149 3989362
148 3989362
147 3989362
146 3989362
145 3989362
144 3989362
143 3989362
142 3989362
141 3989362
140 3989362
139 3989362
138 3989362
137 3989362
136 3989362
135 3989362
134 3989362
133 3989362
132 3989362
131 3989362
130 3989362
129 3989362
128 3989362
127 3989362
126 3989362
125 3989362
124 3989362
123 3989362
122 3989362
121 3989362
120 3989362
119 3989362
118 3989362
117 3989362
116 3989362
115 3989362
114 3989362
113 3989362
112 3989362
111 3989362
110 3989362
109 3989362
108 3989362
107 3989362
106 3989362
105 3989362
104 3989362
103 3989362
102 3989362
101 3989362
100 3989362
99 3989362
98 3989362
97 3989362
96 3989362
95 3989362
94 3989362
93 3989362
92 3989362
91 3989362
90 3989362
89 3989362
88 3989362
87 3989362
86 3989362
85 3989362
84 3989362
83 3989362
82 3989362
98 4094244
97 4094244
96 4094244
95 4094244
94 4094244
93 4094244
92 4094244
91 4094244
90 4094244
89 4094244
88 4094244
87 4094244
86 4094244
85 4094244
84 4094244
83 4094244
82 4094244
81 4094244
80 4094244
79 4094244
78 4094244
77 4094244
76 4094244
75 4094244
74 4094244
73 4094244
72 4094244
71 4094244
70 4094244
69 4094244
68 4094244
67 4094244
66 4094244
65 4094244
64 4094244
63 4094244
62 4094244
61 4094244
60 4094244
59 4094244
58 4094244
57 4094244
56 4094244
55 4094244
54 4094244
53 4094244
89 4328534
88 4328534
87 4328534
86 4328534
85 4328534
84 4328534
83 4328534
82 4328534
81 4328534
80 4328534
79 4328534
78 4328534
77 4328534
76 4328534
75 4328534
74 4328534
73 4328534
72 4328534
71 4328534
70 4328534
69 4328534
68 4328534
67 4328534
66 4328534
65 4328534
64 4328534
63 4328534
62 4328534
61 4328534
60 4328534
59 4328534
58 4328534
57 4328534
56 4328534
55 4328534
54 4328534
53 4328534
52 4328534
51 4328534
50 4328534
49 4328534
48 4328534
77 4509309
76 4509309
75 4509309
74 4509309
73 4509309
72 4509309
71 4509309
70 4509309
69 4509309
68 4509309
67 4509309
66 4509309
65 4509309
64 4509309
63 4509309
62 4509309
61 4509309
60 4509309
59 4509309
58 4509309
57 4509309
56 4509309
55 4509309
54 4509309
53 4509309
52 4509309
51 4509309
50 4509309
49 4509309
48 4509309
47 4509309
46 4509309
45 4509309
44 4509309
43 4509309
146 5441721
145 5441721
144 5441721
143 5441721
142 5441721
141 5441721
140 5441721
139 5441721
138 5441721
137 5441721
136 5441721
135 5441721
134 5441721
133 5441721
132 5441721
131 5441721
130 5441721
129 5441721
128 5441721
127 5441721
126 5441721
125 5441721
124 5441721
123 5441721
122 5441721
121 5441721
120 5441721
119 5441721
118 5441721
117 5441721
116 5441721
115 5441721
114 5441721
113 5441721
112 5441721
111 5441721
110 5441721
109 5441721
108 5441721
107 5441721
106 5441721
105 5441721
104 5441721
103 5441721
102 5441721
101 5441721
100 5441721
99 5441721
98 5441721
97 5441721
96 5441721
95 5441721
94 5441721
93 5441721
92 5441721
91 5441721
90 5441721
89 5441721
88 5441721
87 5441721
86 5441721
85 5441721
84 5441721
83 5441721
82 5441721
81 5441721
113 5629169
112 5629169
111 5629169
110 5629169
109 5629169
108 5629169
107 5629169
106 5629169
105 5629169
104 5629169
103 5629169
102 5629169
101 5629169
100 5629169
99 5629169
98 5629169
97 5629169
96 5629169
95 5629169
94 5629169
93 5629169
92 5629169
91 5629169
90 5629169
89 5629169
88 5629169
87 5629169
86 5629169
85 5629169
84 5629169
83 5629169
82 5629169
81 5629169
80 5629169
79 5629169
78 5629169
77 5629169
76 5629169
75 5629169
74 5629169
73 5629169
72 5629169
71 5629169
70 5629169
69 5629169
68 5629169
67 5629169
66 5629169
65 5629169
64 5629169
63 5629169
62 5629169
61 5629169
60 5629169
59 5629169
58 5629169
57 5629169
56 5629169
55 5629169
54 5629169
53 5629169
52 5629169
51 5629169
50 5629169
49 5629169
48 5629169
47 5629169
46 5629169
45 5629169
44 5629169
43 5629169
42 5629169
41 5629169
40 5629169
39 5629169
38 5629169
37 5629169
36 5629169
35 5629169
34 5629169
33 5629169
37 5663219
36 5663219
35 5663219
34 5663219
33 5663219
32 5663219
31 5663219
30 5663219
29 5663219
28 5663219
27 5663219
26 5663219
25 5663219
24 5663219
23 5663219
22 5663219
21 5663219
20 5663219
105 6309169
104 6309169
103 6309169
102 6309169
101 6309169
100 6309169
99 6309169
98 6309169
97 6309169
96 6309169
95 6309169
94 6309169
93 6309169
92 6309169
91 6309169
90 6309169
89 6309169
88 6309169
87 6309169
86 6309169
85 6309169
84 6309169
83 6309169
82 6309169
81 6309169
80 6309169
79 6309169
78 6309169
77 6309169
76 6309169
75 6309169
74 6309169
73 6309169
72 6309169
71 6309169
70 6309169
69 6309169
68 6309169
67 6309169
66 6309169
65 6309169
64 6309169
63 6309169
62 6309169
61 6309169
60 6309169
99 6597276
98 6597276
97 6597276
96 6597276
95 6597276
94 6597276
93 6597276
92 6597276
91 6597276
90 6597276
89 6597276
88 6597276
87 6597276
86 6597276
85 6597276
84 6597276
83 6597276
82 6597276
81 6597276
80 6597276
79 6597276
78 6597276
77 6597276
76 6597276
75 6597276
74 6597276
73 6597276
72 6597276
71 6597276
70 6597276
69 6597276
68 6597276
67 6597276
66 6597276
65 6597276
64 6597276
63 6597276
62 6597276
61 6597276
60 6597276
59 6597276
58 6597276
57 6597276
56 6597276
55 6597276
54 6597276
53 6597276
52 6597276
51 6597276
50 6597276
49 6597276
48 6597276
47 6597276
46 6597276
45 6597276
44 6597276
43 6597276
42 6597276
41 6597276
40 6597276
39 6597276
38 6597276
37 6597276
36 6597276
35 6597276
34 6597276
33 6597276
32 6597276
31 6597276
30 6597276
29 6597276
28 6597276
36 6635766
35 6635766
34 6635766
33 6635766
32 6635766
31 6635766
30 6635766
29 6635766
28 6635766
27 6635766
26 6635766
25 6635766
24 6635766
23 6635766
22 6635766
21 6635766
20 6635766
30 6700632
29 6700632
28 6700632
27 6700632
26 6700632
25 6700632
24 6700632
23 6700632
22 6700632
21 6700632
20 6700632
19 6700632
18 6700632
17 6700632
16 6700632
15 6700632
14 6700632
13 6700632
12 6700632
11 6700632
10 6700632
76 7201398
75 7201398
74 7201398
73 7201398
72 7201398
71 7201398
70 7201398
69 7201398
68 7201398
67 7201398
66 7201398
65 7201398
64 7201398
63 7201398
62 7201398
61 7201398
60 7201398
59 7201398
58 7201398
57 7201398
56 7201398
55 7201398
54 7201398
53 7201398
52 7201398
51 7201398
50 7201398
49 7201398
48 7201398
47 7201398
46 7201398
45 7201398
44 7201398
43 7201398
47 7233123
46 7233123
45 7233123
44 7233123
43 7233123
42 7233123
41 7233123
40 7233123
39 7233123
38 7233123
37 7233123
36 7233123
35 7233123
34 7233123
33 7233123
32 7233123
31 7233123
30 7233123
29 7233123
28 7233123
27 7233123
26 7233123
25 7233123
24 7233123
23 7233123
22 7233123
21 7233123
20 7233123
19 7233123
18 7233123
17 7233123
16 7233123
15 7233123
14 7233123
53 7500940
52 7500940
51 7500940
50 7500940
49 7500940
48 7500940
47 7500940
46 7500940
45 7500940
44 7500940
43 7500940
42 7500940
41 7500940
40 7500940
39 7500940
38 7500940
37 7500940
36 7500940
35 7500940
34 7500940
33 7500940
32 7500940
31 7500940
30 7500940
50 7624013
49 7624013
48 7624013
47 7624013
46 7624013
45 7624013
44 7624013
43 7624013
42 7624013
41 7624013
40 7624013
39 7624013
38 7624013
37 7624013
36 7624013
35 7624013
34 7624013
33 7624013
32 7624013
31 7624013
30 7624013
29 7624013
28 7624013
70 7935619
69 7935619
68 7935619
67 7935619
66 7935619
65 7935619
64 7935619
63 7935619
62 7935619
61 7935619
60 7935619
59 7935619
58 7935619
57 7935619
56 7935619
55 7935619
54 7935619
53 7935619
52 7935619
51 7935619
50 7935619
49 7935619
48 7935619
47 7935619
46 7935619
45 7935619
44 7935619
43 7935619
42 7935619
41 7935619
40 7935619
39 7935619
38 7935619
37 7935619
36 7935619
35 7935619
34 7935619
33 7935619
32 7935619
31 7935619
30 7935619
29 7935619
28 7935619
27 7935619
26 7935619
25 7935619
24 7935619
23 7935619
22 7935619
21 7935619
20 7935619
21 7950338
20 7950338
19 7950338
18 7950338
17 7950338
16 7950338
15 7950338
14 7950338
13 7950338
12 7950338
28 8030187
27 8030187
26 8030187
25 8030187
24 8030187
23 8030187
22 8030187
21 8030187
20 8030187
19 8030187
18 8030187
17 8030187
16 8030187
53 8351870
52 8351870
51 8351870
50 8351870
49 8351870
48 8351870
47 8351870
46 8351870
45 8351870
44 8351870
43 8351870
42 8351870
41 8351870
40 8351870
39 8351870
38 8351870
37 8351870
36 8351870
35 8351870
34 8351870
33 8351870
32 8351870
31 8351870
30 8351870
29 8351870
28 8351870
27 8351870
26 8351870
25 8351870
24 8351870
23 8351870
22 8351870
21 8351870
20 8351870
19 8351870
18 8351870
17 8351870
16 8351870
26 8403820
25 8403820
24 8403820
23 8403820
22 8403820
21 8403820
20 8403820
19 8403820
18 8403820
17 8403820
16 8403820
15 8403820
14 8403820
33 8520067
32 8520067
31 8520067
30 8520067
29 8520067
28 8520067
27 8520067
26 8520067
25 8520067
24 8520067
23 8520067
22 8520067
21 8520067
20 8520067
19 8520067
18 8520067
27 8578935
26 8578935
25 8578935
24 8578935
23 8578935
22 8578935
21 8578935
20 8578935
19 8578935
18 8578935
17 8578935
16 8578935
15 8578935
35 8805443
34 8805443
33 8805443
32 8805443
31 8805443
30 8805443
29 8805443
28 8805443
27 8805443
26 8805443
25 8805443
24 8805443
23 8805443
22 8805443
21 8805443
20 8805443
37 8925052
36 8925052
35 8925052
34 8925052
33 8925052
32 8925052
31 8925052
30 8925052
29 8925052
28 8925052
27 8925052
26 8925052
25 8925052
24 8925052
23 8925052
22 8925052
21 8925052
20 8925052
19 8925052
18 8925052
17 8925052
16 8925052
15 8925052
14 8925052
13 8925052
12 8925052
26 9027383
25 9027383
24 9027383
23 9027383
22 9027383
21 9027383
20 9027383
19 9027383
18 9027383
17 9027383
16 9027383
15 9027383
14 9027383
29 9119013
28 9119013
27 9119013
26 9119013
25 9119013
24 9119013
23 9119013
22 9119013
21 9119013
20 9119013
19 9119013
18 9119013
17 9119013
37 9324758
36 9324758
35 9324758
34 9324758
33 9324758
32 9324758
31 9324758
30 9324758
29 9324758
28 9324758
27 9324758
26 9324758
25 9324758
24 9324758
23 9324758
22 9324758
21 9324758
20 9324758
44 9525376
43 9525376
42 9525376
41 9525376
40 9525376
39 9525376
38 9525376
37 9525376
36 9525376
35 9525376
34 9525376
33 9525376
32 9525376
31 9525376
30 9525376
29 9525376
28 9525376
27 9525376
26 9525376
25 9525376
24 9525376
23 9525376
22 9525376
21 9525376
20 9525376
19 9525376
18 9525376
17 9525376
16 9525376
15 9525376
14 9525376
37 9669695
36 9669695
35 9669695
34 9669695
33 9669695
32 9669695
31 9669695
30 9669695
29 9669695
28 9669695
27 9669695
26 9669695
25 9669695
24 9669695
23 9669695
22 9669695
42 9865847
41 9865847
40 9865847
39 9865847
38 9865847
37 9865847
36 9865847
35 9865847
34 9865847
33 9865847
32 9865847
31 9865847
30 9865847
29 9865847
28 9865847
27 9865847
26 9865847
25 9865847
24 9865847
23 9865847
47 10058479
46 10058479
45 10058479
44 10058479
43 10058479
42 10058479
41 10058479
40 10058479
39 10058479
38 10058479
37 10058479
36 10058479
35 10058479
34 10058479
33 10058479
32 10058479
31 10058479
30 10058479
29 10058479
28 10058479
27 10058479
26 10058479
25 10058479
24 10058479
23 10058479
22 10058479
21 10058479
20 10058479
19 10058479
18 10058479
17 10058479
16 10058479
15 10058479
14 10058479
57 10365090
56 10365090
55 10365090
54 10365090
53 10365090
52 10365090
51 10365090
50 10365090
49 10365090
48 10365090
47 10365090
46 10365090
45 10365090
44 10365090
43 10365090
42 10365090
41 10365090
40 10365090
39 10365090
38 10365090
37 10365090
36 10365090
35 10365090
34 10365090
33 10365090
32 10365090
31 10365090
55 10549263
54 10549263
53 10549263
52 10549263
51 10549263
50 10549263
49 10549263
48 10549263
47 10549263
46 10549263
45 10549263
44 10549263
43 10549263
42 10549263
41 10549263
40 10549263
39 10549263
38 10549263
37 10549263
36 10549263
35 10549263
34 10549263
33 10549263
32 10549263
31 10549263
30 10549263
29 10549263
28 10549263
27 10549263
26 10549263
25 10549263
24 10549263
23 10549263
22 10549263
21 10549263
20 10549263
19 10549263
18 10549263
17 10549263
16 10549263
19 10563113
18 10563113
17 10563113
16 10563113
15 10563113
14 10563113
13 10563113
12 10563113
11 10563113
10 10563113
9 10563113
8 10563113
7 10563113
6 10563113
5 10563113
95 11264508
94 11264508
93 11264508
92 11264508
91 11264508
90 11264508
89 11264508
88 11264508
87 11264508
86 11264508
85 11264508
84 11264508
83 11264508
82 11264508
81 11264508
80 11264508
79 11264508
78 11264508
77 11264508
76 11264508
75 11264508
74 11264508
73 11264508
72 11264508
71 11264508
70 11264508
69 11264508
68 11264508
67 11264508
66 11264508
65 11264508
64 11264508
63 11264508
62 11264508
61 11264508
60 11264508
59 11264508
58 11264508
57 11264508
56 11264508
55 11264508
54 11264508
53 11264508
63 11320293
62 11320293
61 11320293
60 11320293
59 11320293
58 11320293
57 11320293
56 11320293
55 11320293
54 11320293
53 11320293
52 11320293
51 11320293
50 11320293
49 11320293
48 11320293
47 11320293
46 11320293
45 11320293
44 11320293
43 11320293
42 11320293
41 11320293
40 11320293
39 11320293
38 11320293
37 11320293
36 11320293
35 11320293
34 11320293
33 11320293
32 11320293
31 11320293
30 11320293
29 11320293
28 11320293
27 11320293
26 11320293
25 11320293
24 11320293
23 11320293
22 11320293
21 11320293
20 11320293
19 11320293
18 11320293
17 11320293
19 11340825
18 11340825
17 11340825
16 11340825
15 11340825
14 11340825
13 11340825
12 11340825
11 11340825
10 11340825
141 12336309
140 12336309
139 12336309
138 12336309
137 12336309
136 12336309
135 12336309
134 12336309
133 12336309
132 12336309
131 12336309
130 12336309
129 12336309
128 12336309
127 12336309
126 12336309
125 12336309
124 12336309
123 12336309
122 12336309
121 12336309
120 12336309
119 12336309
118 12336309
117 12336309
116 12336309
115 12336309
114 12336309
113 12336309
112 12336309
111 12336309
110 12336309
109 12336309
108 12336309
107 12336309
106 12336309
105 12336309
104 12336309
103 12336309
102 12336309
101 12336309
100 12336309
99 12336309
98 12336309
97 12336309
96 12336309
95 12336309
94 12336309
93 12336309
92 12336309
91 12336309
90 12336309
89 12336309
88 12336309
87 12336309
86 12336309
85 12336309
84 12336309
83 12336309
82 12336309
81 12336309
80 12336309
79 12336309
78 12336309
77 12336309
76 12336309
75 12336309
80 12370087
79 12370087
78 12370087
77 12370087
76 12370087
75 12370087
74 12370087
73 12370087
72 12370087
71 12370087
70 12370087
69 12370087
68 12370087
67 12370087
66 12370087
65 12370087
64 12370087
63 12370087
62 12370087
61 12370087
60 12370087
59 12370087
58 12370087
57 12370087
56 12370087
55 12370087
54 12370087
53 12370087
52 12370087
51 12370087
50 12370087
49 12370087
48 12370087
47 12370087
46 12370087
45 12370087
44 12370087
43 12370087
42 12370087
41 12370087
40 12370087
39 12370087
38 12370087
37 12370087
36 12370087
35 12370087
34 12370087
33 12370087
32 12370087
31 12370087
30 12370087
29 12370087
28 12370087
27 12370087
26 12370087
25 12370087
24 12370087
23 12370087
42 12462678
41 12462678
40 12462678
39 12462678
38 12462678
37 12462678
36 12462678
35 12462678
34 12462678
33 12462678
32 12462678
31 12462678
30 12462678
29 12462678
28 12462678
27 12462678
26 12462678
25 12462678
24 12462678
47 12627926
46 12627926
45 12627926
44 12627926
43 12627926
42 12627926
41 12627926
40 12627926
39 12627926
38 12627926
37 12627926
36 12627926
35 12627926
34 12627926
33 12627926
32 12627926
31 12627926
30 12627926
29 12627926
28 12627926
27 12627926
26 12627926
25 12627926
112 13303898
111 13303898
110 13303898
109 13303898
108 13303898
107 13303898
106 13303898
105 13303898
104 13303898
103 13303898
102 13303898
101 13303898
100 13303898
99 13303898
98 13303898
97 13303898
96 13303898
95 13303898
94 13303898
93 13303898
92 13303898
91 13303898
90 13303898
89 13303898
88 13303898
87 13303898
86 13303898
85 13303898
84 13303898
83 13303898
82 13303898
81 13303898
80 13303898
79 13303898
78 13303898
77 13303898
76 13303898
75 13303898
74 13303898
73 13303898
72 13303898
71 13303898
70 13303898
69 13303898
68 13303898
67 13303898
66 13303898
65 13303898
64 13303898
63 13303898
78 13411026
77 13411026
76 13411026
75 13411026
74 13411026
73 13411026
72 13411026
71 13411026
70 13411026
69 13411026
68 13411026
67 13411026
66 13411026
65 13411026
64 13411026
63 13411026
62 13411026
61 13411026
60 13411026
59 13411026
58 13411026
57 13411026
56 13411026
55 13411026
54 13411026
53 13411026
52 13411026
51 13411026
50 13411026
49 13411026
48 13411026
47 13411026
46 13411026
45 13411026
44 13411026
43 13411026
42 13411026
41 13411026
60 13521672
59 13521672
58 13521672
57 13521672
56 13521672
55 13521672
54 13521672
53 13521672
52 13521672
51 13521672
50 13521672
49 13521672
48 13521672
47 13521672
46 13521672
45 13521672
44 13521672
43 13521672
42 13521672
41 13521672
40 13521672
39 13521672
38 13521672
37 13521672
36 13521672
35 13521672
34 13521672
33 13521672
32 13521672
31 13521672
30 13521672
29 13521672
28 13521672
27 13521672
26 13521672
25 13521672
24 13521672
23 13521672
22 13521672
21 13521672
20 13521672
19 13521672
18 13521672
116 14343416
115 14343416
114 14343416
113 14343416
112 14343416
111 14343416
110 14343416
109 14343416
108 14343416
107 14343416
106 14343416
105 14343416
104 14343416
103 14343416
102 14343416
101 14343416
100 14343416
99 14343416
98 14343416
97 14343416
96 14343416
95 14343416
94 14343416
93 14343416
92 14343416
91 14343416
90 14343416
89 14343416
88 14343416
87 14343416
86 14343416
85 14343416
84 14343416
83 14343416
82 14343416
81 14343416
80 14343416
79 14343416
78 14343416
77 14343416
76 14343416
75 14343416
74 14343416
73 14343416
72 14343416
71 14343416
70 14343416
69 14343416
68 14343416
67 14343416
66 14343416
65 14343416
64 14343416
63 14343416
73 14392913
72 14392913
71 14392913
70 14392913
69 14392913
68 14392913
67 14392913
66 14392913
65 14392913
64 14392913
63 14392913
62 14392913
61 14392913
60 14392913
59 14392913
58 14392913
57 14392913
56 14392913
55 14392913
54 14392913
53 14392913
52 14392913
51 14392913
50 14392913
49 14392913
48 14392913
47 14392913
46 14392913
45 14392913
44 14392913
43 14392913
42 14392913
41 14392913
68 14573462
67 14573462
66 14573462
65 14573462
64 14573462
63 14573462
62 14573462
61 14573462
60 14573462
59 14573462
58 14573462
57 14573462
56 14573462
55 14573462
54 14573462
53 14573462
52 14573462
51 14573462
50 14573462
49 14573462
48 14573462
47 14573462
46 14573462
45 14573462
44 14573462
43 14573462
42 14573462
41 14573462
40 14573462
39 14573462
38 14573462
37 14573462
47 14620936
46 14620936
45 14620936
44 14620936
43 14620936
42 14620936
41 14620936
40 14620936
39 14620936
38 14620936
37 14620936
36 14620936
35 14620936
34 14620936
33 14620936
32 14620936
31 14620936
30 14620936
29 14620936
28 14620936
27 14620936
112 15325607
111 15325607
110 15325607
109 15325607
108 15325607
107 15325607
106 15325607
105 15325607
104 15325607
103 15325607
102 15325607
101 15325607
100 15325607
99 15325607
98 15325607
97 15325607
96 15325607
95 15325607
94 15325607
93 15325607
92 15325607
91 15325607
90 15325607
89 15325607
88 15325607
87 15325607
86 15325607
85 15325607
84 15325607
83 15325607
82 15325607
81 15325607
80 15325607
79 15325607
78 15325607
77 15325607
76 15325607
75 15325607
74 15325607
73 15325607
72 15325607
71 15325607
70 15325607
69 15325607
68 15325607
67 15325607
66 15325607
65 15325607
64 15325607
63 15325607
62 15325607
61 15325607
60 15325607
59 15325607
89 15524075
88 15524075
87 15524075
86 15524075
85 15524075
84 15524075
83 15524075
82 15524075
81 15524075
80 15524075
79 15524075
78 15524075
77 15524075
76 15524075
75 15524075
74 15524075
73 15524075
72 15524075
71 15524075
70 15524075
69 15524075
68 15524075
67 15524075
66 15524075
65 15524075
64 15524075
63 15524075
62 15524075
61 15524075
60 15524075
59 15524075
58 15524075
57 15524075
56 15524075
55 15524075
54 15524075
53 15524075
52 15524075
51 15524075
50 15524075
49 15524075
48 15524075
101 15938609
100 15938609
99 15938609
98 15938609
97 15938609
96 15938609
95 15938609
94 15938609
93 15938609
92 15938609
91 15938609
90 15938609
89 15938609
88 15938609
87 15938609
86 15938609
85 15938609
84 15938609
83 15938609
82 15938609
81 15938609
80 15938609
79 15938609
78 15938609
77 15938609
76 15938609
75 15938609
74 15938609
73 15938609
72 15938609
71 15938609
70 15938609
69 15938609
68 15938609
67 15938609
66 15938609
65 15938609
64 15938609
63 15938609
62 15938609
61 15938609
60 15938609
59 15938609
58 15938609
57 15938609
56 15938609
55 15938609
109 16355161
108 16355161
107 16355161
106 16355161
105 16355161
104 16355161
103 16355161
102 16355161
101 16355161
100 16355161
99 16355161
98 16355161
97 16355161
96 16355161
95 16355161
94 16355161
93 16355161
92 16355161
91 16355161
90 16355161
89 16355161
88 16355161
87 16355161
86 16355161
85 16355161
84 16355161
83 16355161
82 16355161
81 16355161
80 16355161
79 16355161
78 16355161
77 16355161
76 16355161
75 16355161
74 16355161
73 16355161
72 16355161
71 16355161
70 16355161
69 16355161
68 16355161
67 16355161
66 16355161
65 16355161
64 16355161
63 16355161
62 16355161
61 16355161
60 16355161
59 16355161
58 16355161
61 16372519
60 16372519
59 16372519
58 16372519
57 16372519
56 16372519
55 16372519
54 16372519
53 16372519
52 16372519
51 16372519
50 16372519
49 16372519
48 16372519
47 16372519
46 16372519
45 16372519
44 16372519
43 16372519
42 16372519
41 16372519
40 16372519
39 16372519
38 16372519
37 16372519
36 16372519
35 16372519
34 16372519
33 16372519
113 16990532
112 16990532
111 16990532
110 16990532
109 16990532
108 16990532
107 16990532
106 16990532
105 16990532
104 16990532
103 16990532
102 16990532
101 16990532
100 16990532
99 16990532
98 16990532
97 16990532
96 16990532
95 16990532
94 16990532
93 16990532
92 16990532
91 16990532
90 16990532
89 16990532
88 16990532
87 16990532
86 16990532
85 16990532
84 16990532
83 16990532
82 16990532
81 16990532
80 16990532
79 16990532
78 16990532
77 16990532
76 16990532
75 16990532
74 16990532
73 16990532
72 16990532
71 16990532
70 16990532
69 16990532
68 16990532
67 16990532
66 16990532
65 16990532
64 16990532
63 16990532
62 16990532
61 16990532
103 17303788
102 17303788
101 17303788
100 17303788
99 17303788
98 17303788
97 17303788
96 17303788
95 17303788
94 17303788
93 17303788
92 17303788
91 17303788
90 17303788
89 17303788
88 17303788
87 17303788
86 17303788
85 17303788
84 17303788
83 17303788
82 17303788
81 17303788
80 17303788
79 17303788
78 17303788
77 17303788
76 17303788
75 17303788
74 17303788
73 17303788
72 17303788
71 17303788
70 17303788
69 17303788
68 17303788
67 17303788
66 17303788
65 17303788
64 17303788
63 17303788
62 17303788
61 17303788
60 17303788
59 17303788
58 17303788
57 17303788
56 17303788
55 17303788
54 17303788
91 17536011
90 17536011
89 17536011
88 17536011
87 17536011
86 17536011
85 17536011
84 17536011
83 17536011
82 17536011
81 17536011
80 17536011
79 17536011
78 17536011
77 17536011
76 17536011
75 17536011
74 17536011
73 17536011
72 17536011
71 17536011
70 17536011
69 17536011
68 17536011
67 17536011
66 17536011
65 17536011
64 17536011
63 17536011
62 17536011
61 17536011
60 17536011
59 17536011
58 17536011
57 17536011
56 17536011
55 17536011
54 17536011
53 17536011
52 17536011
51 17536011
50 17536011
49 17536011
48 17536011
77 17749006
76 17749006
75 17749006
74 17749006
73 17749006
72 17749006
71 17749006
70 17749006
69 17749006
68 17749006
67 17749006
66 17749006
65 17749006
64 17749006
63 17749006
62 17749006
61 17749006
60 17749006
59 17749006
58 17749006
57 17749006
56 17749006
55 17749006
54 17749006
53 17749006
52 17749006
51 17749006
50 17749006
49 17749006
48 17749006
47 17749006
46 17749006
45 17749006
44 17749006
43 17749006
42 17749006
41 17749006
60 17859246
59 17859246
58 17859246
57 17859246
56 17859246
55 17859246
54 17859246
53 17859246
52 17859246
51 17859246
50 17859246
49 17859246
48 17859246
47 17859246
46 17859246
45 17859246
44 17859246
43 17859246
42 17859246
41 17859246
40 17859246
39 17859246
38 17859246
37 17859246
36 17859246
35 17859246
34 17859246
33 17859246
32 17859246
44 17935381
43 17935381
42 17935381
41 17935381
40 17935381
39 17935381
38 17935381
37 17935381
36 17935381
35 17935381
34 17935381
33 17935381
32 17935381
31 17935381
30 17935381
29 17935381
28 17935381
27 17935381
26 17935381
25 17935381
103 18616750
102 18616750
101 18616750
100 18616750
99 18616750
98 18616750
97 18616750
96 18616750
95 18616750
94 18616750
93 18616750
92 18616750
91 18616750
90 18616750
89 18616750
88 18616750
87 18616750
86 18616750
85 18616750
84 18616750
83 18616750
82 18616750
81 18616750
80 18616750
79 18616750
78 18616750
77 18616750
76 18616750
75 18616750
74 18616750
73 18616750
72 18616750
71 18616750
70 18616750
69 18616750
68 18616750
67 18616750
66 18616750
65 18616750
64 18616750
63 18616750
62 18616750
61 18616750
60 18616750
59 18616750
58 18616750
57 18616750
56 18616750
91 18838774
90 18838774
89 18838774
88 18838774
87 18838774
86 18838774
85 18838774
84 18838774
83 18838774
82 18838774
81 18838774
80 18838774
79 18838774
78 18838774
77 18838774
76 18838774
75 18838774
74 18838774
73 18838774
72 18838774
71 18838774
70 18838774
69 18838774
68 18838774
67 18838774
66 18838774
65 18838774
64 18838774
63 18838774
62 18838774
61 18838774
60 18838774
59 18838774
58 18838774
57 18838774
56 18838774
55 18838774
54 18838774
53 18838774
52 18838774
51 18838774
50 18838774
49 18838774
66 18932931
65 18932931
64 18932931
63 18932931
62 18932931
61 18932931
60 18932931
59 18932931
58 18932931
57 18932931
56 18932931
55 18932931
54 18932931
53 18932931
52 18932931
51 18932931
50 18932931
49 18932931
48 18932931
47 18932931
46 18932931
45 18932931
44 18932931
43 18932931
42 18932931
41 18932931
40 18932931
39 18932931
38 18932931
37 18932931
36 18932931
35 18932931
46 18999197
45 18999197
44 18999197
43 18999197
42 18999197
41 18999197
40 18999197
39 18999197
38 18999197
37 18999197
36 18999197
35 18999197
34 18999197
33 18999197
32 18999197
31 18999197
30 18999197
29 18999197
28 18999197
27 18999197
26 18999197
25 18999197
24 18999197
23 18999197
22 18999197
21 18999197
20 18999197
19 18999197
18 18999197
17 18999197
16 18999197
15 18999197
14 18999197
37 19161774
36 19161774
35 19161774
34 19161774
33 19161774
32 19161774
31 19161774
30 19161774
29 19161774
28 19161774
27 19161774
26 19161774
25 19161774
24 19161774
23 19161774
22 19161774
67 19705017
66 19705017
65 19705017
64 19705017
63 19705017
62 19705017
61 19705017
60 19705017
59 19705017
58 19705017
57 19705017
56 19705017
55 19705017
54 19705017
53 19705017
52 19705017
51 19705017
50 19705017
49 19705017
48 19705017
47 19705017
46 19705017
45 19705017
44 19705017
43 19705017
42 19705017
41 19705017
40 19705017
39 19705017
38 19705017
37 19705017
36 19705017
39 19740611
38 19740611
37 19740611
36 19740611
35 19740611
34 19740611
33 19740611
32 19740611
31 19740611
30 19740611
29 19740611
28 19740611
27 19740611
26 19740611
25 19740611
24 19740611
23 19740611
22 19740611
41 20108198
40 20108198
39 20108198
38 20108198
37 20108198
36 20108198
35 20108198
34 20108198
33 20108198
32 20108198
31 20108198
30 20108198
29 20108198
28 20108198
27 20108198
26 20108198
25 20108198
24 20108198
23 20108198
22 20108198
21 20108198
20 20108198
19 20108198
18 20108198
17 20108198
16 20108198
15 20108198
14 20108198
13 20108198
12 20108198
11 20163759
10 20163759
9 20163759
8 20163759
7 20163759
6 20178338
5 20178338
4 20178338
3 20178338
2 20181762
1 20186669
0 20189148
