0 6832173
0 7202787
1 7426033
0 7426033
0 13702972
0 13716855
2 19183537
1 19183537
0 19185562
0 19199862
0 19212709
1 19231452
1 19236896
0 19236896
2 19345328
1 19345328
0 19346164
0 19372927
0 19463144
0 19770584
0 19785305
0 20316175
0 20363676
0 20385211
0 20650098
0 20661694
1 20782882
0 20790923
0 20949234
0 20994558
0 21008314
0 21061883
0 28763416
0 31683504
0 31691146
1 32394089
0 32394089
0 33051203
0 33082350
1 33113721
0 33113721
0 33142221
0 33144493
0 33164376
1 33177450
0 33188206
0 33762294
0 34005858
0 34009291
0 34022284
0 34057743
1 34060433
0 34069088
0 34087288
2 34103540
1 34103540
0 34106973
0 34109345
1 35826953
0 35831349
1 46014822
0 46020409
0 46070144
0 51575929
0 51610285
2 51653241
1 51653241
0 51655893
0 52381531
0 52386122
0 52665539
0 52672780
0 55839712
0 55927294
0 55977433
0 55983577
0 55989446
0 56041557
0 56044133
1 60673550
1 60680946
0 60680946
0 60682824
0 60814395
0 61016849
0 61070124
0 61146736
0 61203528
0 61221651
0 61229692
0 61230715
0 61248338
0 61257734
0 61345413
0 61380936
0 62112968
1 62127757
0 62127757
0 62138380
0 77626402
0 77672277
1 77756631
1 77768677
1 77770793
0 77770793
0 77780202
0 77797865
0 77808669
0 77815116
0 77818123
0 77833020
0 77857886
0 78025784
0 78225411
0 78432915
1 78771037
0 78771037
0 78773089
0 78794801
1 78799142
1 78819221
0 78823250
2 78856427
1 78856427
0 78862761
0 78887536
0 79018730
0 79020917
0 79034705
0 79057904
0 79097622
1 79624446
0 79624446
0 79644458
0 79666621
0 79682141
0 79712044
1 92647407
0 92647407
0 93762468
0 93851737
0 93925410
0 113512885
2 115056705
1 115056705
0 115058814
0 115075788
0 115148966
0 115331037
1 115361403
0 115361403
0 115370333
0 115397724
1 115416807
0 115416807
0 115434182
0 115444507
1 115466213
0 115466213
0 115470980
0 115491290
0 115506622
0 115661104
1 115704833
0 115704833
0 115789606
1 115797116
0 115800549
0 115812070
0 115837792
0 115888789
1 115898741
0 115898741
0 115907607
0 116451749
1 116814444
1 116821101
0 116821101
0 116856980
1 116888355
0 116904110
0 116963660
0 116975678
0 117013398
0 117026423
0 117042799
1 117133412
1 117136000
0 117147597
0 117193186
0 117253257
0 117301645
0 118392658
0 118491561
0 118528888
0 118540612
0 118560851
0 118641313
0 118646282
1 118699973
0 118701131
0 118706100
0 118733001
1 118744830
0 118751222
0 118773026
0 129947229
0 130748898
0 130758156
0 130826205
0 142639625
0 142646717
0 142659199
1 143890257
0 143890257
0 143892026
0 143904965
0 143928137
0 143940761
0 143961347
0 144022396
0 144029191
0 144040525
0 144565514
0 144581418
0 144587923
0 145154397
0 147269938
0 147297498
0 147301556
1 147422698
1 147431955
0 147431955
0 147445557
0 147471943
0 150239376
0 150249573
0 150305261
0 150722995
0 158944960
0 158960334
0 158991556
0 158999059
0 159024338
1 159033516
0 159048421
0 159643346
0 159736289
0 159858209
1 159928484
0 159934989
0 169499958
1 170010850
1 170014283
0 170014283
0 171443491
0 171546682
0 171664644
0 177225089
0 191265505
1 191369141
1 191381877
1 191390089
0 191391029
0 191494842
0 191520532
1 191538237
0 191541204
1 191592643
0 191599884
0 191613760
0 191863568
0 195774747
0 195779018
0 195799575
0 195803652
0 195812640
0 195900885
0 195930130
0 202597572
0 211033675
0 213844232
0 213879904
1 213906573
0 213906573
2 213983664
1 213983664
2 213986409
1 213986409
0 213988883
0 214024914
0 214030301
0 214045445
0 214121446
0 214128259
0 214170270
0 214192026
0 214200157
2 214228218
1 214229487
0 214229487
0 214243128
0 214262104
1 214480386
0 214480386
0 214756370
0 214845943
0 214899747
0 214933725
3 221016559
2 221016559
1 221035519
0 221042320
1 221155278
0 221155278
2 221180888
1 221180888
1 221192001
1 221203236
0 221203236
1 221236085
0 221236085
0 221248683
1 221285455
0 221300669
0 221375811
0 221385198
0 221427484
0 221433164
0 221461637
0 221490747
0 221542212
0 221586916
0 221695611
0 221720586
0 221734405
0 221881544
0 221890599
0 221917195
1 229538104
0 229538104
0 229576122
0 229590441
1 229609732
0 229609732
0 229650370
