1536 21467453
1024 113521826
9728 153741498
512 168570054
6656 168591081
3584 168592644
6656 195462627
1536 216145383
512 230740559
1536 230745888
1024 236278040
1024 243976921
3072 246503476
3072 246504117
1024 268898214
1024 268915203
2560 270907955
7680 274091936
512 292137146
1536 331012470
6144 331016054
4608 342271410
4608 355951284
1024 378839157
1536 378845018
1024 399387289
9728 399387974
512 410711544
4096 412358538
1024 419733137
10752 53680473
8192 53953627
2048 110518181
512 155251277
4096 164513977
2048 227688429
2560 227702100
1024 239097417
4608 257077152
2048 263415113
3584 272964829
2048 278939471
5632 282545663
3072 301587391
2560 301592102
1024 315429147
4096 315433930
8704 332547526
2048 332549819
3584 365624399
512 365628793
1536 365654235
512 429790247
1024 429810472
