1 2672216
0 2672216
0 12423751
0 13280324
1 13358834
0 13358834
0 13588351
0 13685298
0 13698499
1 13957952
0 13965986
1 14694976
0 14694976
0 14704967
0 14718644
1 14735920
0 14735920
0 15167794
0 19133618
1 19166852
0 19166852
0 19168874
0 21487801
0 21497559
0 21501183
0 28656126
1 28761402
0 28766501
1 28790817
0 28797612
0 28810915
0 28919227
0 28927877
1 29057816
0 29057816
0 29365607
0 29397316
0 29543162
0 29560585
0 29571083
0 29590138
0 29643117
1 39530462
0 39530462
0 39627080
0 43265157
0 43342982
0 43364740
0 45259432
0 45293467
1 45574436
0 45579494
0 45607015
0 45662490
0 45691865
1 47877073
0 47880092
0 47909276
0 47939163
0 47987548
1 48012709
0 48012709
0 48104805
0 48203888
1 48429199
0 48429199
0 48453321
0 48605507
0 48612337
0 48631981
0 48635544
0 48640004
0 56288262
0 56674730
0 61539455
0 68474579
0 73787931
0 73857430
1 73899957
3 73918557
2 73918557
1 73918557
2 73933754
1 73933754
0 73937477
0 74163407
0 74209922
0 74294830
0 74440531
0 74980757
1 75064372
0 75070877
2 75391776
1 75391776
0 75394908
0 75424900
0 75428333
0 75448720
2 75479949
1 75479949
1 75486093
0 75486093
1 75653465
0 75653885
1 75731226
0 75732043
1 75811082
0 75813588
0 76071767
0 76179034
0 76187540
2 76222035
1 76222035
0 76223035
0 76320558
1 76371572
0 76374211
0 78391978
0 78541641
0 79830112
0 79833314
0 79891507
0 80108726
3 80222159
2 80222159
2 80226672
1 80226672
1 80244314
0 80248334
0 80290200
1 82891634
0 82891634
1 82897778
0 82903724
0 82997632
0 83002601
0 83031080
0 83089466
0 103156004
0 103166865
0 105567776
0 105990611
1 106006520
0 106009623
0 106208574
1 106452147
1 106462507
0 106473620
0 106479313
0 106761773
0 106799986
0 106807666
1 106861436
0 106861436
1 106886827
1 106889175
0 106889175
0 107285674
0 107289767
0 107298024
0 107320846
0 107337361
0 107356152
0 107386039
0 107421686
0 108217942
1 108239769
0 108242145
0 108308914
0 113547339
4 113568040
3 113568040
2 113568040
1 113571801
0 113571801
0 113610274
0 114071315
0 114319771
1 114353146
2 114364267
1 114364267
0 114365784
0 114371851
1 114411621
0 114411621
1 114425208
0 114425208
1 114459940
0 114463121
0 114971771
0 114975803
0 114979837
2 114990545
1 114990545
0 114997580
0 114998586
0 115019009
0 115042929
0 115082885
0 115088364
0 115113370
0 115124773
1 115149023
0 115149023
0 115157690
1 115241070
0 115245331
2 115265376
1 115265376
2 115271881
1 115271881
0 115273778
1 115291540
0 115291540
0 115352256
0 115424606
0 115582502
0 115585325
0 115616569
2 115682395
1 115682395
1 115693615
0 115698206
0 119962806
0 119975999
0 119984700
1 119996174
0 119996174
0 120302280
1 120324135
0 120324135
1 120339125
0 120341898
0 120398206
0 120408217
2 134541152
1 134541152
0 134552060
0 134574545
0 137511544
0 154239534
1 154272486
1 154278726
0 154278726
0 154315961
1 154386897
1 154396243
0 154399507
1 154567356
0 154575152
0 154598105
0 154600002
0 154676393
1 154778814
0 154778814
0 154863183
0 154872141
0 154880336
1 154939782
0 154939782
0 154952211
0 154974846
0 155084996
1 155099181
0 155099181
0 155116457
0 155138078
0 155158887
0 155244990
0 155570077
0 155575177
0 155620105
0 155628835
2 155662282
1 155662282
1 155689043
0 155689043
0 155706845
0 155718214
0 155727137
0 155754785
0 155782089
0 155832537
0 155843493
0 156282248
0 156349953
0 156806909
0 156814734
2 168590093
1 168590093
0 168592778
0 168603556
1 168636058
0 168640408
1 168664847
0 168664847
0 168682123
0 168693335
0 168710882
0 168723557
0 168730352
0 168759217
1 168767548
0 168769036
0 168817311
0 168824394
1 168839562
0 168840040
1 168882664
0 168882664
0 168887977
0 168893904
0 168905054
0 168922472
0 168940115
0 168956800
0 168964841
0 168992082
2 169082716
1 169084827
0 169084827
1 169172423
1 169190738
1 169201851
0 169201851
0 169233507
2 169302310
1 169302310
1 169314729
0 169314729
0 169338139
2 169482735
1 169482735
0 169486660
0 169491610
0 169498456
0 169502086
0 169528178
0 169566466
0 169573590
0 169611043
0 169634571
0 169637827
3 169659102
2 169659102
1 169663035
2 169671838
1 169671838
0 169679046
0 169680967
0 169712528
0 169719034
0 169771960
0 169788477
0 169792922
1 169820260
0 169834084
0 169840380
1 169856403
0 169856403
0 169892434
0 169904401
1 169922681
0 169922681
0 169995399
0 169997296
0 170019323
1 170030633
0 170032530
0 170048634
0 170070405
0 170079079
2 170122682
1 170122682
1 170140593
1 170159292
0 170159613
2 170283611
1 170283611
1 170304231
0 170308296
0 170328810
0 170396893
0 170419667
0 170437523
0 170460268
0 170498682
0 170561285
0 170572398
0 170584985
0 170605805
0 170622409
0 170646987
0 170655982
0 170660216
0 170666263
0 170687063
1 170700706
0 170712200
0 170735943
1 170763552
0 170763552
0 170785913
0 170791542
0 174901679
0 174925762
0 174942627
0 174950069
0 174958872
0 175033315
0 175037689
0 175056812
1 175063841
0 175063841
0 175075657
0 175083627
0 175100147
0 175110402
0 175116715
0 179221378
0 179238255
1 179254337
0 179254627
1 179283559
0 179283559
0 179286211
0 179290691
0 179294252
0 179321739
0 179329419
0 179349729
0 179363876
2 179421067
1 179421067
3 179439954
2 179439954
1 179443960
0 179443960
0 179521281
0 179538036
1 179554932
1 179562541
0 179562541
0 179570778
0 179574015
0 179600127
0 179602220
0 179926877
1 179941233
1 179952346
0 179952597
0 179958759
1 180066512
0 180066512
0 180072656
1 180229358
0 180229358
0 180234275
0 180270982
3 180310849
2 180310849
1 180321645
0 180321645
0 180333844
0 180339166
1 181714597
0 181717851
0 181803052
0 181806757
0 181810523
0 181823670
1 185588641
0 185597180
0 185932326
1 186022544
0 186025203
0 186031341
0 186043431
0 191450427
0 191488180
0 195469418
2 195486314
1 195486314
1 195529258
0 195529258
2 195547374
1 195547374
1 195557908
0 195557908
0 195564322
0 195591283
0 195609729
0 195644700
0 195656840
0 195667094
0 195705954
0 195821009
0 195822685
3 196095801
2 196095801
1 196099735
0 196099735
0 196133055
0 196155018
0 196220354
0 196307776
0 196320425
0 196335770
0 196343792
2 196506272
1 196506272
1 196513051
0 196513051
0 196535277
1 196551829
0 196551829
1 196575576
0 196575576
0 196596377
0 196602391
0 196616215
0 196633246
0 196649304
0 196739958
0 196768102
0 196788407
0 196901657
0 196910465
0 196924048
0 196938363
0 197282595
0 197329749
0 197540925
0 197633368
0 197676034
0 197781585
1 197847142
0 197848626
0 197855724
0 199843731
1 199911096
1 199923654
1 199926726
0 199926726
0 209198101
0 209240566
0 209261980
0 209270926
3 213807187
2 213807187
1 213807187
1 213822608
0 213823131
0 213852434
2 213934837
1 213934837
0 213936734
0 213951482
0 213977703
0 213985270
0 214015465
0 214039766
0 214107120
0 214130479
0 214179102
1 214628020
0 214630222
0 216217022
0 216231592
0 216266789
0 216647770
0 216652745
0 216675598
0 216676962
0 217134487
0 217756909
0 217780058
0 217806802
0 230748588
0 236350525
0 236471114
0 236495961
0 236502466
1 236620969
0 236622609
0 236626250
0 236652375
0 243984082
0 244005498
1 244055824
0 244055824
0 245577073
0 245581452
0 245595292
0 246250251
0 246252526
0 246268978
2 246315159
1 246315159
0 246325822
1 246355935
0 246355935
0 246357471
1 246380032
0 246386081
0 246391121
0 246406835
1 246443144
1 246444300
1 246446582
0 246446582
3 246504117
2 246504117
1 246517599
0 246519397
2 246536395
1 246536395
0 246536944
0 246583144
0 246617346
0 246629377
0 246653302
0 246945712
0 246948307
0 246990940
0 247004814
0 247025645
0 247054219
0 247093322
1 247119573
0 247119573
0 247504939
1 247549338
0 247554810
2 247618803
1 247618803
0 247629159
0 247671730
0 252398368
1 252411575
0 252411575
0 252416544
0 252431745
0 252490652
2 252525397
1 252526032
0 252526032
0 252536515
0 252575756
0 252593776
2 252625689
1 252625689
0 252626735
0 252636926
0 253129911
0 253168943
0 253206247
0 253210356
0 253224291
1 253284608
0 253284608
0 253286904
1 253309686
1 253320438
0 253320438
0 253326708
0 257302648
0 257343163
0 257453021
0 257466126
0 257477282
0 257485462
0 257498743
0 257511644
1 260890803
0 260890803
0 260902114
0 260926085
0 260960058
0 260971674
0 260981315
1 260991310
0 260991310
0 260998733
1 261013588
0 261014502
1 261055736
0 261056721
0 261202996
0 261363134
0 261370089
0 269247235
0 274098820
0 274126764
0 274132973
0 274758665
0 274763455
0 274783418
0 274798311
0 274816724
1 274828323
0 274828323
0 274838228
0 274919060
0 275082276
0 275349912
0 275403443
0 275412397
0 275543773
1 276441458
0 276441458
0 276458406
0 276498809
0 276515536
0 276527014
0 276545106
0 276550075
0 276579538
1 276597563
1 276601539
0 276603847
0 276748322
1 276845861
0 276846159
0 276867313
0 276925537
0 276934867
0 276937787
0 277096207
0 277142990
0 277312962
0 277327967
1 277378641
0 277380654
0 277402719
0 277404036
0 277428927
2 277448497
1 277448497
0 277450394
0 277460804
0 277490639
0 277505791
1 277653853
0 277653853
0 277668965
0 277743576
1 277772278
0 277772278
0 277778126
0 277805102
0 278125257
0 278730639
1 278768206
0 278768206
1 292138695
0 292164644
1 292196572
0 292196572
0 292234724
1 293640746
0 293640746
0 293644651
0 295775671
0 295792086
0 295801834
2 295889329
1 295889329
0 295898709
0 296205444
0 296231898
0 296396950
0 301351280
0 301362393
0 301377592
0 301397427
0 301443959
2 301458851
1 301458851
0 301460857
1 303039883
0 303039883
0 303042606
0 303085531
0 303107068
0 303133883
1 303160356
0 303161632
0 303561085
1 303600184
0 303600184
1 303626055
0 303628510
0 303632850
0 303723303
0 303727021
0 303752118
0 303784290
1 303796849
0 303801818
0 303849109
0 303865519
0 303870651
0 303889861
0 303895588
0 304247608
0 304283347
0 304844976
1 304862662
0 304862662
0 304877726
1 304887632
0 304891550
0 304901233
0 305042567
0 305061406
0 307193620
0 307210512
0 307221044
0 307225084
0 307445680
0 307452337
0 307476896
0 307601638
0 307610962
0 307733256
0 307758275
1 307898244
1 307906912
0 307916236
0 307943691
0 307947171
0 307949526
0 309523468
0 309538523
1 309554891
0 309554891
0 309562861
0 316240132
0 316243459
0 316253762
1 316533318
1 316539356
1 316548933
0 316551155
0 316692747
0 316707697
1 317316937
0 317316937
0 317366905
0 317382864
0 317400121
1 317422430
0 317424256
0 317433280
0 317454504
0 317676954
0 317866216
0 317978898
0 318149391
2 318182428
1 318182428
1 318199284
0 318201124
0 318210668
1 318259958
0 318259958
1 318288605
0 318295757
0 318509201
1 318549179
0 318549179
0 318554014
1 318584868
0 318585819
0 318621095
0 318684507
0 318694445
0 318696189
0 318703076
0 318712783
0 325440632
1 325842985
0 325847587
0 325857563
0 325877764
0 325913869
1 325931866
0 325931881
0 325935314
0 326042796
1 326920254
1 326939121
0 326942985
0 331020986
0 331051758
0 333434656
0 333445072
0 333458135
0 333564441
1 334838826
0 334842951
0 334849456
0 334865641
0 334880963
0 334915401
0 335362447
0 335460368
0 335461777
0 335474534
1 335562532
0 335562532
1 335569192
0 335571790
0 335575452
1 335639378
0 335639378
0 335649298
3 335752885
2 335752885
1 335752885
2 335761918
1 335761918
0 335765651
0 335823153
0 335827204
0 335893936
0 335913651
1 335921875
0 335922171
0 336085309
0 336088363
0 336118427
0 336136293
0 336246277
1 336296220
0 336303025
0 336398211
0 336467635
0 336558997
0 336731038
0 336735575
0 336770955
0 336775369
2 336854048
1 336854048
0 336855401
1 336902307
0 336909918
0 336914194
0 336937881
0 338627447
0 339867129
0 340074480
0 340081036
0 340128250
0 340184665
3 342681379
2 342681379
1 342681704
0 342681704
0 344854363
0 344863222
0 344874915
1 344896538
0 344903721
3 345621580
2 345621580
1 345621580
0 345623767
0 345641603
0 345715417
0 350818381
1 350833377
0 350833377
0 350841030
1 350873964
0 350873964
0 350886619
1 350902351
0 350902351
0 351033722
0 352666402
0 352667854
0 352678414
0 352685176
0 352701209
0 352941423
0 353424521
1 353532543
0 353538712
1 355977458
0 355978424
0 355981920
0 356009100
1 356014388
0 356017065
0 356047242
1 356079840
0 356079840
1 356089816
0 356104781
0 356121332
0 356331339
0 357063933
0 357069812
0 357077342
0 357106133
0 357146442
0 357313392
0 361408595
0 361412674
0 361425852
0 361438825
0 361518481
0 363596686
0 363604511
1 363630442
0 363631583
0 363709533
0 363772831
1 364391184
0 364391907
0 364744449
0 364746814
0 364751254
2 364783524
1 364783524
0 364784213
0 364817118
0 365576746
0 365625697
0 365688951
0 365751147
0 365757879
0 365761438
0 365826229
0 365868124
1 365906271
0 365906271
0 365911835
0 365913025
0 365984831
0 366057606
1 366073093
0 366078352
0 366090056
0 366104334
2 366192157
1 366193273
0 366195590
0 366225400
2 366309731
1 366309731
1 366325266
1 366327965
0 366329847
1 366372657
0 366372657
2 366396999
1 366396999
0 366402902
0 366438591
0 366448914
0 366544084
0 366620882
2 367123807
1 367123807
0 367124010
0 367216489
4 367242464
3 367242464
2 367242464
1 367244787
0 367255644
0 367343304
0 367397714
0 367419632
0 367434392
0 367455667
0 370804062
0 370859417
0 371349851
0 371360734
0 371380932
0 371428378
0 371448978
0 371480059
0 371498090
0 371650061
0 371653032
0 371663215
0 371667193
0 371698569
1 371703925
0 371703925
0 371731187
0 371740076
0 371748424
0 371754929
1 371767926
0 371767926
0 371787121
0 371882513
0 371888527
0 371913554
0 371920108
0 371939397
0 371949684
1 379513605
0 379515773
0 379780245
0 379793922
2 379825289
1 379825289
0 379825619
0 379835196
0 379858252
0 379860009
0 379872458
0 379890675
0 379907187
0 379923809
1 379947977
0 379950164
0 380060690
1 380333651
0 380334714
0 380620350
0 380629746
0 380632447
0 380643570
0 380694961
0 380726888
0 380795123
0 380837317
0 380841678
0 380854930
0 380864132
0 380948862
0 380970418
1 381555358
0 381555358
0 381577789
1 381603011
0 381609807
0 381611382
0 381650137
0 381658507
0 381706124
0 381718423
0 381722495
1 381829860
0 381829860
0 381834061
0 381840121
0 381868620
0 381969000
2 399408586
1 399408586
0 399408968
0 399611311
0 399612019
1 399651122
0 399651122
1 399671411
0 399671411
0 399674381
0 399706453
0 399712597
2 399792735
1 399792735
0 399797310
0 399805804
0 399821525
0 399834257
1 399854772
0 399855947
0 399863582
0 399870474
0 399897716
0 399929056
0 399931185
0 399939322
0 399940762
0 399999441
0 400006505
0 400011474
1 400028370
0 400028804
0 400044100
0 400060479
0 405766813
1 405882792
1 405885991
0 405885991
0 405894322
0 405923122
0 406005551
0 406025884
0 406054142
1 406066560
0 406066560
0 406093519
0 406103907
0 406129374
0 406145941
0 406240804
1 406276843
4 406298989
3 406298989
2 406298989
1 406300038
1 406322372
0 406323626
0 406349014
0 406465801
0 406478430
0 406492220
3 406543005
2 406545423
2 406574123
1 406574123
0 406582258
0 406629512
1 406643697
0 406645884
1 406672910
0 406677518
1 406692339
0 406693282
0 406695932
0 406753098
0 406786878
1 406799373
0 406802644
0 406821373
0 406919727
0 406934379
0 406965490
0 406973441
1 407009838
0 407009838
0 407023032
2 407055394
1 407055394
0 407060419
0 407070410
3 407159346
2 407175587
1 407186437
0 407206764
0 407249512
0 407299426
0 407374791
0 407395803
0 407424778
0 407430298
0 407437212
1 407488976
0 407493318
0 407520356
0 407528211
0 407626514
0 407629947
2 407662706
1 407662706
2 407696388
1 407696388
1 407705249
0 407705249
0 407769318
1 407806759
0 407806759
2 407832092
1 407833374
0 407833374
0 407841202
1 407846277
0 407846277
0 407872721
0 407874196
1 407899475
1 407910897
0 407913828
0 407924191
0 407930502
0 407941669
1 407951987
0 407951987
0 407955420
0 408013859
0 408035415
0 408042844
0 408054969
0 408071677
1 408113612
1 408125912
0 408131455
0 408138847
0 408173278
0 408215300
0 408219228
0 408241084
0 408268631
0 408301015
0 408312261
0 408319150
0 408330560
0 408365443
0 408385667
0 408406372
2 408449327
1 408449327
0 408457454
0 408519471
0 408527406
0 408614039
0 408648715
0 408695632
0 409203976
0 409269514
0 409324454
1 409334492
0 409344597
0 409363731
0 409371070
0 409394020
0 409406669
1 409421740
0 409421740
0 409448552
3 409476531
2 409476531
1 409486564
0 409494549
1 409513750
1 409522591
1 409531587
1 409553491
0 409553491
0 409569359
1 409584987
1 409592536
1 409613379
0 409618760
0 409660935
0 409677771
0 409720855
0 409722426
0 409788847
0 409809886
0 409842772
0 409850979
1 409880754
0 409883031
0 409918012
0 409943994
0 409960589
1 409989194
0 409989194
0 410028615
0 410041502
1 410064577
0 410069273
0 410091900
0 410112994
0 410119743
0 410139060
1 410159343
0 410162849
0 410179678
0 410201477
0 410222096
2 410256640
2 410282559
1 410290793
0 410293896
0 410363074
0 410399105
0 410428683
0 410435478
0 410456138
0 410488094
1 410498532
0 410498532
0 410567682
0 410579178
0 410602451
1 410673595
0 410677700
1 410711544
0 410716681
0 410766551
0 410789654
0 410817577
0 410823186
0 410834926
1 410949621
0 410955091
0 410971791
0 411005311
0 411020355
1 411224125
0 411224125
0 411254939
1 411320767
0 411320767
1 411415850
0 411424200
1 411446280
0 411446280
0 411470642
1 411486900
0 411495449
0 411536666
0 411557285
0 411582646
0 411602531
0 411634932
0 411656018
1 411721234
0 411721234
1 411766243
1 411770984
1 411783175
0 411783175
0 411796983
1 411804959
0 411805294
1 411812649
0 411812649
1 411843115
0 411844072
2 411909339
1 411909339
1 411931812
0 411936392
0 411942488
0 411967767
0 411983849
1 411994269
0 411998590
0 412046604
1 412061313
1 412073940
2 412092343
1 412092343
0 412113550
1 412173363
0 412173363
0 412187148
1 412218900
0 412225695
0 412250011
1 412344612
1 412355416
0 412361360
0 412371860
0 412424878
1 412441663
0 412442135
0 412458321
0 412472146
1 412487724
1 412506807
0 412510564
1 412534726
0 412535448
1 412550409
0 412550499
0 412583869
0 412590235
1 412596518
0 412602232
0 412618963
0 412671479
0 412686183
0 412725272
2 412781627
1 412781627
0 412783833
2 412817606
1 412817606
1 412825109
0 412828901
2 412862441
1 412862441
0 412872036
0 412922606
0 412944440
1 413060536
1 413082063
0 413083215
1 413154027
0 413171663
0 413226394
0 413248739
1 413289138
0 413289378
0 413362429
1 413371324
0 413371324
1 413398139
2 413414117
1 413420235
2 413436275
1 413436275
1 413450794
0 413451342
0 413459775
1 413548881
1 413565850
0 413569839
0 413581142
1 413594128
0 413599626
0 413699364
0 413879809
2 413977862
1 413977862
1 413995697
1 414000595
0 414003141
1 414020976
0 414032145
0 414044306
0 414068316
0 414094064
0 414096667
1 414204618
0 414205503
0 414219060
1 414246998
1 414255669
1 414275130
0 414275349
0 414291969
0 414301289
3 414345816
2 414345816
1 414363653
0 414364916
0 414375349
0 414428566
1 414449589
0 414449589
0 414474709
0 414482173
0 414506734
3 414540682
2 414540682
1 414542690
2 414561698
4 414567605
3 414567605
2 414567605
1 414574712
0 414577581
0 414604889
1 414613431
0 414616354
2 414655768
1 414655768
3 414701270
2 414701270
2 414710125
1 414725013
0 414726211
1 414747677
2 414771121
1 414771121
1 414783656
0 414783656
0 414795102
0 414808914
0 414816630
0 414817909
0 414828446
0 414845271
0 414851490
0 414900619
1 414919445
1 414924362
0 414977184
0 414980907
0 415004965
0 415015993
0 415033540
1 415057700
1 415065001
0 415073042
0 415092016
0 415094293
0 415101411
2 415116287
1 415116287
1 415144834
0 415145218
0 415153631
0 415172824
2 415204347
1 415206487
0 415227505
0 415237306
0 415290766
0 415316045
0 415380465
2 415510505
1 415510505
1 415515992
2 415532712
1 415532712
1 415547588
0 415557301
0 415574422
0 415596438
2 415622858
1 415632712
0 415632712
0 415640949
0 415643126
0 415752680
0 415764774
1 415778207
1 415789951
0 415790879
1 415824128
0 415827518
0 415842277
0 415867541
1 415921918
1 415950217
1 415967775
1 415973737
2 415984589
1 415984589
0 415992662
2 416033098
1 416033098
0 416034510
0 416038067
0 416039769
1 416057025
0 416063460
0 416116726
0 416128977
0 416176429
0 416186551
1 416211488
0 416212821
0 416224714
0 416230550
0 416234835
0 416263512
0 416265874
1 416278235
3 416309937
2 416309937
1 416311158
0 416323751
1 416351201
0 416353663
2 416378549
1 416382553
0 416383496
0 416408946
0 416505752
1 416509185
0 416540608
1 416544113
0 416548190
0 416566635
0 416577877
1 416659803
0 416659803
1 416702644
1 416706077
0 416710675
0 416730892
0 416734647
1 416761391
1 416766324
0 416766324
1 416808573
0 416815697
0 416832890
1 416862618
0 416862777
3 416939059
2 416939059
1 416939059
1 416955097
0 416960951
0 416976582
0 416995375
0 417002082
0 417012145
0 417019700
0 417032729
2 417084120
1 417091194
0 417102222
0 417114322
0 417145465
0 417149019
0 417187243
2 417209687
1 417209687
1 417229037
0 417239273
1 417265308
1 417268215
0 417276869
1 417293001
2 417303584
1 417305605
1 417322843
0 417322843
0 417337963
0 417368519
0 417373975
0 417380668
0 417395614
0 417407401
0 417408399
0 417418235
0 417434007
0 417440512
0 417477099
0 417485670
0 417493381
1 417563911
0 417567920
1 417621189
0 417626705
2 417648142
1 417648142
0 417657298
0 417663399
0 417695546
1 417731577
0 417734418
0 417746600
0 417793725
0 417804754
0 417814488
1 417824774
0 417841284
1 417868118
0 417883636
0 417912737
0 417945163
0 417959980
2 418051821
1 418068659
0 418068659
1 418100600
0 418106860
0 418123085
0 418148591
0 418184380
0 418192642
0 418205817
0 418236454
0 418285408
0 418296105
0 418315382
0 418317279
1 418341368
1 418348265
0 418354478
0 418365940
0 418371735
0 418415611
0 418439354
1 418480471
0 418492959
0 418510306
0 418564332
0 418575427
0 418585863
0 418620303
0 418627235
1 418646201
1 418653219
0 418653219
0 418662746
0 418673909
1 418705272
0 418719457
0 418722765
1 418829497
0 418829497
0 418845218
0 418890088
0 418899665
0 418914451
0 418954807
0 418990830
0 419055935
0 419339711
0 419417898
0 419441022
1 419459440
0 419459440
1 419508181
1 419514686
1 419519396
0 419520522
0 419539111
0 419569404
0 419575704
0 419586817
2 419622452
1 419622452
0 419625920
0 419672974
1 419706750
0 419706750
1 419740067
0 419751199
0 419763088
1 419802720
0 419805933
0 419931476
0 419933956
2 419998965
1 420001358
1 420001641
1 420008542
1 420016442
0 420022072
0 420032078
0 420108677
0 420141565
0 420167605
0 420220191
0 420241256
1 420257798
0 420258546
1 420278446
0 420278653
0 420288313
1 420333251
0 420333251
0 420364716
0 420376584
0 420441276
0 420446336
0 420492345
0 420554287
0 420560717
1 420594866
0 420594866
0 420611460
0 420624399
1 420647744
2 420658775
4 420677997
3 420677997
3 420713082
2 420713082
1 420727248
0 420733969
0 420751659
0 420782315
0 420788169
2 420809734
2 420833397
1 420833397
1 420842695
1 420849708
0 420849708
2 420861748
1 420861748
0 420867849
0 420907162
0 420944781
0 420976162
0 421005150
0 421030377
0 421091470
0 421103262
0 421142717
0 421150309
0 421156399
0 421169770
1 421357968
2 421390323
1 421390323
1 421404100
0 421404100
0 421431502
3 421471301
2 421471301
1 421471301
1 421473798
0 421477806
1 421528958
0 421528958
1 421548759
1 421561201
0 421561201
0 421576643
0 421595280
2 421650566
1 421650566
1 421665443
0 421667189
1 421690500
0 421693519
0 421713848
0 421748686
0 421781678
1 421839161
0 421842042
0 421848322
0 421903201
0 421909135
1 422029945
0 422033450
0 422058748
0 422083702
0 422098032
1 422105461
1 422133954
0 422137967
0 422160627
1 422188617
0 422191382
1 422215052
0 422215052
2 422244309
1 422244309
0 422253127
0 422344686
1 422377919
0 422377919
1 422393291
0 422393291
0 422399145
0 422428114
0 422461861
1 422483021
0 422483021
0 422489526
1 422520670
0 422520670
0 422553051
0 422588676
1 422604338
0 422607459
0 422616909
1 422628605
0 422629360
1 422660421
0 422660421
1 422666540
0 422681040
0 422736478
0 422797540
0 422844519
0 422845979
0 422858518
0 422965062
0 422968366
1 422997351
0 423010541
0 423081630
1 423188747
1 423202561
0 423213047
0 423216888
1 423233021
1 423235029
0 423235029
0 423246006
1 423322658
0 423322658
0 423383258
0 423422657
1 423441353
1 423452911
1 423476544
0 423476544
0 423480128
0 423486847
0 423519032
0 423585561
1 423613087
0 423616520
0 423645147
0 423695920
0 423746549
2 423810570
1 423810570
1 423817004
0 423839906
0 423842252
0 423850776
0 423889757
1 423911209
0 423911209
1 423928733
0 423928733
0 423940437
0 423970116
0 424014128
0 424025097
0 424119881
0 424149906
0 424177766
1 424212056
0 424217631
0 424257150
1 424344447
0 424347316
0 424361420
0 424395357
0 424432861
0 424449519
0 424459285
1 424472779
0 424472779
0 424484173
0 424590473
1 424669398
0 424669398
0 424705782
0 424728945
0 424792657
0 424803926
2 424855350
1 424855350
0 424863131
0 424959991
2 424987980
1 424987980
1 424993535
0 425005186
0 425017525
0 425042493
1 425064330
0 425064330
1 425076479
1 425099452
0 425099452
1 425112318
1 425126494
1 425142444
0 425142804
2 425148949
1 425148949
1 425159712
2 425176919
1 425178048
0 425178376
0 425240241
3 425295731
2 425295731
1 425298456
0 425305301
0 425316583
1 425415765
2 425455396
1 425458603
0 425464094
0 425475631
1 425492692
0 425492692
1 425507949
3 425538281
2 425538281
1 425540251
2 425548160
1 425548160
0 425560824
0 425578399
0 425617971
0 425654665
0 425696901
2 425765151
1 425767338
1 425776282
0 425786201
0 425796574
0 425826366
0 425851770
0 425862130
0 425865955
0 425888931
1 425914853
0 425920354
0 425929799
1 425940132
0 425962045
0 425996068
1 426014453
1 426022119
0 426022119
0 426079525
0 426110716
0 426118851
0 426132595
0 426145862
0 426173315
0 426188594
0 426197681
0 426215581
1 426278264
1 426284500
1 426287511
0 426290944
0 426302746
0 426324688
0 426331518
0 426350900
0 426351697
1 426462284
0 426463709
0 426471210
0 426494110
0 426509574
1 426518335
0 426518335
0 426602904
0 426611471
1 426628933
2 426647842
1 426647842
3 426669655
2 426669655
1 426669655
2 426681081
1 426681081
1 426713946
2 426721081
1 426721081
2 426727726
1 426727874
0 426727874
0 426809755
0 426915768
1 426925720
0 426927283
0 426940527
0 427012656
1 427030587
0 427039043
0 427072563
0 427085133
1 427100545
0 427107847
0 427140560
0 427152239
0 427257576
0 427290535
0 427295665
1 427336439
0 427336439
0 427372128
0 427500479
1 427532837
0 427536066
0 427539265
0 427547022
0 427629650
0 427635002
0 427649005
0 427665719
0 427670434
0 427706591
0 427716098
1 427742466
0 427744676
1 427770245
0 427777538
0 427805346
1 427888045
0 427888045
0 427898807
1 427912973
1 427943209
1 427949581
0 427959827
1 427989885
0 427994322
0 428036716
0 428048052
1 428213386
0 428213386
0 428269961
1 428294437
0 428294437
0 428326461
0 428332070
0 428361968
0 428370457
0 428564464
0 428595065
0 428606140
0 428611893
0 428621861
0 428643864
1 428700272
0 428703928
0 428712607
0 428762704
1 428804656
0 428804656
0 428843811
2 428876818
1 428876818
1 428879857
0 428880251
0 428974992
2 429030916
1 429030916
0 429043944
0 429084133
0 429193640
0 429210948
0 429236606
0 429259974
0 429271087
0 429343709
1 429372888
0 429372888
0 429377231
0 429394337
0 429398927
0 429407118
0 429416384
1 429463655
0 429470448
0 429483600
0 429507422
0 429560817
0 429734636
0 429776805
0 429779267
0 429792670
0 429840920
0 429850837
0 429853859
0 429977109
0 430097275
1 430162161
0 430162161
0 430168293
0 430244923
0 430284154
2 430315577
1 430324777
0 430328572
0 430366950
0 430370673
1 430376089
0 430378010
0 430442087
0 430447790
0 430472912
0 430490124
0 430495952
0 430847141
0 430901619
0 430929214
1 431006800
0 431013835
0 431173224
0 431195862
1 431487086
0 431487086
0 431529245
1 431618947
0 431618947
0 431620938
0 431666020
1 431705650
0 431705650
0 431830664
0 431835793
0 431836841
0 431856476
2 431881139
1 431881139
1 431902675
1 431912200
0 431912200
0 431929713
0 431943256
0 431960862
0 431964701
1 431982056
0 431982056
0 432027186
1 432056528
0 432056528
0 432316883
0 432353765
0 432418732
0 432429533
0 432432938
1 432521200
0 432521200
1 19843338
1 19847363
1 19851145
1 19855534
4 19894210
3 19894210
2 19894210
3 19906073
2 19921310
1 19922851
1 19928087
1 19955463
0 19955463
0 19966576
1 20057341
1 20069560
0 20069560
1 20141306
0 20141306
0 20277009
0 20551901
0 20555741
0 20561657
0 20574967
0 20599210
0 20615237
0 20662156
1 20687314
0 20693078
0 30741563
0 30784044
0 30834048
0 30840746
0 31087210
1 32248463
0 32248463
0 32323672
0 36423948
1 36451970
1 36481257
0 36481257
0 36487511
1 36505137
0 36505137
0 38839559
0 38937065
0 38943274
0 38967775
0 47505569
0 48062847
0 52100860
1 52130244
0 52133677
0 52164539
0 52204602
0 52208035
0 52316496
2 52355421
1 52355421
0 52360372
0 52377464
1 52388670
0 52388670
0 52402546
0 52415643
0 52563008
0 52578785
0 52697248
1 52878358
0 52878358
0 52890679
0 52958558
0 53026758
0 53031665
0 53074192
0 53093497
0 53106742
0 53505504
3 53573697
3 53590533
2 53590533
1 53593938
0 53598541
0 53607511
0 53658530
0 53661751
0 53667897
0 57601218
0 57705123
0 57718233
1 57852499
0 57855990
0 57869756
1 57891202
1 57895787
0 57907343
0 57929059
0 57935338
0 58075373
0 58126174
0 58182708
0 58194996
2 58239992
2 58244471
1 58244471
0 58246155
0 58258439
1 58273183
0 58282814
0 59730182
2 59739227
1 59739227
1 59744079
0 59744079
0 59852512
0 59858191
0 59865451
0 59870652
0 59890960
0 60060914
1 60102050
0 60103269
0 60185916
0 60206702
1 60232144
0 60232144
0 60236357
0 60312229
1 60338947
1 60345319
0 60345319
0 60444258
0 60476212
0 60515470
1 60657741
0 60670478
0 60786810
2 60808867
1 60813184
1 60818556
0 60818556
0 60821472
0 60862282
0 60877252
0 60943071
0 60965540
0 60975313
1 60987580
0 60994375
0 61008942
0 61053137
2 61099344
1 61099344
1 61110183
0 61122008
0 61170528
0 61174332
0 61191879
0 61200611
0 73289045
1 73530847
0 73536238
0 73580056
2 73612313
1 73612313
1 73625926
3 73641295
2 73641295
2 73650197
2 73652408
1 73652408
0 73658917
0 73667459
0 88821209
0 88826758
0 88851115
0 88926897
0 89014832
0 89055400
0 89060079
1 89069596
0 89069596
0 89145946
0 89168963
0 89651255
0 89678254
0 89689686
0 89766143
0 89801814
0 90118077
0 110520890
1 110572475
0 110574159
0 120780618
2 120839249
1 120839249
1 120841994
0 120849429
0 120896148
1 125081070
0 125081070
0 125082967
0 125087593
0 125092310
0 125131643
0 129399468
0 129409714
0 129542142
0 130014158
0 130049028
0 130053655
4 130089386
3 130089386
2 130089386
1 130090401
0 130094645
0 130156866
0 130178422
0 130195193
0 130233883
0 130294433
0 130338070
1 130344401
0 130344401
0 130363622
0 130484642
0 130488917
0 130497783
0 130529830
1 130551515
0 130551515
0 130585359
0 130592305
0 130596942
3 130731434
2 130731434
1 130733817
0 130733817
0 131229325
0 131251568
0 131262643
0 131473024
0 131478503
0 131492978
2 131558001
1 131567269
0 131571596
2 131617598
1 131617598
0 131621329
0 139485928
1 147081142
0 147088952
0 147180703
0 147195490
0 147203531
0 147220404
0 147358655
0 152028795
0 152034110
2 152087632
1 152087632
1 152088982
0 152109065
0 152156204
0 152194817
0 152252070
0 152269014
0 152321632
0 152323677
0 152346034
0 152361643
0 152386110
1 152415818
0 152415818
0 152434485
0 152441120
0 152450332
0 152463137
0 152489994
1 152497152
0 152497152
0 152519539
0 152526334
3 152582220
2 152582220
1 152582220
2 152601905
1 152601905
0 152602860
0 152694154
0 152713376
0 152729856
0 152735388
0 152825321
0 152905479
0 152921344
1 152969158
0 152971345
1 153097509
1 153113354
0 153118323
2 153147779
1 153147779
1 153152815
0 153152815
0 153156996
0 153214890
1 153276313
1 153283810
0 153284528
0 153457979
1 153471430
0 153474863
0 153496483
0 153520039
0 153564792
0 153575236
1 153587749
0 153590071
0 154201978
0 154207279
0 154256105
0 154270426
0 154283259
0 154402226
0 154435042
0 155276839
0 155473478
0 164557904
0 164570777
0 164572852
0 167902540
0 167920448
0 168080721
0 168088990
1 168103575
1 168121819
0 168121819
1 168148490
0 168150642
1 168164013
0 168164013
0 168174037
1 168213778
0 168222752
0 168229382
0 168232295
0 168287593
0 168298508
1 168401941
0 168406092
0 168411952
2 168430085
1 168430085
0 168430108
0 168436883
1 168449171
0 168461479
0 168484857
0 168497490
0 168559995
1 168589450
0 168605971
1 169150780
0 169150780
1 169167913
1 169169671
0 169169671
0 169255437
0 169295715
0 172208425
0 172343184
0 172400771
0 172446445
0 172731007
1 172776880
1 172783472
0 172783472
0 172801689
0 172803318
0 172934863
0 172965515
0 172999630
0 173100010
0 173138714
1 173147629
0 173147629
0 173168297
0 173327002
0 173338462
0 173365890
0 173481937
0 173487071
1 173504328
2 173518128
1 173518128
0 173524763
0 173549391
0 173563356
0 173570300
0 173674688
1 173702549
0 173702549
1 173761712
0 173764368
0 173786649
0 173797762
0 173820083
0 173842555
1 173853727
0 173859038
1 174140368
0 174140368
0 174151481
0 174189048
1 174198535
0 174199497
0 174208837
0 174228965
0 174254084
0 174263661
0 174296999
0 174308709
2 174383824
1 174383824
0 174385417
0 174393800
0 174438523
1 174664850
2 174691249
1 174693051
1 174694297
0 174694297
0 174740326
0 178618495
0 184091202
1 184104141
0 184115437
0 184139306
0 184315573
1 184334366
0 184350780
0 184367267
0 184389864
0 192675447
1 193025012
0 193026138
0 193253306
0 193288429
1 193299476
0 193299476
1 193348047
0 193351895
0 193394577
1 193428889
0 193428889
0 193438831
0 193460312
0 193483069
0 193490217
0 193491196
0 193494755
0 193842601
0 193866906
0 193867880
0 194083208
1 194092204
0 194094967
1 194169721
0 194169721
0 194181813
1 210590554
0 210590863
0 210674885
1 210709267
1 210713281
0 210713281
0 210743401
1 210867564
0 210869574
0 210871542
0 210874240
0 210885918
0 210896479
0 210901297
0 210906857
1 210931113
1 210951029
1 210953982
0 210953982
0 210969716
1 211021430
0 211021430
1 211030915
0 211030915
0 211073180
0 211113908
1 211126557
1 211150272
0 211152102
0 211163540
0 211167259
0 211173550
0 211192447
0 211203437
0 211220104
0 211245242
1 211270549
0 211270549
0 211284719
1 211293050
0 211293050
0 211312757
0 211795491
1 211979199
1 212012337
1 212031182
0 212031182
0 212050789
1 215656413
0 215656413
0 215683105
0 215697290
0 215738445
0 215753794
2 215979762
1 215979762
1 215997839
0 216003693
1 216013639
1 216019155
0 216019155
2 216049017
1 216049017
0 216050134
0 216074463
0 216089948
0 216143428
0 216172760
0 216189218
0 216198523
0 216382512
0 216683760
0 217573127
1 217586047
0 217586047
0 227708300
0 227787437
0 227813253
0 227837582
1 227926901
0 227926901
0 227941224
0 227950689
0 227980346
0 228076936
0 228092503
1 228160759
0 228160759
1 228182015
0 228182015
0 228188512
0 228191592
1 228281210
0 228289541
0 228317387
0 228335284
0 228368533
0 228383107
0 228421300
0 228427303
0 228666599
0 232174125
0 239097611
0 239117358
0 239383646
0 239398968
0 239400919
0 239414125
0 239437274
0 239468479
1 239472186
0 239472186
0 242074646
0 242093779
0 242096801
0 242105365
0 243157031
1 243166801
0 243166801
0 243183038
1 243229225
0 243229225
0 243233649
0 243268144
0 243363536
3 243412033
2 243412033
1 243412033
1 243418164
0 243418164
0 243420528
1 243451496
0 243451496
2 243460358
1 243460358
1 243474552
0 243474552
0 243523476
0 243537312
0 243580156
0 243605908
0 243655744
2 243717156
1 243717156
0 243719423
0 243734298
0 243952763
0 243956506
0 244014022
0 244024753
0 244046657
0 244065483
0 244112214
2 244157933
1 244157933
1 244179204
0 244179204
0 244195028
0 244918081
0 246066310
0 246067468
0 246116489
0 257089126
0 257102259
0 257438651
0 257450344
0 257496910
0 257560902
0 257582748
0 257604845
1 263509265
0 263509265
0 263517470
0 263746867
0 263758722
0 263841536
0 263871882
0 263917950
0 263929349
1 263965448
0 263970687
0 263978439
1 264038812
0 264038812
0 264044716
0 264686310
2 264827738
1 264827738
1 264831720
0 264834448
0 264991759
0 265121903
0 265147512
0 265594756
0 265690934
0 265701344
0 265714275
0 265798896
0 267530187
1 267569210
0 267570906
1 267664453
0 267664453
2 267956059
1 267956059
0 267962823
1 267982652
0 267990485
0 270395165
0 270398622
0 270403591
0 270418452
1 270814780
0 270814780
0 270825532
0 270869552
0 270937296
2 271128877
1 271128877
0 271137657
0 271310224
0 271617954
0 271632525
0 271637273
0 271653676
0 271704245
0 271901555
0 271912044
0 271940618
1 271983598
0 271983598
0 271992475
0 272006263
0 272020514
1 272055141
0 272055141
0 272096940
0 272203205
0 272250694
0 272959470
0 272975593
1 273000530
0 273000530
0 273007447
1 273048385
0 273048385
0 273072573
1 273108137
0 273108137
1 273242419
0 273261296
0 273363324
1 274953518
0 274957796
0 278960513
0 278998520
0 279031137
0 279115878
0 279154242
0 279243609
0 282270994
0 282300624
0 282513670
0 282551562
1 283498289
0 283498579
0 283503140
1 283509692
2 283523830
1 283523830
0 283533027
0 283535107
0 283575178
0 283679882
0 283689459
1 283713682
0 283721923
0 283758244
1 283772158
0 283788679
0 283794874
0 283802045
0 283807448
0 283971854
1 289016929
0 289018960
1 289042889
0 289042889
0 289228599
1 289274195
0 289274195
2 289310226
1 289310226
1 289324319
0 289329797
0 291540932
0 301599122
0 301642905
0 301670869
2 301694541
1 301694541
0 301697323
0 301721963
0 317958690
1 317994379
1 317997812
0 318001438
0 318027911
0 318600797
0 319150546
0 319238993
0 319244360
0 319264763
0 319273515
0 319282121
0 332874747
0 332881110
0 333015605
0 333072802
0 333094306
0 333341387
0 333351695
0 333551830
0 333594729
1 333632669
0 333643499
0 333661257
0 336053958
0 336059845
0 336070578
0 336104834
0 336187618
1 336217257
0 336217257
0 336230895
0 336337001
0 336385429
0 336414527
1 336442588
0 336442588
0 336449266
0 336467636
0 336861643
1 336952269
0 336956348
0 340733440
0 340764863
1 340776270
0 340776270
0 340856183
0 340862624
1 341423257
0 341427164
0 341428356
0 341477660
1 341552617
0 341562194
0 341565621
0 341585273
0 341588673
2 341670222
1 341670222
1 341673676
0 341673676
0 341912474
0 370911982
0 370932348
1 370954787
0 370954787
0 370966462
0 370990710
0 371050123
0 371115123
2 371142153
1 371142153
2 371164289
1 371164289
0 371166534
0 375115314
0 375126696
1 375604458
0 375604458
0 375636859
0 375689996
0 375716508
1 380381499
0 380382224
0 380385039
0 380389540
0 380397365
2 380439450
1 380439450
0 380452382
0 380495088
1 380518831
0 380518831
0 380610224
0 380616023
0 380618574
0 380680037
1 380778508
0 380778508
0 380800776
0 380806208
0 380807213
1 380816497
0 380820452
0 380842317
0 380868129
0 380871250
1 380880518
0 380880518
0 380943775
0 380945952
0 380957410
0 381036878
1 381056929
0 381059034
1 381139882
0 381145887
2 381183919
1 381183919
0 381185742
0 381324845
0 381328568
0 381560003
0 381573365
0 381589282
1 389320838
0 389324980
0 393838860
1 393871491
0 393872181
1 393902109
0 393904489
0 393906295
0 393986870
0 394853556
0 394911794
0 405862502
0 406569191
0 406572217
0 406593639
1 406660022
0 406660969
0 406673038
0 406695678
0 406705198
0 406711252
0 407229283
1 407240953
0 407250596
0 407376417
0 407393885
1 407415079
0 407415079
0 407428693
1 407447196
0 407457044
0 407531504
1 407587937
0 407587937
0 407591994
0 407598349
0 407608051
0 407616400
1 407630021
0 407630021
0 407688836
1 407709278
0 407712204
0 407715651
0 407728759
0 407747279
0 407778051
0 407787628
0 407798029
1 407833289
0 407842082
0 407845144
0 407879265
0 407883795
0 407893720
0 407911030
0 407924073
0 407983827
3 408021997
2 408021997
1 408021997
0 408040420
1 408053420
0 408057406
0 408067895
0 408091014
0 408166962
0 408175627
0 408187929
0 408229129
0 408251591
1 408314942
0 408325083
1 408347821
3 408370667
2 408370667
2 408387562
1 408393129
0 408393727
2 408444487
1 408444487
0 408446040
0 408468230
0 408505382
0 408522594
1 408533707
0 408533707
0 408540212
1 408548834
0 408548834
0 408572668
0 408580322
1 408603500
0 408603500
0 408604854
0 408624227
1 408633727
0 408641790
1 408664265
1 408693547
0 408700800
1 408705563
0 408705563
0 408714813
1 408728739
0 408736287
0 408748295
0 408768595
0 408778988
2 408795671
1 408795671
1 408801091
0 408801091
0 408819454
0 408827941
1 408881210
0 408881939
1 408892834
0 408892834
1 408907339
0 408908033
0 408924453
0 408970786
0 409015083
0 409017930
2 409032065
1 409034154
0 409034154
0 409051114
1 409064634
0 409064634
0 409082260
0 409145035
0 409164041
0 409165938
0 409199189
0 409208025
0 409243714
0 409264336
0 409270907
1 409365872
0 409365872
0 409373962
0 409392665
0 409428752
0 409445882
0 409459133
0 409474854
1 409500852
0 409510313
0 409595935
0 409602345
0 409607357
0 409646295
2 409725725
1 409729885
1 409740392
0 409740392
0 409752977
1 409801830
0 409813284
1 409891452
0 409895138
0 409904658
0 409937028
0 409943452
0 409960532
0 409979493
0 409985811
0 410005721
0 410021095
0 410044584
1 410188935
0 410190173
0 410196678
0 410231300
0 410306298
0 410322309
0 410323653
0 410330749
0 410377657
2 410429810
1 410440204
1 410444338
0 410444338
0 410468028
0 410479844
0 410506626
0 410525105
1 410558537
0 410567919
3 410592854
2 410594152
1 410594152
0 410604112
0 410609865
0 410643938
0 410644465
0 410693616
0 410699121
2 410737504
1 410740755
0 410740755
0 410744587
0 410827207
1 410837756
0 410837756
1 410845787
0 410847274
3 410878746
2 410878746
1 410881741
0 410885084
0 410893106
2 410944714
1 410944714
0 410950731
0 410958537
0 410971828
1 410983222
1 410987524
1 411032034
0 411041521
0 411073416
0 411145795
0 411156689
0 411164252
0 411170757
0 411292720
0 411294197
1 411341360
0 411343057
1 411371700
0 411371700
0 411400833
2 411427577
1 411427577
1 411437689
1 411481803
0 411491256
0 411500754
0 411516483
1 411576808
0 411585338
0 411597102
0 411633149
2 411651560
1 411651560
2 411688880
1 411688880
1 411691052
0 411692220
0 411718767
0 411730674
0 411732534
0 411742222
0 411757988
0 411770573
0 411790679
0 411794983
0 411820498
0 411854358
2 411878684
1 411879630
0 411879630
0 411891643
0 411914705
0 411920578
1 411962373
1 411976833
0 411977978
1 412009517
0 412009517
0 412033415
0 412053636
0 412062071
0 412064322
1 412102665
1 412122415
0 412124312
1 412133426
0 412134973
1 412310811
2 412324924
1 412327602
1 412344572
0 412344572
0 412379349
1 412433294
1 412442234
0 412453830
0 412467513
0 412483698
0 412529338
1 412577634
0 412577634
0 412579484
0 412592588
0 412709576
0 412750305
0 412772675
0 412791592
0 412818235
0 412828102
0 412856628
0 412862218
1 412885286
0 412887473
0 412936332
1 412969291
0 412982594
0 413008031
0 413015993
0 413033654
0 413037021
0 413105018
0 413110636
1 413144837
0 413156989
0 413165837
0 413173937
0 413186562
1 413211406
0 413214069
1 413251277
0 413252722
0 413280640
0 413284177
2 413312923
1 413314609
1 413343614
0 413343614
1 413353253
0 413358783
1 413370478
0 413370549
0 413391143
2 413424186
2 413448955
1 413448955
0 413451395
0 413458117
0 413459991
0 413534470
0 413555109
2 413592867
1 413592867
0 413595043
0 413611450
0 413621104
0 413661585
2 413691779
1 413691779
1 413702672
2 413706842
1 413706842
0 413711040
1 413730746
0 413734469
0 413736319
0 413780910
1 413790892
0 413790892
0 413828721
1 413845645
0 413848519
0 413854489
0 413868114
0 413884056
0 413924624
0 413930599
0 413959863
0 413981508
0 414008007
0 414011440
0 414109747
0 414131705
0 414200189
1 414256284
0 414257084
0 414295221
0 414332742
0 414336675
0 414347788
0 414391813
1 414433800
0 414442074
0 414454633
1 414510018
1 414514660
0 414524417
1 414563838
0 414563838
0 414565817
1 414608549
0 414611866
1 414628523
2 414637738
1 414637738
0 414652092
0 414661036
2 414698977
1 414698977
1 414709066
0 414714241
0 414731936
0 414743219
0 414764890
2 414818758
1 414823966
0 414823966
0 414844585
0 414880068
0 414886760
0 414928441
2 414983501
1 414983501
0 414984782
0 414993246
3 415030029
2 415030029
1 415031208
1 415039683
0 415047808
0 415059057
0 415070460
0 415085272
2 415121322
1 415121322
1 415142787
1 415146460
1 415159916
0 415164634
0 415237315
0 415272294
0 415300356
0 415306251
0 415349653
1 415392666
1 415401459
1 415402686
1 415436605
0 415451908
0 415549721
0 415565532
0 415725815
1 415762988
0 415763583
0 415797483
0 415798078
0 415841696
1 415868495
0 415872204
0 415888895
0 415953805
0 415981144
0 416002678
0 416003946
1 416084588
0 416089442
0 416122253
1 416146125
0 416146125
1 416165179
0 416168612
4 416204165
3 416204165
2 416216261
1 416246317
0 416263758
1 416358674
0 416358674
0 416363411
1 416391326
0 416391326
0 416394037
0 416457333
0 416480649
0 416494759
0 416518546
0 416538540
0 416549222
0 416555734
0 416587766
0 416597908
0 416603472
0 416621574
0 416673328
0 416749950
1 416777014
0 416777014
1 416822298
0 416823168
0 416841652
1 416891451
0 416892805
0 416921338
0 416938236
0 416993642
0 417001683
0 417017723
0 417026092
1 417059898
0 417059898
0 417074753
0 417096758
0 417131941
0 417133970
0 417157548
0 417302774
2 417324800
1 417328907
0 417328965
0 417359497
1 417397548
0 417403135
0 417419883
1 417435470
0 417435470
2 417475942
1 417485667
1 417501547
0 417510566
2 417518689
1 417518689
0 417522687
0 417539381
0 417550515
2 417586164
1 417586829
0 417588854
1 417672072
1 417682190
0 417682286
1 417745577
1 417754605
0 417754605
0 417784070
1 417805244
0 417809078
1 417862646
0 417862646
0 417878610
0 417932731
0 417937761
2 417961481
1 417961481
1 417965799
0 417966089
2 417982657
1 417982657
1 417993770
1 418016641
1 418023501
0 418023501
1 418043842
0 418043842
0 418053676
1 418073693
0 418073693
0 418088458
0 418104774
1 418140786
0 418159546
0 418162712
0 418166065
0 418174668
1 418203274
0 418214026
0 418231226
0 418237119
0 418254771
0 418267059
3 418304717
2 418304717
1 418308994
0 418310466
0 418350706
0 418353216
0 418360901
0 418512292
2 418536501
1 418536501
0 418543528
0 418558024
0 418564819
1 418649098
0 418649098
0 418697972
0 418708021
4 418767924
3 418767924
2 418767924
1 418769840
0 418773323
0 418793832
0 418808905
0 418825255
0 418838573
0 418846796
1 418852217
0 418852217
1 418874681
0 418879727
1 418925976
1 418931399
0 418932394
0 418946869
0 418978114
0 419000659
0 419001934
1 419042766
2 419068966
1 419068966
1 419076536
1 419082900
0 419106191
0 419123713
0 419173935
1 419248438
0 419268547
1 419287844
1 419317829
0 419324021
0 419339148
0 419429877
0 419445540
1 419454964
0 419454964
3 419504220
2 419504220
1 419504220
0 419508198
2 419562674
1 419562764
0 419567733
0 419614751
0 419617756
0 419627491
1 419717170
1 419723008
0 419733271
0 419741151
0 419766787
1 419776912
0 419784389
0 419817550
0 419830489
0 419852035
0 419877324
1 419895975
0 419922519
0 419964966
0 419974369
0 419999384
0 420025553
0 420052601
0 420235226
1 420244430
1 420263223
0 420263715
0 420282256
1 420389696
2 420394910
1 420394910
0 420402706
1 420460030
1 420460457
0 420460457
0 420471246
3 420529053
2 420529053
1 420529053
1 420545349
0 420545349
1 420552454
0 420557804
0 420662773
1 420711772
0 420712195
0 420726866
0 420743143
1 420756464
0 420760514
0 420806245
1 420822814
0 420828277
0 420867538
0 420872092
0 420923336
1 420955606
0 420969294
1 421011886
0 421013431
0 421040342
1 421061046
0 421061046
0 421069506
0 421073196
0 421109836
0 421133908
0 421154593
0 421165022
0 421170496
0 421224002
0 421235115
1 421249564
0 421257651
1 421297961
0 421301053
0 421314806
1 421371097
0 421371097
0 421383349
0 421393534
0 421448061
0 421453470
0 421484011
0 421490868
0 421590772
1 421601601
0 421601601
0 421656076
0 421704957
0 421718504
0 421771124
0 421804373
0 421831007
0 421978085
0 422029069
0 422051566
0 422106974
0 422126610
0 422249228
0 422273705
0 422282902
0 422380512
0 422385014
1 422461910
0 422461910
4 422537542
3 422537542
2 422537542
2 422553065
1 422553065
0 422558496
1 422697281
0 422699333
0 422713681
1 422725707
0 422725707
0 422739704
0 422755476
1 422802080
0 422804310
0 422814014
0 422842528
0 422887890
0 422928477
0 422947858
0 422958520
0 423040954
0 423065716
0 423081437
0 423124561
0 423330872
0 423350555
0 423370884
0 423410515
1 423438561
0 423451331
1 423467564
0 423473224
0 423527772
0 423544857
2 423602887
1 423602887
0 423604869
0 423630051
0 423640312
0 423662520
0 423756413
0 423768291
0 423782487
0 423789405
0 423842261
1 423867670
0 423873233
0 423881655
3 423914713
2 423914713
1 423921675
0 423926444
1 423960674
0 423961036
7 424031419
6 424031419
5 424031419
4 424031419
3 424031419
3 424057564
2 424057564
1 424059681
1 424076771
1 424086819
0 424090523
0 424115302
0 424136622
2 424152034
1 424152034
2 424167035
1 424167035
0 424177792
2 424206658
1 424206658
1 424218532
0 424220271
0 424223947
0 424240605
1 424302153
0 424308555
0 424329848
0 424337287
0 424354763
0 424356660
0 424364454
1 424375680
0 424385873
1 424523954
1 424532621
0 424532621
0 424547704
0 424560972
0 424574243
0 424642579
0 424684929
0 424697570
0 424739682
0 424745922
0 424780075
0 424806011
0 424810808
1 424873104
0 424881685
1 424897559
0 424899043
4 424938335
3 424938335
2 424938335
1 424952260
0 424952260
0 424977487
0 424981718
1 424996828
1 424998204
0 424998204
1 425006562
0 425017798
0 425018365
1 425049188
1 425053687
0 425053687
1 425087064
1 425102696
0 425132614
0 425221654
0 425242795
0 425251590
1 425278917
0 425280814
1 425294891
0 425294997
0 425318669
0 425327369
0 425359410
0 425389518
0 425453299
1 425464492
1 425467897
1 425474361
2 425482652
1 425482652
1 425492493
1 425509758
1 425517772
0 425518728
0 425533967
0 425541825
1 425604132
1 425626294
0 425638082
0 425646504
0 425657064
0 425698413
1 425731314
0 425733855
0 425765831
3 425801271
2 425801271
1 425804362
0 425812023
1 425835270
0 425856593
1 425884697
0 425884697
0 425918238
0 425924653
1 425962241
0 425962241
1 425975258
1 425983507
0 425996373
0 426026531
0 426065292
1 426084289
0 426095179
0 426105811
0 426161106
0 426171488
1 426176459
0 426182392
0 426206154
0 426214485
0 426321737
1 426351574
0 426354095
0 426567825
0 426626320
0 426663926
1 426683888
0 426683888
0 426691221
1 426746663
1 426755532
0 426755532
0 426762384
0 426784417
0 426868478
0 426885419
0 427025597
0 427031697
0 427049798
1 427069923
1 427075577
0 427075577
1 427103067
0 427103067
0 427114572
0 427153525
0 427155061
0 427161973
0 427166394
0 427195358
0 427205464
1 427252007
0 427252813
0 427287499
0 427317228
1 427376751
0 427379097
0 427439654
1 427470768
0 427471231
3 427500294
2 427500294
1 427500294
1 427503793
0 427503793
0 427518453
0 427562018
1 427572916
0 427582012
1 427599185
0 427601118
0 427613340
0 427622186
1 427730640
0 427744464
0 427863078
0 427881871
0 427916507
0 427922941
1 427966362
0 427966362
2 428039561
1 428039561
1 428049737
0 428049737
0 428055070
0 428083272
0 428138965
1 428185150
0 428185150
3 428237949
2 428237949
1 428237949
0 428241419
0 428268726
1 428324028
0 428343499
0 428390474
1 428420402
1 428427338
0 428427338
0 428567977
0 428670361
2 428699365
1 428700731
0 428700731
0 428788484
0 428799802
1 428860895
0 428869992
0 428904771
0 428906949
1 429007963
0 429007963
0 429009195
2 429063776
1 429063776
0 429066006
0 429078270
1 429087520
0 429116217
0 429120143
0 429125610
0 429546208
0 429580668
1 429608610
0 429608610
0 429614207
0 429658189
0 429662630
1 429681423
0 429684500
0 429745901
0 429755478
0 429759463
2 429875425
1 429875425
1 429904710
0 429915538
0 429995857
0 430057951
0 9326122
1 10382726
0 10382726
0 10516808
0 26996405
0 27007351
0 27430446
1 27462504
0 27462504
0 27511019
1 32555431
0 32555431
0 32563560
0 32586854
2 32627387
1 32631120
0 32631955
0 37312229
0 37334726
0 37361199
0 37370533
0 42421449
1 42456025
0 42460323
0 42473258
