545 2659040
547 2668918
2471 12417633
2635 13280168
2647 13355623
2650 13357179
2700 13586457
2713 13673793
2714 13693176
2758 13948592
2760 13952904
2913 14691730
2914 14694003
2917 14703877
2919 14709809
2921 14721171
2924 14732937
3005 15161762
3840 19132597
3845 19165398
3848 19165858
3849 19167106
4331 21487709
4333 21492190
4335 21498534
5731 28648521
5755 28749293
5756 28760255
5760 28771845
5764 28789122
5772 28805993
5792 28918809
5795 28927239
5823 29054723
5825 29055134
5884 29365606
5889 29393149
5914 29532538
5919 29557444
5921 29561579
5925 29579127
5937 29630327
7844 39505923
7849 39520400
7871 39625774
8606 43259145
8623 43334808
8630 43355705
9004 45249879
9012 45293249
9069 45556221
9071 45573535
9076 45597335
9090 45657874
9100 45689728
9542 47871298
9543 47876134
9553 47906809
9563 47935648
9573 47980861
9580 48006343
9583 48011223
9598 48094065
9617 48198132
9664 48417481
9668 48428731
9672 48447913
9704 48604979
9705 48607480
9709 48622004
9711 48632953
9712 48638674
11218 56286710
11307 56674274
12293 61524999
13630 68473535
14662 73781485
14683 73854897
14689 73893097
14691 73896965
14694 73902632
14695 73906245
14697 73913802
14701 73929145
14702 73931230
14745 74150153
14756 74209300
14773 74294402
14805 74437286
14916 74977252
14931 75045277
14937 75060953
15013 75381014
15014 75385930
15016 75391126
15027 75423283
15028 75425906
15031 75436688
15034 75471822
15037 75474179
15038 75478859
15039 75481043
15069 75614489
15074 75648422
15090 75720836
15093 75727027
15105 75803045
15111 75806209
15167 76050800
15190 76175601
15192 76187250
15196 76191908
15199 76203326
15201 76219442
15216 76298936
15230 76355217
15235 76369030
15639 78389718
15677 78541438
15940 79824949
15943 79832259
15951 79889910
16004 80105464
16025 80199370
16026 80203170
16028 80212123
16030 80221706
16033 80226291
16034 80229933
16047 80289310
16562 82885274
16563 82886399
16564 82893251
16565 82895648
16580 82981402
16584 82998945
16589 83026667
16602 83087005
20482 103139719
20485 103164538
20991 105567076
21076 105988620
21080 106000770
21081 106003674
21128 106200032
21181 106437258
21183 106445509
21189 106456307
21195 106477001
21257 106759906
21262 106794680
21265 106805562
21272 106847632
21273 106851166
21278 106869994
21282 106886790
21283 106888383
21375 107283597
21378 107287160
21380 107295064
21384 107320284
21386 107336796
21389 107351075
21395 107368553
21403 107416613
21559 108215267
21564 108230582
21565 108235448
21577 108305321
22616 113530555
22622 113548988
22624 113556316
22625 113560734
22626 113562672
22627 113567352
22630 113598441
22710 114059812
22768 114318115
22773 114341669
22776 114348727
22780 114357945
22783 114363840
22785 114370364
22791 114395125
22794 114409616
22799 114416423
22801 114421583
22806 114439394
22808 114449262
22915 114968840
22920 114972371
22923 114977954
22926 114981166
22928 114985911
22930 114989097
22932 114998348
22937 115014894
22938 115028618
22942 115055748
22949 115087442
22952 115107580
22954 115120157
22960 115140371
22962 115145790
22963 115151214
22979 115222928
22981 115231025
22987 115247351
22989 115254417
22991 115263466
22992 115266525
22993 115267439
22995 115281915
23001 115291458
23012 115348035
23020 115407982
23055 115577214
23056 115583623
23060 115608250
23063 115655139
23066 115671196
23067 115678092
23069 115684125
23911 119961613
23913 119971248
23915 119980987
23916 119985823
23918 119992853
23979 120293354
23983 120308483
23986 120323676
23987 120324657
23990 120336559
24005 120396762
24006 120400194
26805 134525828
26808 134538851
26809 134539688
26813 134573191
27415 137509807
30649 154238991
30653 154254171
30657 154264892
30661 154277397
30671 154314154
30683 154378461
30684 154380407
30687 154387171
30722 154559837
30725 154566886
30729 154587893
30732 154598670
30745 154676093
30763 154759451
30765 154774652
30784 154856813
30786 154866345
30787 154877022
30798 154925427
30800 154933300
30802 154950408
30807 154972493
30830 155083403
30832 155090367
30837 155098286
30840 155116373
30845 155136217
30847 155141986
30867 155241041
30933 155554501
30935 155570747
30942 155610544
30946 155628686
30947 155637392
30949 155648501
30950 155653328
30955 155682768
30960 155706022
30962 155714832
30965 155723196
30969 155752577
30974 155778908
30986 155825088
30989 155843328
31075 156281717
31086 156346727
31178 156806387
31179 156811214
33463 168575403
33465 168578679
33468 168581405
33471 168601349
33476 168623888
33477 168632201
33484 168654153
33487 168661645
33491 168679621
33492 168682829
33502 168709920
33505 168721715
33509 168725408
33515 168755103
33517 168759528
33519 168764637
33526 168800926
33532 168823206
33534 168836000
33535 168838836
33537 168841086
33540 168880818
33541 168883582
33543 168893013
33545 168901386
33547 168920086
33549 168936050
33553 168956168
33554 168961084
33561 168985777
33579 169058098
33580 169064433
33583 169068278
33599 169158534
33600 169165003
33602 169179450
33607 169196247
33616 169231351
33623 169285385
33625 169290876
33627 169295160
33630 169306784
33634 169329668
33660 169470627
33663 169473854
33664 169475931
33668 169489866
33670 169496811
33671 169498754
33679 169523379
33686 169549235
33692 169569515
33696 169599237
33703 169631767
33704 169634611
33706 169640662
33708 169644888
33713 169646145
33714 169648113
33717 169666257
33719 169669114
33720 169679788
33724 169705142
33726 169719025
33739 169758360
33744 169783497
33749 169789955
33750 169804789
33751 169807334
33756 169836142
33762 169848565
33763 169851248
33769 169888528
33770 169894332
33773 169917815
33775 169920729
33788 169977820
33794 169996274
33797 170015548
33802 170023249
33803 170023766
33810 170045175
33813 170067933
33815 170075908
33822 170114256
33823 170118853
33825 170121833
33827 170131991
33831 170149768
33848 170273579
33850 170274827
33852 170277237
33854 170292234
33857 170311535
33875 170390695
33876 170410574
33880 170430773
33886 170458547
33895 170494099
33904 170556161
33906 170564743
33910 170580005
33913 170595688
33919 170617749
33923 170639383
33927 170654217
33929 170659867
33931 170664088
33932 170667658
33937 170690999
33938 170696255
33943 170733260
33944 170738529
33949 170762870
33954 170773714
33957 170791316
34780 174897293
34784 174918720
34789 174941826
34790 174949348
34791 174952985
34818 175030826
34819 175033892
34822 175051343
34823 175057677
34825 175063198
34826 175065753
34829 175079072
34831 175090510
34834 175102992
34837 175115630
35651 179219177
35654 179234278
35657 179240743
35659 179246600
35662 179256108
35668 179277952
35669 179284939
35671 179288524
35673 179294064
35674 179300180
35681 179327991
35684 179345463
35687 179363350
35690 179393050
35694 179401151
35699 179420217
35701 179427032
35703 179427565
35705 179433529
35718 179520924
35721 179532992
35724 179542996
35726 179544925
35730 179562132
35731 179564222
35733 179573823
35739 179598922
35741 179601672
35796 179914796
35798 179939697
35800 179940323
35803 179945819
35806 179954314
35826 180045620
35830 180062190
35832 180068512
35864 180220860
35866 180224339
35870 180234049
35875 180258929
35877 180271617
35881 180294237
35884 180301195
35887 180310783
35893 180332044
35895 180336439
36191 181700553
36192 181703410
36205 181762132
36212 181806411
36214 181806953
36217 181821321
36965 185579645
36966 185582472
37032 185930002
37052 186014972
37053 186021524
37060 186030492
37064 186041075
38177 191449357
38182 191484955
38970 195466872
38973 195482331
38975 195484080
38977 195484728
38990 195522448
38991 195537002
38994 195538373
38996 195545049
38999 195557322
39000 195558291
39008 195591089
39011 195594948
39014 195624627
39017 195648206
39021 195660817
39025 195698563
39046 195820290
39047 195822129
39097 196075598
39098 196076846
39103 196081895
39105 196091741
39112 196130578
39116 196146495
39130 196215547
39146 196304433
39148 196313959
39149 196321772
39150 196337679
39186 196499709
39189 196501844
39191 196504991
39193 196508550
39196 196525653
39199 196546257
39201 196550272
39204 196561053
39207 196575196
39208 196576649
39213 196598809
39217 196609011
39220 196628017
39224 196637844
39240 196738994
39245 196767043
39247 196784838
39268 196898589
39269 196905626
39273 196923767
39275 196931024
39343 197281076
39354 197319012
39395 197535647
39420 197630410
39424 197656930
39447 197773306
39458 197831643
39459 197835617
39465 197853594
39853 199841259
39866 199906821
39867 199908143
39870 199922378
39872 199924882
41673 209197907
41677 209217060
41683 209249676
41687 209270496
42569 213774950
42571 213786420
42575 213789949
42579 213803218
42580 213807849
42586 213851662
42607 213922069
42608 213924749
42613 213934148
42617 213951277
42623 213972928
42626 213984500
42631 214009481
42640 214038819
42654 214104935
42656 214114695
42664 214170676
42745 214613622
42747 214622251
43066 216209725
43071 216227358
43077 216253720
43155 216647767
43156 216652744
43159 216671902
43160 216676147
43246 217130078
43385 217751365
43387 217767359
43396 217806756
46005 230747577
47081 236344960
47108 236467869
47110 236475872
47114 236501432
47138 236610992
47141 236616218
47145 236625042
47152 236639615
48588 243983481
48593 243998395
48601 244045007
48603 244047867
48936 245567029
48938 245577435
48942 245584501
49075 246244369
49076 246250666
49079 246264909
49085 246303318
49088 246306582
49091 246311688
49094 246338706
49099 246347642
49101 246357213
49104 246373864
49107 246377271
49109 246389299
49115 246406510
49116 246417160
49120 246438235
49122 246444104
49125 246445343
49134 246480310
49137 246486687
49138 246494211
49140 246500021
49146 246525072
49147 246528012
49150 246528324
49154 246570436
49162 246616517
49163 246621634
49168 246642499
49238 246940538
49239 246948222
49248 246982934
49251 247000699
49253 247008591
49258 247040585
49274 247090876
49277 247101939
49281 247117850
49355 247502940
49359 247520235
49361 247531745
49375 247607763
49377 247613629
49379 247617904
49389 247670553
50328 252392585
50331 252403521
50333 252409392
50334 252413361
50336 252424928
50349 252487828
50354 252509271
50355 252511504
50356 252512645
50361 252532416
50372 252571533
50376 252592463
50380 252605948
50384 252622475
50385 252624233
50389 252635880
50477 253126684
50485 253165915
50489 253198666
50492 253209948
50498 253223547
50507 253275033
50511 253281811
50513 253285803
50519 253303261
50520 253308711
50522 253317822
50523 253320731
51332 257297514
51342 257343145
51365 257452340
51371 257466069
51375 257471660
51379 257481450
51382 257487081
51385 257508218
52080 260888459
52081 260889083
52084 260901750
52092 260919407
52100 260959665
52101 260966434
52104 260978551
52107 260988357
52110 260990841
52112 260992013
52115 261004389
52118 261013214
52120 261021124
52126 261046331
52159 261197238
52188 261356913
52190 261369232
53712 269245331
54657 274095105
54662 274126041
54664 274131187
54799 274755186
54804 274763453
54809 274781937
54810 274789343
54813 274807591
54817 274821597
54819 274827720
54822 274836149
54831 274897127
54872 275080070
54923 275347223
54933 275401246
54936 275406757
54957 275537975
55129 276438959
55132 276440169
55134 276454867
55147 276495842
55151 276507799
55155 276525206
55157 276543175
55159 276549646
55162 276558536
55167 276582284
55168 276588671
55173 276598230
55201 276745501
55223 276839296
55226 276842709
55234 276865462
55250 276924163
55255 276934361
55256 276935453
55278 277080865
55290 277142691
55331 277308464
55334 277324232
55344 277366217
55345 277367859
55349 277389323
55353 277402833
55358 277427521
55360 277429935
55362 277432710
55364 277441117
55365 277451301
55374 277483205
55377 277492437
55405 277637236
55406 277647430
55407 277662885
55427 277736981
55432 277763467
55435 277771772
55436 277776478
55440 277802486
55500 278124641
55625 278714671
55634 278762084
55635 278766749
58260 292134266
58263 292137146
58269 292185000
58271 292190632
58281 292234615
58572 293636064
58575 293638664
58576 293642330
58998 295772154
59000 295780291
59004 295798506
59020 295875742
59023 295886097
59024 295887714
59085 296201536
59092 296230482
59123 296394366
60143 301336897
60145 301355349
60152 301376975
60153 301381034
60161 301434128
60163 301444971
60165 301448392
60167 301454531
60489 303031416
60491 303035940
60493 303042561
60498 303082280
60503 303104487
60506 303121981
60512 303145848
60516 303159918
60607 303557198
60614 303587796
60618 303599380
60619 303603565
60621 303622998
60623 303631093
60641 303717935
60644 303725990
60648 303745248
60657 303783743
60660 303788917
60663 303796034
60668 303844472
60672 303864369
60673 303869004
60676 303883511
60681 303893543
60755 304247330
60757 304273677
60877 304838316
60878 304845726
60882 304860177
60883 304863865
60887 304884135
60888 304886972
60893 304900993
60920 305035923
60922 305048223
61351 307183588
61358 307206760
61361 307216650
61364 307225003
61420 307438690
61423 307447522
61429 307472962
61448 307596403
61450 307608972
61480 307731239
61484 307755360
61508 307886871
61511 307890522
61515 307904499
61522 307933604
61523 307944463
61524 307948986
61833 309518889
61838 309534275
61845 309551076
61846 309554433
61848 309561446
63172 316233506
63173 316242543
63175 316248847
63234 316515873
63236 316522748
63242 316538280
63244 316540208
63274 316692177
63278 316704817
63409 317311126
63413 317312632
63419 317353485
63423 317373441
63428 317385555
63430 317414388
63433 317420880
63434 317424391
63439 317450388
63485 317657326
63524 317856626
63563 317966427
63605 318148726
63608 318159975
63609 318162816
63611 318169939
63614 318183089
63619 318206608
63626 318243187
63628 318246647
63630 318275398
63634 318285873
63673 318501948
63679 318534731
63681 318543007
63683 318552896
63687 318569065
63690 318578554
63702 318620935
63713 318682057
63716 318694408
63717 318695333
63719 318698833
63721 318712483
65035 325436774
65121 325831647
65123 325837837
65126 325857373
65128 325873299
65130 325890585
65139 325916221
65142 325931635
65144 325933704
65165 326039798
65337 326910020
65338 326916189
65342 326936056
66180 331016054
66183 331041007
66679 333427860
66682 333439399
66684 333446429
66702 333556209
66950 334827909
66952 334829691
66955 334844951
66960 334857976
66962 334877257
66968 334912928
67061 335355469
67079 335456703
67080 335461712
67082 335462098
67097 335556003
67099 335559684
67102 335566080
67103 335568712
67106 335574730
67120 335634343
67122 335638422
67124 335644107
67147 335727846
67150 335738470
67152 335742433
67153 335748248
67155 335755827
67158 335756369
67171 335822433
67175 335826613
67190 335892815
67193 335900920
67198 335914348
67201 335919989
67226 336085176
67227 336086941
67232 336116335
67233 336133169
67261 336245650
67267 336280438
67269 336283326
67289 336393079
67301 336458308
67324 336553084
67357 336714727
67361 336733731
67370 336765700
67371 336770987
67383 336829231
67386 336847775
67389 336853023
67401 336890818
67403 336900245
67404 336910402
67410 336937770
67747 338610605
68003 339865119
68044 340072150
68046 340075644
68050 340124910
68060 340180851
68575 342649057
68578 342664529
68581 342668451
68584 342676091
69008 344850749
69009 344855134
69012 344872611
69014 344883354
69016 344887896
69169 345605203
69171 345606081
69172 345609937
69173 345616709
69177 345634875
69187 345714338
70223 350812560
70225 350823822
70229 350832162
70231 350840268
70234 350863529
70236 350869288
70240 350883592
70242 350888696
70245 350891159
70274 351027213
70589 352663099
70591 352667574
70593 352668149
70597 352683762
70601 352700923
70654 352937114
70754 353423131
70773 353520753
70774 353523093
71237 355950094
71240 355955893
71242 355980587
71245 355999342
71248 356011061
71250 356012999
71253 356044447
71257 356055915
71263 356078204
71264 356081538
71267 356086925
71273 356121233
71313 356329137
71463 357059052
71468 357064726
71469 357070785
71474 357100325
71484 357143257
71516 357299860
72346 361403900
72351 361410485
72354 361421881
72356 361427330
72374 361510733
72818 363596599
72820 363601024
72822 363607620
72827 363614860
72849 363708661
72854 363768256
72984 364390025
72986 364390871
73060 364731119
73063 364744924
73065 364748250
73069 364766428
73070 364769614
73072 364771223
73078 364816993
73232 365562848
73247 365618116
73260 365674466
73271 365734585
73276 365757153
73277 365760529
73286 365806936
73294 365864363
73302 365903829
73303 365905126
73305 365910623
73306 365912248
73320 365982176
73335 366055989
73337 366066311
73339 366071382
73342 366087882
73348 366100574
73365 366178905
73366 366184913
73368 366186547
73378 366225272
73389 366297620
73390 366300160
73392 366302362
73395 366317284
73401 366327234
73408 366363790
73409 366372159
73410 366384769
73411 366392261
73414 366396214
73421 366429715
73423 366448147
73436 366535089
73452 366609980
73555 367117496
73557 367118375
73559 367123429
73573 367205387
73577 367225740
73579 367230048
73582 367234747
73583 367237144
73584 367239377
73608 367341833
73617 367385146
73622 367404208
73626 367422737
73634 367454150
74283 370803076
74297 370858531
74410 371328218
74416 371356292
74418 371363598
74425 371417953
74428 371441785
74438 371476340
74439 371481354
74474 371649434
74475 371652422
74476 371655822
74477 371666309
74488 371689669
74491 371698573
74493 371701006
74496 371728121
74500 371739627
74501 371743952
74502 371751469
74503 371761234
74505 371762556
74509 371786799
74526 371876436
74529 371885263
74536 371906091
74538 371916924
74542 371934150
74543 371946855
76041 379509221
76043 379512390
76098 379776292
76101 379786353
76107 379809982
76108 379812208
76110 379822742
76111 379829442
76117 379854523
76120 379858574
76122 379863689
76125 379877420
76131 379902014
76135 379917847
76141 379935916
76144 379946580
76160 380048558
76215 380328176
76217 380329629
76283 380618146
76284 380622043
76285 380629769
76288 380638994
76294 380671054
76301 380725654
76313 380794234
76321 380832347
76324 380840129
76326 380853548
76330 380860230
76342 380937141
76345 380962126
76463 381546532
76465 381554923
76472 381576141
76473 381587439
76475 381595020
76478 381610186
76489 381649751
76490 381650440
76501 381702219
76505 381716265
76508 381721890
76527 381828142
76529 381829439
76530 381832042
76532 381836929
76539 381866579
76553 381952399
79934 399388491
79936 399390691
79939 399407320
79981 399610968
79982 399611329
79989 399641677
79991 399647002
79992 399652540
79995 399658734
79997 399673031
80001 399700507
80003 399711884
80019 399782580
80021 399784518
80022 399788574
80025 399804673
80030 399817844
80031 399828698
80036 399846468
80037 399851071
80039 399860154
80041 399864959
80046 399895719
80054 399919037
80056 399930009
80057 399939237
80058 399940378
80066 399993335
80067 400005677
80068 400009601
80072 400021430
80075 400028343
80076 400037787
80079 400060079
81198 405765256
81219 405873272
81222 405877672
81224 405883012
81225 405887330
81233 405918215
81247 406005509
81251 406018181
81256 406050811
81261 406055457
81263 406058543
81265 406075410
81271 406102437
81273 406124042
81275 406143849
81286 406222086
81293 406266587
81296 406273990
81299 406280081
81301 406281641
81303 406294634
81304 406297689
81309 406321541
81311 406329038
81338 406461395
81339 406474209
81340 406482801
81343 406498746
81345 406500840
81350 406528777
81353 406534401
81357 406559732
81369 406618660
81371 406639580
81373 406643320
81375 406652233
81377 406666501
81379 406686791
81381 406688744
81383 406695131
81388 406729801
81395 406760715
81404 406791012
81406 406798338
81411 406809416
81429 406915137
81432 406932464
81439 406961497
81442 406971180
81450 406995391
81452 407003091
81455 407019627
81461 407034329
81467 407043844
81468 407048105
81474 407063547
81488 407130176
81491 407137586
81493 407141255
81495 407146664
81506 407228854
81516 407291382
81525 407374557
81531 407392129
81539 407415728
81541 407428846
81542 407432857
81545 407467388
81551 407485430
81553 407508885
81556 407526911
81567 407621035
81568 407627859
81575 407649629
81578 407656403
81579 407659061
81580 407666160
81584 407677571
81591 407704502
81598 407744117
81605 407774768
81607 407783145
81609 407811251
81612 407828821
81613 407830790
81617 407840281
81618 407842013
81619 407843710
81623 407865721
81624 407873136
81628 407895002
81631 407898578
81634 407905946
81638 407914100
81639 407925899
81641 407940938
81642 407943069
81644 407945253
81646 407954384
81654 407998934
81657 408031850
81659 408039180
81665 408052431
81667 408066313
81675 408098639
81679 408112391
81682 408125173
81684 408137208
81689 408170804
81698 408214100
81699 408215553
81701 408230594
81708 408264313
81716 408298501
81717 408304839
81722 408318883
81724 408319611
81728 408363128
81733 408384657
81737 408399644
81739 408430206
81740 408437291
81741 408442825
81756 408518793
81758 408522108
81772 408613962
81777 408641077
81783 408694200
81862 409193853
81871 409265287
81877 409297640
81882 409324683
81884 409330042
81890 409349151
81896 409370482
81898 409384459
81901 409400075
81903 409407272
81907 409421676
81910 409445208
81913 409455170
81916 409461956
81918 409469535
81919 409472097
81927 409501819
81929 409507991
81932 409517396
81934 409524512
81939 409552802
81940 409565822
81943 409578858
81944 409582200
81947 409588597
81955 409612570
81958 409646110
81960 409670139
81965 409707348
81968 409721070
81985 409787710
81986 409791916
81992 409842033
81994 409846038
81996 409865647
82000 409874309
82007 409908582
82014 409943516
82015 409957434
82017 409965400
82021 409979684
82029 410027619
82032 410034677
82034 410042742
82037 410052693
82040 410083233
82041 410095290
82045 410114983
82048 410136008
82049 410145718
82052 410156794
82055 410177829
82057 410186791
82066 410214785
82069 410223994
82072 410244959
82075 410254134
82076 410268769
82091 410359228
82093 410363323
82099 410401325
82110 410430930
82113 410453388
82121 410484334
82123 410495195
82125 410497289
82137 410560597
82140 410576124
82142 410582894
82158 410664511
82159 410667524
82164 410694938
82166 410706378
82177 410762192
82179 410777595
82183 410798292
82187 410821395
82188 410830385
82202 410938710
82204 410948443
82206 410956885
82210 411001509
82213 411018472
82259 411218079
82261 411223999
82266 411252897
82276 411298060
82277 411301968
82292 411399358
82296 411413228
82301 411429347
82304 411435512
82309 411469413
82311 411478110
82314 411485433
82322 411511657
82328 411548518
82334 411569654
82342 411598870
82343 411604506
82348 411646168
82355 411693572
82357 411705952
82361 411757812
82363 411766124
82364 411766904
82366 411775691
82369 411785981
82371 411800627
82372 411804215
82373 411805537
82375 411806990
82379 411828554
82383 411836077
82392 411896599
82393 411901886
82395 411907576
82396 411910121
82401 411941255
82406 411958090
82407 411968234
82409 411985712
82412 411992312
82423 412034822
82426 412053463
82428 412059928
82429 412064006
82433 412083184
82436 412092205
82444 412154470
82448 412172955
82451 412184422
82453 412192030
82454 412193795
82461 412233294
82464 412295503
82470 412340829
82471 412351547
82477 412368741
82485 412418576
82487 412430831
82489 412435293
82494 412455839
82496 412469761
82498 412473413
82502 412487484
82503 412495765
82509 412521773
82510 412522742
82514 412537913
82519 412548326
82523 412580167
82524 412583915
82525 412591787
82526 412592953
82531 412607726
82538 412667443
82542 412678603
82545 412715293
82553 412766137
82554 412770423
82556 412779460
82557 412790424
82563 412809946
82565 412814236
82567 412824126
82571 412842566
82574 412845727
82575 412855230
82586 412915196
82591 412940918
82609 413045092
82611 413046110
82619 413072180
82631 413137554
82633 413149875
82647 413220940
82649 413237908
82655 413280625
82661 413289127
82671 413359254
82673 413365950
82674 413371312
82681 413392162
82682 413396891
82684 413405616
82685 413409427
82688 413423676
82690 413429401
82691 413438282
82695 413459561
82703 413483537
82711 413546159
82716 413564723
82720 413580980
82721 413581185
82723 413593844
82736 413690843
82767 413876121
82776 413925593
82784 413953622
82788 413970756
82791 413987555
82792 413996033
82794 414006102
82800 414020669
82802 414036934
82806 414056634
82812 414089535
82814 414095336
82823 414182904
82826 414192901
82834 414218784
82838 414237171
82840 414246563
82843 414252771
82847 414257644
82849 414276183
82854 414299910
82860 414328309
82862 414331958
82865 414337972
82868 414344909
82873 414373643
82885 414410865
82893 414436379
82895 414438409
82903 414472347
82905 414478260
82911 414505016
82912 414506781
82914 414522532
82915 414527185
82917 414528636
82921 414544335
82926 414554310
82928 414563124
82930 414565844
82932 414567010
82939 414603600
82943 414611206
82944 414612995
82948 414625911
82949 414628987
82951 414639627
82954 414657681
82956 414668757
82959 414682040
82966 414702875
82975 414729855
82978 414740523
82983 414762995
82985 414766127
82988 414783058
82990 414793099
82993 414805473
82995 414811522
82997 414817436
82999 414819887
83003 414838504
83004 414848536
83007 414865922
83015 414910456
83017 414915156
83019 414920419
83032 414979562
83037 414999234
83039 415014286
83042 415025586
83046 415034064
83048 415054778
83051 415062637
83054 415079195
83057 415092114
83058 415094307
83059 415105134
83061 415110970
83063 415113631
83066 415124306
83069 415148418
83071 415161890
83072 415173663
83075 415178817
83078 415192877
83085 415230767
83089 415270508
83092 415305867
83105 415379281
83122 415502305
83125 415507172
83126 415509387
83127 415510684
83129 415516373
83133 415529374
83139 415544071
83141 415565478
83149 415594727
83152 415603986
83156 415618346
83158 415621554
83160 415634351
83162 415641896
83170 415736189
83174 415762990
83175 415770112
83177 415772229
83181 415786259
83186 415820962
83187 415823212
83190 415841719
83192 415858524
83204 415916110
83208 415920828
83209 415944321
83211 415954711
83214 415970462
83216 415976046
83218 415979233
83219 415993503
83223 416016358
83227 416032785
83228 416034542
83229 416039165
83235 416054762
83237 416056486
83249 416107931
83252 416123053
83255 416138136
83262 416177064
83264 416198638
83267 416205769
83270 416221861
83272 416224765
83274 416232959
83277 416252862
83281 416264608
83282 416267785
83285 416276092
83288 416305036
83291 416307853
83293 416308477
83299 416337513
83301 416349841
83305 416363163
83306 416365897
83308 416374278
83314 416405807
83325 416489870
83326 416506998
83328 416509076
83333 416541724
83335 416544014
83336 416561530
83339 416567941
83353 416646744
83358 416658411
83359 416680496
83360 416690631
83365 416702659
83373 416726435
83375 416733364
83377 416747354
83380 416756161
83382 416763960
83386 416792244
83390 416804181
83393 416826248
83402 416857250
83403 416858682
83407 416890350
83413 416911904
83417 416929278
83419 416933912
83420 416949536
83422 416961023
83427 416978873
83429 416996980
83433 417012090
83434 417014556
83435 417019940
83439 417043223
83443 417050852
83445 417055707
83455 417112618
83460 417144127
83461 417146253
83464 417156555
83469 417192080
83471 417196033
83473 417202941
83476 417225232
83479 417250078
83483 417263041
83485 417265408
83488 417278128
83491 417287344
83492 417294236
83493 417297143
83498 417315067
83500 417334453
83505 417356626
83507 417372682
83510 417376363
83516 417389206
83520 417403380
83521 417407578
83524 417416679
83527 417424789
83529 417435983
83534 417470512
83538 417483988
83539 417488432
83554 417557318
83556 417560499
83559 417593116
83569 417619803
83570 417638837
83572 417646795
83573 417647156
83574 417659472
83579 417690135
83583 417725988
83586 417726300
83589 417740206
83598 417789251
83603 417802683
83606 417808873
83610 417816890
83613 417821631
83618 417858886
83622 417863629
83629 417910011
83635 417943269
83636 417946750
83648 418003798
83652 418021386
83656 418033124
83663 418090534
83667 418092527
83674 418119470
83679 418141266
83684 418175809
83686 418184885
83691 418203953
83692 418205956
83701 418272697
83705 418291577
83707 418304743
83710 418316155
83714 418323802
83716 418340746
83717 418345582
83724 418364310
83726 418371731
83733 418402254
83736 418425860
83740 418462164
83744 418470456
83749 418506368
83755 418520268
83760 418565204
83767 418584460
83771 418617649
83773 418627023
83775 418634870
83779 418644939
83780 418652002
83781 418654511
83784 418671293
83785 418681992
83786 418696673
83790 418719557
83812 418815382
83815 418823969
83817 418835660
83826 418888754
83829 418898526
83832 418914153
83840 418953231
83843 418970520
83848 419015974
83902 419327730
83916 419414717
83917 419422198
83924 419450998
83926 419455118
83930 419495228
83932 419498972
83934 419513015
83935 419514936
83939 419538931
83943 419563104
83944 419570016
83948 419578279
83954 419613179
83956 419617835
83957 419620772
83966 419672604
83970 419693453
83973 419702993
83976 419715372
83979 419733342
83984 419761412
83988 419777794
83993 419789753
84017 419928962
84019 419931881
84022 419959809
84026 419979284
84030 419982792
84036 420001576
84037 420004554
84040 420014947
84042 420027352
84057 420100779
84059 420115023
84066 420158674
84076 420206774
84081 420222840
84083 420245712
84084 420251311
84087 420263908
84089 420272564
84092 420286405
84096 420292707
84102 420325942
84105 420348984
84109 420372260
84114 420430566
84119 420445921
84129 420487060
84136 420528087
84141 420554473
84145 420578563
84147 420589698
84149 420601552
84153 420612944
84164 420642074
84168 420646871
84171 420652110
84174 420655481
84177 420662674
84180 420672100
84184 420677930
84186 420691097
84192 420735037
84193 420756138
84197 420785708
84199 420788922
84200 420796507
84202 420808653
84204 420816270
84209 420840148
84212 420847346
84214 420857438
84217 420859704
84218 420861009
84221 420885666
84231 420926697
84239 420972026
84245 421002524
84250 421029167
84260 421087285
84264 421099910
84268 421129095
84271 421149651
84272 421150480
84274 421159799
84307 421349127
84309 421354791
84310 421360104
84315 421377496
84320 421391551
84323 421417235
84332 421461728
84333 421466317
84337 421468173
84338 421471223
84339 421472210
84349 421519253
84351 421524647
84354 421534423
84356 421547130
84358 421553782
84359 421565124
84362 421592623
84367 421620608
84371 421626021
84373 421640799
84377 421651135
84383 421667436
84389 421686144
84393 421704674
84398 421745955
84401 421755717
84406 421807240
84408 421822133
84413 421847748
84416 421900600
84418 421904442
84436 422005995
84437 422008919
84446 422058069
84450 422080007
84452 422096605
84453 422098789
84455 422100503
84460 422128508
84463 422160512
84464 422161341
84469 422182500
84474 422205796
84476 422210482
84480 422218145
84482 422234584
84483 422241925
84500 422341979
84506 422372937
84507 422374397
84509 422385487
84510 422390457
84511 422397516
84519 422426990
84526 422459268
84528 422466980
84531 422478409
84532 422484417
84535 422499283
84539 422508403
84545 422544558
84548 422567513
84554 422602885
84555 422604026
84557 422610972
84562 422617506
84564 422623575
84566 422646845
84567 422651734
84569 422660719
84571 422665682
84586 422730313
84597 422791329
84600 422804460
84604 422844810
84605 422847826
84627 422963999
84628 422967345
84630 422981838
84632 422990801
84643 423067284
84658 423164455
84661 423182671
84667 423202005
84669 423215431
84673 423224684
84676 423231605
84678 423233802
84680 423244460
84697 423319207
84699 423322093
84706 423379689
84713 423417426
84714 423425412
84717 423440579
84719 423451076
84722 423468696
84723 423477213
84724 423482390
84730 423499889
84746 423579860
84752 423599881
84754 423602446
84761 423640654
84769 423680565
84777 423738041
84788 423791125
84790 423795866
84793 423810130
84794 423811452
84801 423841492
84803 423845401
84809 423882984
84813 423902608
84815 423909814
84817 423920377
84819 423921885
84820 423932145
84824 423954328
84834 424010216
84836 424024727
84853 424118435
84856 424138605
84861 424158908
84865 424188417
84870 424198125
84882 424254662
84895 424334463
84898 424339687
84901 424352062
84908 424389333
84911 424413699
84917 424436460
84921 424454629
84922 424461647
84925 424467140
84927 424483375
84940 424588359
84957 424657628
84960 424665873
84966 424702396
84967 424713149
84983 424787029
84984 424794548
84997 424841591
84999 424843061
85000 424849328
85011 424954067
85016 424972212
85018 424978817
85019 424981674
85021 424990159
85026 425016740
85031 425039624
85036 425060187
85038 425062346
85041 425070562
85043 425074920
85047 425097281
85048 425105315
85050 425110247
85055 425126300
85056 425140867
85058 425144595
85060 425145063
85063 425148670
85064 425158871
85070 425172665
85072 425176695
85084 425236588
85089 425261302
85094 425285146
85096 425285844
85099 425291835
85102 425309334
85124 425400063
85126 425414261
85131 425434265
85135 425455378
85137 425466816
85140 425488184
85143 425492563
85144 425496332
85150 425506338
85152 425513497
85155 425525366
85158 425536008
85161 425543010
85162 425547957
85166 425572196
85170 425582734
85177 425645469
85183 425694009
85190 425745293
85191 425747009
85194 425760743
85196 425771904
85203 425795795
85211 425814724
85218 425839330
85221 425856511
85223 425864406
85226 425884402
85228 425893073
85231 425912240
85234 425928225
85235 425931099
85237 425931977
85242 425969743
85250 426009679
85251 426014004
85254 426021901
85259 426048901
85267 426080514
85273 426113605
85275 426130324
85276 426137975
85281 426161318
85284 426186500
85286 426193645
85287 426206784
85291 426222578
85298 426277036
85299 426281098
85301 426285458
85306 426296216
85310 426320271
85311 426331240
85313 426347759
85314 426351406
85329 426433683
85331 426443638
85333 426465593
85335 426477038
85340 426497244
85342 426511283
85343 426514961
85354 426597088
85356 426609193
85358 426617478
85362 426628619
85365 426631682
85368 426642614
85373 426664259
85374 426666788
85376 426669150
85378 426671951
85380 426672797
85389 426708497
85390 426714620
85391 426716229
85392 426722071
85394 426726381
85399 426789182
85414 426896469
85418 426922246
85420 426924192
85421 426928014
85436 427004820
85437 427019831
85439 427030015
85447 427057896
85455 427082135
85457 427090484
85460 427099448
85469 427140262
85470 427144017
85483 427256140
85487 427272507
85490 427293508
85495 427318132
85496 427327175
85507 427365451
85523 427483116
85527 427521697
85528 427525043
85531 427538929
85532 427545033
85542 427614460
85547 427631916
85549 427638331
85550 427653420
85555 427669855
85560 427698229
85566 427713456
85567 427717940
85575 427737019
85577 427749628
85585 427768269
85589 427803320
85595 427853496
85600 427881042
85602 427890023
85605 427902455
85607 427907953
85613 427933680
85617 427946056
85620 427978374
85622 427987565
85631 428035040
85635 428043631
85665 428203005
85667 428206998
85673 428267854
85676 428286980
85678 428292673
85680 428310058
85683 428327899
85687 428361318
85688 428368205
85715 428563671
85720 428590971
85722 428600640
85723 428606257
85727 428616625
85735 428643778
85740 428683448
85743 428695982
85746 428706704
85753 428754560
85761 428796541
85762 428801995
85765 428810004
85772 428854571
85775 428867159
85776 428875047
85778 428879545
85791 428969474
85802 429015174
85804 429025090
85807 429030610
85817 429081872
85833 429172369
85838 429201988
85841 429221386
85847 429238937
85850 429270041
85860 429329438
85863 429358313
85867 429367257
85871 429376924
85876 429390980
85878 429395696
85880 429403081
85883 429414750
85887 429459594
85889 429462206
85891 429482298
85893 429501953
85902 429558405
85926 429734151
85932 429769557
85933 429777517
85935 429792181
85941 429837748
85943 429850100
85945 429852326
85966 429974137
85988 430096872
86004 430144220
86007 430154512
86008 430164581
86022 430244715
86027 430283339
86028 430290734
86034 430305555
86037 430311984
86046 430362398
86048 430369628
86049 430373996
86051 430375178
86061 430441309
86062 430442474
86068 430471741
86071 430476508
86075 430495376
86131 430827188
86148 430892767
86152 430919817
86165 430995474
86166 431001078
86188 431143338
86195 431180474
86254 431462615
86256 431485107
86264 431520128
86278 431593977
86281 431618201
86283 431620123
86293 431659354
86297 431676065
86305 431704731
86325 431826227
86328 431834222
86329 431836488
86331 431840246
86334 431857696
86337 431864792
86339 431873314
86342 431881374
86347 431908581
86349 431920240
86352 431937633
86357 431952411
86361 431963744
86362 431971009
86364 431971895
86370 432024873
86372 432036156
86377 432049941
86424 432313631
86433 432349031
86444 432410651
86451 432429477
86453 432429863
86475 432518731
86476 432521120
3897 19834479
3899 19837804
3902 19845065
3905 19848136
3906 19851525
3907 19862868
3910 19872640
3912 19876947
3915 19885222
3920 19894597
3922 19900246
3926 19923943
3932 19934809
3936 19962508
3953 20040136
3955 20055984
3958 20068574
3975 20134830
3976 20138754
3999 20259751
4063 20550146
4064 20553244
4066 20559940
4067 20562649
4073 20599085
4078 20604390
4087 20660855
4090 20663245
4097 20678155
6114 30738217
6121 30782610
6129 30831374
6130 30839506
6175 31079032
6420 32240632
6423 32247512
6432 32322253
7241 36405636
7248 36443462
7249 36445621
7255 36459155
7256 36481706
7260 36491792
7262 36503199
7744 38834762
7763 38925015
7767 38938107
7777 38967534
9494 47501582
9607 48051378
10445 52097646
10449 52102334
10458 52130140
10467 52158867
10475 52191348
10476 52205419
10496 52313585
10501 52337719
10506 52351674
10507 52352878
10513 52372448
10517 52382400
10520 52386040
10521 52395169
10523 52409915
10547 52544335
10552 52575487
10577 52696902
10616 52873495
10618 52877454
10620 52888138
10632 52958216
10644 53025748
10646 53029958
10657 53064266
10662 53093255
10666 53103094
10744 53500033
10751 53534173
10753 53543677
10757 53551469
10760 53560527
10765 53585330
10771 53604921
10781 53651056
10784 53659458
10785 53664231
11571 57596424
11593 57686941
11599 57707781
11627 57837790
11631 57850165
11634 57866735
11636 57878012
11638 57883057
11639 57891706
11643 57919975
11645 57933174
11672 58069681
11681 58123858
11691 58176337
11694 58190035
11697 58202188
11702 58214933
11705 58226202
11709 58244160
11712 58249506
11716 58268382
11718 58272068
11987 59724671
11991 59732602
11993 59733144
11998 59739218
12000 59741821
12015 59849246
12017 59857842
12018 59863301
12020 59868309
12024 59890415
12058 60044418
12059 60061995
12062 60074852
12087 60185304
12091 60205283
12095 60214719
12098 60227933
12099 60234920
12114 60285744
12123 60332920
12124 60335309
12126 60345047
12147 60436989
12149 60461709
12154 60484642
12187 60640458
12191 60650909
12213 60782908
12216 60793868
12218 60798241
12222 60806560
12224 60815974
12226 60820846
12231 60862107
12234 60872588
12248 60940715
12249 60945965
12254 60974598
12255 60975329
12258 60975838
12262 61007740
12268 61050193
12277 61085744
12279 61096185
12280 61097310
12283 61103601
12301 61163517
12304 61174130
12307 61188433
12309 61192584
14682 73286009
14730 73516870
14731 73523072
14739 73558001
14745 73589934
14748 73598888
14750 73605206
14754 73620788
14759 73630281
14761 73631734
14762 73637325
14764 73643025
14766 73651405
14767 73663458
17759 88818838
17760 88821674
17765 88843253
17788 88925869
17808 89009494
17818 89055228
17819 89055696
17820 89063865
17822 89069416
17834 89138468
17840 89167399
17930 89647464
17933 89654808
17939 89687359
17953 89762120
17961 89801629
18032 90117320
22031 110518961
22037 110563474
22038 110571408
24095 120773900
24102 120805684
24103 120810135
24106 120817784
24111 120840697
24118 120895320
24975 125075762
24977 125081046
24978 125081563
24981 125086587
24982 125091004
24986 125126221
25849 129398870
25853 129404683
25889 129535375
25970 130011048
25977 130042015
25979 130051796
25982 130066922
25985 130072886
25986 130077771
25990 130080501
25991 130084406
26011 130155410
26014 130165856
26015 130181171
26023 130218986
26043 130293955
26053 130331467
26055 130341496
26058 130343975
26060 130349570
26084 130481779
26086 130487044
26089 130496248
26093 130522140
26101 130543997
26103 130550015
26107 130566658
26112 130589728
26113 130593872
26134 130712148
26135 130712822
26138 130726411
26139 130727248
26231 131223256
26236 131250529
26238 131255653
26280 131471552
26281 131475252
26284 131484257
26291 131525062
26293 131538735
26298 131552996
26307 131602598
26308 131612812
26309 131616917
27874 139484280
29438 147063769
29439 147070201
29460 147178883
29464 147191323
29467 147200199
29471 147207581
29502 147354282
30426 152019425
30428 152033511
30438 152077751
30440 152078958
30442 152083074
30445 152088016
30458 152154374
30467 152191265
30481 152243192
30487 152265472
30500 152317103
30501 152323333
30502 152324445
30509 152356361
30515 152380643
30517 152400380
30519 152403238
30522 152424324
30526 152435626
30529 152442349
30532 152454108
30542 152489315
30543 152490825
30545 152492739
30548 152511310
30549 152520070
30555 152563443
30558 152573159
30559 152580454
30560 152582063
30564 152594452
30566 152599018
30579 152692480
30580 152708276
30585 152722751
30586 152734962
30599 152800485
30620 152898283
30625 152914701
30627 152930597
30634 152947751
30658 153080496
30662 153084097
30665 153102855
30668 153120178
30674 153141947
30675 153143975
30677 153150039
30678 153155755
30686 153211413
30695 153265783
30697 153271290
30699 153277749
30736 153453290
30738 153459473
30739 153467676
30747 153495136
30749 153507746
30762 153563305
30768 153574156
30769 153578957
30770 153582559
30895 154199661
30898 154205781
30905 154255709
30908 154268618
30911 154275665
30942 154396835
30947 154418213
31127 155273606
31168 155472450
32984 164555964
32985 164558420
32987 164571096
33694 167896622
33699 167914356
33736 168080604
33740 168084622
33741 168093704
33743 168096098
33747 168115106
33749 168130999
33752 168142115
33755 168150922
33759 168163350
33760 168168839
33763 168190110
33765 168191200
33768 168226959
33770 168231958
33779 168277395
33781 168295404
33801 168397709
33803 168398243
33807 168410126
33809 168420343
33811 168425343
33812 168430052
33813 168430257
33817 168443157
33819 168446006
33824 168471697
33827 168497060
33840 168554586
33849 168579424
33853 168583812
33961 169140953
33962 169148243
33965 169160288
33967 169162258
33971 169168882
33987 169251192
33993 169289008
34574 172189317
34603 172331163
34617 172399753
34623 172441650
34687 172722534
34695 172748870
34700 172776185
34701 172779253
34705 172800473
34707 172803106
34738 172932837
34747 172962673
34755 172991838
34777 173096268
34785 173136327
34787 173141298
34788 173147278
34789 173151583
34813 173300766
34816 173329418
34822 173361651
34848 173481091
34850 173483065
34857 173502090
34859 173503828
34861 173508500
34862 173514370
34869 173544838
34873 173561785
34874 173563550
34894 173668143
34898 173695486
34901 173699774
34908 173758679
34909 173761553
34913 173785740
34915 173787382
34921 173814884
34927 173838841
34929 173843064
34930 173845253
34988 174130994
34989 174133303
34990 174143090
35000 174188309
35002 174191902
35005 174198399
35007 174205969
35011 174219350
35016 174250564
35017 174257468
35023 174290442
35027 174308558
35037 174364843
35039 174371919
35041 174379956
35043 174388322
35054 174428572
35093 174652791
35094 174656315
35097 174669270
35099 174670452
35102 174693994
35111 174739260
35874 178616812
36991 184079013
36996 184097159
36999 184101726
37005 184118132
37039 184315137
37043 184317896
37045 184326066
37051 184355901
37062 184379971
38705 192672393
38785 193016391
38787 193022543
38836 193241251
38844 193272782
38846 193291526
38847 193297593
38853 193340752
38854 193344077
38859 193393950
38871 193426610
38874 193428541
38875 193430098
38876 193444938
38883 193473773
38885 193485253
38888 193490422
38889 193493255
38957 193837282
38960 193859032
38961 193867723
39007 194076303
39010 194084920
39012 194085954
39023 194134750
39031 194166856
39032 194175650
42264 210585135
42266 210589043
42282 210662001
42291 210705008
42292 210708489
42293 210711346
42302 210735365
42326 210848428
42327 210851638
42331 210870748
42333 210872406
42336 210884600
42340 210886629
42343 210897205
42345 210902488
42347 210920223
42348 210925325
42350 210948308
42355 210953552
42356 210963396
42363 211014876
42366 211015643
42367 211024110
42368 211028324
42376 211071006
42380 211108866
42382 211115648
42387 211124000
42392 211146447
42394 211159922
42396 211164800
42397 211171192
42399 211179282
42401 211199212
42408 211216484
42410 211236517
42412 211248573
42416 211258284
42420 211282865
42423 211291463
42426 211292645
42429 211304274
42515 211790583
42558 211973908
42559 211975817
42562 211997699
42568 212027591
42569 212036372
43296 215653559
43297 215656276
43304 215675743
43308 215696300
43313 215732695
43317 215750541
43365 215965824
43366 215968956
43368 215978213
43370 215981444
43373 216004850
43376 216008533
43378 216016882
43383 216032826
43386 216042530
43387 216048832
43391 216069612
43397 216088984
43407 216140995
43410 216167562
43412 216178491
43414 216195657
43448 216376616
43510 216678146
43689 217572509
43690 217575062
43693 217583344
45684 227702100
45704 227784810
45707 227808763
45716 227830977
45732 227913007
45734 227922642
45737 227932959
45743 227950370
45744 227963457
45775 228067696
45781 228085170
45796 228156446
45799 228160120
45803 228178614
45804 228181003
45805 228187559
45807 228188993
45820 228263809
45822 228276779
45828 228312954
45833 228332857
45840 228366821
45842 228378495
45848 228417307
45851 228426467
45905 228662793
46586 232167477
47883 239097417
47888 239113463
47945 239380450
47947 239395147
47948 239400569
47951 239406256
47957 239433493
47961 239450342
47966 239470226
47970 239472164
48463 242061539
48465 242078804
48468 242096037
48470 242099111
48670 243155124
48672 243158621
48673 243160808
48677 243173800
48684 243219036
48690 243228404
48691 243232746
48699 243267013
48717 243360490
48725 243394416
48729 243404867
48730 243405942
48731 243410415
48732 243415814
48733 243419880
48736 243430551
48741 243449758
48742 243453588
48743 243456601
48745 243459195
48747 243473317
48756 243513711
48761 243534745
48768 243573737
48776 243605441
48787 243654775
48794 243680241
48795 243680758
48797 243711435
48801 243733421
48843 243951342
48844 243955469
48852 244010097
48856 244024644
48859 244035563
48863 244053269
48871 244108202
48877 244134159
48878 244139666
48881 244140160
48886 244175109
48888 244188016
49036 244905456
49263 246060382
49267 246066514
49276 246115207
51421 257088371
51423 257097760
51488 257430817
51495 257447538
51508 257496504
51519 257560591
51526 257578546
51528 257589748
52740 263458176
52748 263507073
52749 263513010
52801 263745868
52802 263749308
52813 263827145
52823 263869271
52830 263908433
52834 263921460
52842 263962601
52843 263965204
52848 263977662
52859 264015895
52862 264031182
52865 264040049
53001 264679499
53024 264819374
53027 264823525
53029 264824527
53033 264828969
53062 264989219
53093 265121350
53097 265133789
53190 265594650
53209 265687909
53214 265696623
53216 265711843
53230 265798092
53609 267529533
53618 267561570
53620 267568211
53631 267655673
53633 267658120
53682 267936778
53684 267947084
53687 267954828
53688 267965627
53691 267980528
54179 270388663
54184 270397165
54185 270401114
54188 270407821
54272 270801547
54276 270814039
54277 270820174
54283 270865395
54299 270927946
54337 271104307
54339 271119719
54343 271127820
54384 271308209
54443 271593248
54448 271627944
54451 271635379
54454 271650898
54463 271704200
54500 271888630
54503 271905809
54512 271937698
54524 271973643
54526 271975286
54528 271984696
54532 272003286
54535 272017768
54539 272044848
54544 272053577
54549 272078399
54562 272202135
54570 272248115
54726 272956468
54727 272959537
54736 272990822
54738 272998208
54739 273006096
54748 273040355
54750 273044575
54755 273072465
54756 273083206
54760 273098411
54784 273225756
54787 273232307
54813 273363177
55133 274939622
55134 274946801
55969 278957715
55972 278996036
55981 279029170
56001 279113437
56006 279141708
56025 279238094
56608 282265053
56617 282295514
56659 282512469
56667 282550327
56861 283486033
56863 283489205
56865 283499690
56867 283506545
56869 283507407
56873 283516265
56878 283523732
56882 283533593
56887 283557053
56912 283678795
56914 283687527
56919 283699135
56921 283700301
56934 283749890
56936 283765290
56937 283769759
56940 283793764
56941 283796958
56944 283802100
56979 283969789
58014 289001839
58016 289014336
58019 289029794
58022 289041923
58061 289227125
58071 289266685
58072 289269709
58073 289282229
58077 289300383
58079 289302009
58082 289321732
58545 291538031
60505 301596056
60514 301628128
60525 301670205
60527 301680712
60528 301683853
60531 301693863
60534 301710983
63736 317955134
63742 317983797
63743 317984922
63745 317995401
63749 318019459
63861 318583492
63971 319140902
63988 319237030
63989 319243601
63990 319247714
63995 319270149
64000 319281875
66677 332869275
66680 332875023
66711 333011450
66723 333062656
66730 333084905
66779 333316256
66786 333348690
66829 333549104
66839 333590894
66844 333628964
66846 333629898
66852 333659087
67312 336046749
67318 336059531
67322 336069250
67331 336104187
67349 336174143
67357 336207122
67358 336208526
67361 336228510
67382 336334172
67392 336382513
67396 336401140
67399 336424045
67402 336435128
67405 336446874
67408 336466340
67500 336838192
67517 336942985
67520 336946183
68272 340724367
68280 340759950
68285 340766859
68289 340775952
68302 340856125
68304 340859466
68422 341407322
68425 341414459
68428 341428168
68436 341473467
68449 341539438
68451 341545974
68454 341563367
68458 341579615
68462 341585354
68471 341631488
68476 341645856
68479 341663252
68480 341673103
68529 341911867
74099 370901700
74105 370925798
74112 370936188
74116 370942872
74120 370966022
74122 370969980
74137 371049403
74149 371103539
74153 371120821
74157 371131635
74159 371138884
74161 371149357
74163 371152502
74937 375110282
74942 375126146
75043 375593294
75044 375598812
75048 375632363
75062 375688859
75066 375707185
76017 380358533
76023 380369837
76031 380384485
76032 380388746
76036 380395907
76039 380407297
76041 380411183
76046 380433696
76057 380488145
76061 380505204
76064 380517915
76079 380607298
76081 380614310
76084 380618337
76093 380679286
76113 380768944
76117 380773412
76122 380791399
76127 380805345
76128 380807005
76129 380811129
76131 380812319
76135 380840661
76141 380866945
76143 380869007
76145 380873779
76147 380878124
76153 380923520
76156 380944274
76159 380947415
76177 381021321
76182 381046634
76183 381048227
76203 381133533
76205 381136759
76209 381158240
76212 381164702
76215 381182944
76239 381320858
76240 381327151
76295 381558558
76299 381568553
76300 381574573
77836 389303895
77838 389313945
78719 393837312
78721 393843803
78724 393857337
78728 393892653
78729 393895701
78731 393905360
78745 393980964
78917 394849259
78931 394909540
81015 405848580
81146 406564643
81148 406572079
81151 406593535
81167 406651241
81169 406655711
81170 406661242
81180 406691139
81184 406702715
81186 406708261
81277 407212121
81285 407236576
81289 407239883
81311 407368247
81315 407384222
81319 407406573
81321 407412470
81323 407416736
81327 407436890
81329 407442506
81346 407512544
81362 407579507
81365 407586815
81366 407588219
81368 407592459
81371 407599772
81375 407614719
81379 407621774
81380 407624938
81387 407657555
81389 407696235
81392 407705288
81395 407715111
81397 407726990
81398 407745120
81404 407772594
81406 407786384
81408 407793578
81413 407826584
81418 407832578
81421 407844764
81428 407879166
81429 407883094
81431 407891648
81432 407899340
81435 407922588
81450 407980266
81454 407994110
81456 408004748
81458 408007769
81459 408012423
81463 408048708
81465 408053126
81470 408067487
81476 408089720
81484 408153161
81488 408171942
81491 408179931
81500 408227032
81505 408244219
81514 408274657
81517 408287103
81523 408330089
81525 408334332
81527 408356520
81530 408362700
81531 408366499
81536 408381112
81548 408424777
81551 408434524
81554 408444204
81555 408448870
81566 408503582
81574 408521630
81575 408525735
81578 408530142
81579 408534646
81581 408540289
81583 408548215
81586 408561996
81587 408575997
81588 408584043
81591 408598516
81593 408604496
81594 408622878
81595 408625095
81598 408626312
81602 408643159
81605 408660695
81611 408689436
81614 408700861
81616 408705012
81617 408711231
81618 408718529
81621 408722209
81625 408746045
81633 408765728
81636 408778802
81639 408787059
81641 408792009
81642 408794762
81644 408798408
81648 408819163
81649 408823700
81659 408862110
81661 408863493
81663 408886956
81664 408892462
81665 408893710
81669 408905037
81673 408924162
81679 408961387
81684 408999560
81689 409017395
81690 409018799
81691 409025301
81693 409028158
81696 409046788
81697 409054623
81699 409062476
81700 409079184
81711 409144092
81713 409148045
81714 409165682
81720 409197446
81721 409203876
81724 409209349
81732 409258276
81734 409268967
81748 409361970
81749 409365870
81750 409366387
81756 409379657
81761 409423821
81765 409439156
81768 409458057
81771 409470804
81773 409482809
81776 409492089
81791 409587578
81794 409597466
81797 409604412
81803 409640005
81815 409700963
81817 409718397
81819 409724629
81825 409740365
81829 409749157
81831 409760824
81834 409775275
81845 409855681
81850 409886191
81851 409902642
81853 409908382
81857 409940864
81860 409960014
81863 409977410
81864 409982519
81867 410004775
81870 410019776
81872 410027533
81896 410182638
81897 410186136
81900 410192007
81902 410209126
81921 410299609
81929 410317830
81931 410323095
81932 410325367
81939 410376976
81943 410388598
81947 410408121
81950 410409405
81953 410440724
81955 410457468
81958 410471296
81964 410502818
81965 410518736
81969 410527923
81972 410533319
81980 410572498
81981 410574263
81986 410586560
81989 410591961
81992 410605229
82000 410643681
82001 410644463
82009 410692811
82010 410694272
82012 410711540
82014 410725787
82015 410732130
82019 410744132
82029 410817334
82033 410827407
82035 410836791
82036 410842816
82037 410843596
82039 410853501
82040 410860875
82041 410867880
82043 410869974
82047 410892682
82055 410934611
82057 410935669
82058 410941734
82060 410953474
82064 410969716
82065 410973617
82067 410980684
82069 410983559
82073 411014189
82080 411054016
82098 411144382
82101 411152374
82103 411163135
82104 411167196
82128 411291840
82129 411293336
82133 411332349
82134 411341036
82137 411358161
82141 411364604
82146 411379461
82152 411405140
82153 411406593
82157 411420952
82158 411432763
82162 411462584
82168 411492828
82170 411506474
82184 411569247
82185 411570027
82188 411594006
82194 411627073
82196 411641178
82198 411645789
82199 411651142
82203 411678470
82204 411679455
82206 411690104
82211 411718315
82212 411724399
82214 411730972
82216 411734367
82220 411753926
82221 411767812
82222 411787092
82225 411794308
82230 411813981
82237 411851009
82241 411863549
82243 411875594
82245 411876752
82246 411881056
82248 411895456
82252 411919394
82267 411959956
82268 411960941
82272 411971048
82275 411984140
82278 412005765
82279 412011257
82286 412045430
82290 412060028
82291 412062501
82294 412089997
82296 412097528
82300 412116845
82304 412125437
82305 412132043
82333 412262012
82339 412297743
82343 412312754
82346 412322981
82349 412338244
82357 412374183
82365 412422601
82367 412428479
82372 412438452
82374 412462478
82377 412479155
82387 412529184
82388 412533120
82393 412577496
82394 412577808
82396 412583948
82415 412706075
82422 412742754
82426 412768717
82429 412783327
82431 412798565
82433 412822163
82438 412847975
82441 412861622
82444 412867911
82449 412881493
82462 412928861
82470 412960216
82472 412964336
82479 413000173
82480 413015769
82483 413025429
82484 413035201
82491 413089895
82497 413109128
82500 413132814
82501 413136295
82504 413163026
82505 413168569
82508 413181060
82512 413199880
82518 413206527
82519 413220918
82524 413247630
82529 413277749
82533 413282707
82538 413305501
82539 413309032
82544 413311729
82546 413321640
82547 413343881
82550 413349751
82553 413365455
82554 413367519
82556 413378330
82562 413405084
82564 413409197
82566 413418386
82568 413426758
82571 413453465
82572 413458422
82580 413511807
82585 413541932
82591 413564637
82595 413584951
82597 413589722
82598 413609735
82600 413618399
82607 413647735
82615 413668738
82620 413679555
82624 413690134
82626 413694489
82627 413704882
82629 413705900
82631 413711964
82633 413728618
82635 413735212
82639 413775822
82641 413786851
82642 413789572
82645 413820287
82648 413841219
82651 413843400
82654 413851729
82656 413865767
82657 413875607
82659 413904082
82661 413927963
82665 413959059
82667 413960266
82676 413999577
82681 414009244
82702 414106747
82706 414113605
82718 414188184
82727 414237009
82730 414251942
82735 414291782
82744 414332046
82746 414335394
82748 414345729
82759 414387922
82760 414394953
82762 414409486
82771 414451720
82779 414507223
82780 414509563
82783 414514021
82788 414545321
82790 414555986
82791 414565100
82795 414583737
82801 414602772
82805 414622409
82807 414623567
82810 414633206
82811 414634180
82814 414656119
82816 414661144
82818 414663411
82820 414679880
82824 414701960
82831 414727650
82833 414742638
82835 414758163
82843 414809984
82844 414812217
82846 414815028
82849 414832653
82850 414848645
82854 414882365
82863 414924497
82870 414958728
82873 414978396
82874 414982345
82875 414984813
82882 415006035
82886 415014673
82888 415021426
82890 415027721
82894 415038069
82898 415053294
82901 415070440
82904 415076441
82909 415095865
82913 415116044
82915 415119737
82917 415123383
82919 415146385
82923 415155160
82928 415217424
82938 415269011
82941 415294934
82944 415301148
82949 415342556
82953 415368596
82957 415384970
82959 415398728
82961 415401741
82969 415430577
82980 415534630
82983 415555876
83013 415723330
83018 415747399
83022 415758016
83033 415793243
83034 415797963
83042 415838653
83043 415849799
83048 415865609
83052 415883802
83062 415937866
83066 415969852
83074 415996573
83076 416003612
83093 416077636
83095 416080753
83098 416114321
83101 416126769
83107 416134691
83110 416154123
83112 416155371
83113 416181529
83114 416184001
83115 416184781
83117 416186185
83120 416197954
83144 416345260
83149 416357387
83150 416363219
83152 416379229
83153 416381783
83155 416392684
83164 416455564
83169 416480197
83170 416484394
83173 416508843
83176 416520895
83180 416545190
83181 416552906
83185 416584421
83188 416592449
83191 416603462
83192 416616020
83201 416663893
83217 416749401
83219 416757455
83221 416764316
83225 416808588
83227 416817130
83231 416840143
83239 416875958
83241 416884565
83249 416912943
83253 416938217
83261 416982151
83268 416999097
83272 417016479
83274 417019197
83277 417047874
83279 417059231
83280 417070502
83284 417081706
83293 417123036
83296 417133898
83302 417153171
83326 417295330
83328 417305469
83330 417313964
83333 417318234
83341 417355790
83345 417386108
83349 417396665
83354 417414271
83356 417423590
83359 417434453
83360 417437405
83363 417454149
83364 417470871
83368 417487070
83372 417511921
83373 417512931
83376 417516745
83379 417528449
83382 417546884
83385 417562846
83386 417574338
83389 417584905
83397 417659333
83400 417662449
83402 417681657
83408 417732250
83409 417737681
83412 417751849
83419 417781477
83420 417795934
83424 417799992
83434 417853785
83436 417861900
83439 417872709
83445 417928594
83446 417932828
83452 417950683
83453 417953708
83454 417957594
83457 417962900
83459 417968232
83461 417971522
83463 417976322
83465 417984765
83469 418001213
83471 418021045
83474 418024375
83478 418034540
83480 418045065
83487 418068678
83489 418072302
83491 418082271
83493 418097581
83499 418132651
83500 418133168
83505 418160371
83506 418163788
83508 418173659
83514 418197640
83515 418201067
83519 418230167
83520 418231866
83524 418249802
83526 418255918
83527 418267719
83530 418276293
83532 418283152
83535 418300514
83541 418345013
83544 418351284
83545 418356713
83569 418498205
83574 418527251
83577 418530321
83579 418536240
83585 418557421
83587 418559988
83601 418638685
83605 418646241
83612 418687599
83615 418706131
83616 418713448
83621 418729134
83623 418738975
83624 418744283
83627 418753928
83635 418792671
83636 418801805
83639 418816734
83641 418829093
83644 418842837
83645 418847757
83646 418849350
83647 418854872
83653 418873399
83661 418911718
83666 418918045
83669 418931108
83670 418933193
83673 418974612
83675 418983506
83679 419000932
83683 419031936
83686 419038667
83689 419053801
83693 419065035
83694 419072210
83696 419076824
83706 419121729
83715 419173814
83725 419236950
83728 419247927
83734 419272139
83735 419283552
83739 419295652
83747 419332473
83760 419427758
83761 419441824
83762 419450891
83763 419451572
83766 419469365
83768 419472950
83769 419481650
83774 419503538
83779 419532023
83782 419542472
83786 419559495
83793 419597793
83799 419617398
83801 419626994
83812 419691926
83815 419704761
83817 419720358
83821 419740414
83829 419763942
83830 419771383
83831 419773148
83838 419816044
83841 419828845
83844 419836782
83848 419859878
83850 419882997
83852 419888832
83860 419947605
83863 419968296
83866 419979038
83869 420000486
83875 420046118
83904 420224649
83907 420238472
83909 420241912
83915 420255860
83919 420270183
83934 420371179
83936 420385669
83939 420389996
83940 420394055
83950 420437260
83953 420455155
83956 420460098
83957 420460951
83965 420484158
83972 420510982
83975 420518635
83977 420523478
83979 420529762
83983 420546016
83985 420548189
84001 420653652
84006 420697628
84009 420709285
84012 420721861
84013 420729775
84018 420745767
84021 420753895
84032 420803192
84035 420811272
84037 420816951
84044 420858554
84046 420870999
84054 420919924
84057 420941780
84058 420947102
84064 421007778
84066 421011529
84073 421035583
84075 421049632
84078 421060055
84079 421067356
84080 421072965
84083 421107710
84085 421120988
84090 421151563
84092 421161769
84094 421168070
84103 421220091
84108 421233854
84110 421240284
84113 421248636
84115 421263971
84118 421271527
84125 421307474
84135 421356604
84136 421370010
84138 421381224
84139 421393114
84147 421445306
84148 421449664
84150 421476039
84154 421490316
84168 421587748
84171 421595563
84173 421600302
84179 421653332
84185 421703515
84186 421707059
84193 421769630
84194 421802539
84199 421817946
84225 421956240
84241 422024775
84245 422039731
84256 422097664
84261 422124343
84286 422248203
84290 422272379
84294 422279198
84309 422354441
84317 422382254
84325 422429705
84331 422458838
84336 422481969
84339 422491742
84342 422499142
84346 422508723
84349 422525138
84353 422550879
84374 422685968
84376 422692008
84379 422708797
84381 422715250
84382 422717187
84385 422735905
84387 422743705
84398 422792658
84402 422796911
84403 422811403
84406 422819900
84420 422887586
84426 422915049
84432 422944398
84435 422955922
84448 423040120
84453 423059565
84456 423074208
84463 423120109
84510 423315088
84513 423348009
84515 423366398
84521 423396811
84525 423412374
84529 423437763
84533 423457026
84536 423463040
84544 423506787
84548 423543599
84551 423560123
84557 423589335
84559 423599160
84564 423610275
84568 423637778
84572 423662313
84587 423746321
84591 423766079
84595 423782465
84596 423787388
84607 423837059
84609 423860074
84611 423864470
84616 423878744
84617 423885341
84620 423886435
84623 423895653
84625 423911585
84636 423958037
84638 423960459
84641 423972760
84643 423983227
84645 423987439
84648 423996792
84653 424016370
84654 424021567
84655 424024442
84657 424026068
84658 424031517
84665 424075553
84666 424085907
84671 424110442
84673 424127609
84675 424137799
84677 424140098
84681 424147621
84682 424159078
84683 424162559
84688 424179137
84693 424191539
84695 424199311
84699 424214805
84701 424223171
84702 424227942
84714 424283106
84716 424294364
84720 424321456
84723 424333658
84725 424343782
84727 424355321
84728 424361876
84730 424369495
84733 424373674
84756 424512562
84760 424520655
84763 424531414
84764 424543663
84766 424547786
84767 424565316
84777 424624786
84787 424677835
84791 424692445
84801 424732227
84805 424739684
84810 424773986
84814 424796037
84815 424806895
84826 424848982
84831 424860582
84836 424881856
84837 424884557
84841 424901218
84845 424918859
84847 424926741
84848 424933372
84850 424937454
84853 424966172
84858 424980875
84860 424990435
84861 424995460
84864 424998006
84867 424998924
84869 425002988
84873 425017825
84875 425022184
84879 425042616
84881 425053133
84883 425056882
84885 425062980
84891 425089044
84910 425204474
84912 425231707
84917 425250215
84922 425271032
84924 425277266
84929 425293055
84930 425293572
84932 425298199
84935 425319339
84942 425354062
84943 425361678
84962 425452383
84964 425456244
84967 425464194
84968 425465932
84969 425471474
84971 425475136
84973 425481118
84975 425489447
84979 425506371
84983 425512069
84987 425524628
84992 425541261
84995 425575214
84999 425600800
85004 425625394
85008 425646224
85009 425648133
85015 425697394
85018 425717265
85023 425729588
85025 425740393
85030 425776910
85033 425790719
85034 425792172
85036 425797925
85039 425825839
85041 425829752
85048 425873577
85052 425882745
85057 425915034
85058 425921256
85063 425953715
85065 425956597
85067 425969778
85069 425974162
85072 425982553
85082 426026067
85088 426062760
85092 426079636
85093 426080416
85098 426104771
85109 426159382
85111 426165004
85113 426171924
85114 426174584
85115 426184963
85118 426208529
85129 426319175
85131 426341208
85135 426350435
85172 426553018
85182 426625753
85184 426629037
85191 426674333
85194 426680117
85197 426685600
85205 426726167
85207 426736675
85210 426752046
85213 426757814
85215 426772390
85235 426867151
85237 426882222
85262 427018630
85264 427029090
85266 427039143
85273 427059400
85275 427069568
85280 427072706
85283 427083618
85285 427088877
85286 427110736
85297 427148318
85299 427154834
85301 427157712
85302 427163905
85309 427189093
85312 427198748
85316 427211496
85320 427233572
85328 427280750
85333 427305956
85338 427345992
85341 427364435
85353 427438029
85356 427463955
85359 427467987
85362 427480366
85364 427481887
85366 427487940
85368 427495676
85369 427501189
85372 427517372
85380 427559510
85382 427563655
85384 427568406
85388 427590472
85391 427593100
85393 427607613
85395 427614867
85407 427715265
85410 427728085
85436 427861560
85438 427873104
85445 427895534
85449 427916925
85453 427924830
85457 427960232
85478 428029008
85479 428036155
85480 428037452
85481 428042610
85482 428050918
85490 428073935
85499 428132574
85503 428161689
85506 428171604
85509 428199764
85512 428223660
85514 428226605
85516 428236723
85518 428266933
85527 428310077
85531 428322431
85541 428386860
85544 428403568
85545 428405177
85550 428421974
85572 428551439
85588 428665402
85592 428681734
85594 428683294
85595 428684123
85614 428774169
85618 428798678
85624 428853951
85626 428859297
85637 428902151
85639 428905146
85657 429002564
85659 429004748
85660 429008024
85663 429019249
85664 429025839
85668 429063313
85669 429070357
85672 429083205
85674 429086491
85682 429117263
85683 429121202
85754 429544543
85757 429578786
85762 429601226
85766 429607146
85767 429608753
85779 429657028
85783 429660356
85785 429667595
85787 429672127
85798 429744456
85803 429750763
85806 429757208
85826 429866525
85827 429873126
85829 429874760
85832 429894861
85845 429994517
85851 430040491
1884 9321558
2111 10372045
2112 10373186
2145 10513751
5404 26992268
5408 27000883
5499 27420845
5507 27450877
5510 27457087
5517 27502009
6488 32550403
6491 32552111
6493 32557017
6495 32579503
6499 32609630
6502 32615699
6506 32624245
7440 37310566
7446 37331126
7455 37358103
7457 37370511
8446 42417063
8448 42430569
8451 42446537
8458 42467799
