1536 1
5120 1
4096 1
2048 1
1024 1
512 1
6656 1
11776 1
3072 1
1536 1
512 1
1024 1
11264 1
4096 2
7168 1
9728 1
2560 1
7680 1
6144 1
4096 1
2048 1
4096 1
2048 2
512 2
9216 2
2560 3
3584 1
15360 2
512 3
6656 3
6656 4
10752 2
1024 2
512 1
2048 2
512 1
4096 1
3584 2
7168 2
2560 3
4096 1
4608 1
2048 2
512 3
6656 4
1024 5
2560 6
512 7
2560 4
1024 5
512 6
2560 7
1536 8
512 9
2048 7
512 1
16384 2
3584 3
512 2
5632 1
3072 2
10240 1
512 1
1536 2
4096 3
3584 4
4096 1
10240 2
5120 3
1024 4
13312 1
2560 2
1536 3
1536 1
4096 2
5120 1
2048 1
2560 2
5632 3
1536 2
6656 3
5632 4
2048 4
1024 2
1536 1
3072 1
1536 2
1024 3
4096 4
512 5
512 6
2560 1
2048 2
7680 3
1024 1
2048 2
10752 3
3072 4
512 5
2560 1
512 2
7168 3
2560 1
5120 1
1024 1
3584 2
512 1
512 1
512 2
12288 3
2560 4
4096 5
3584 6
1536 2
1024 1
1024 1
1536 2
6656 1
1024 1
15360 1
2048 2
7680 3
2048 4
3584 5
7680 6
6656 7
512 8
512 9
1536 7
1024 8
1024 7
1024 7
2560 7
16384 1
2560 2
2560 3
2048 4
1536 5
512 6
3072 7
1536 8
2048 9
512 10
2560 11
4608 12
4608 13
512 12
5120 13
4608 14
6144 15
3072 7
6656 8
4096 9
1024 9
4608 10
9216 6
1024 1
3072 2
2048 3
7168 4
7168 2
1536 1
2048 2
3584 3
5632 1
14336 2
4096 2
6656 1
8704 1
3584 1
1536 1
2560 1
512 1
4096 2
3072 3
5120 4
2560 1
4608 1
1536 1
3584 1
9728 2
512 3
2048 4
2560 5
512 6
1536 1
512 1
512 2
9728 3
5120 4
512 5
5632 6
512 7
16384 8
2560 9
4608 10
512 5
2560 4
512 5
512 6
2048 7
6144 8
2560 9
12800 10
3072 11
4096 4
14336 1
3072 2
5632 3
2560 4
1536 5
1536 6
4096 1
1536 2
512 3
8192 4
5120 1
512 2
1024 1
3584 1
6144 2
8192 3
1024 2
512 1
4096 2
2560 3
4608 1
1024 2
1536 3
512 4
1024 5
3584 5
4608 5
1024 1
10752 2
1536 3
512 1
512 1
8192 2
1024 3
2048 4
3072 5
1536 4
5120 1
1024 1
3584 1
1536 2
2048 3
2560 4
8704 1
4608 1
512 1
12800 1
1536 2
1024 3
2560 4
9216 5
1536 6
1024 7
1024 8
2048 9
5120 7
512 1
9216 1
5120 2
1536 3
2560 4
1024 5
5632 6
1024 7
1024 6
4608 7
512 8
4096 9
7168 10
2560 11
1536 12
5632 13
3072 14
2048 13
1024 14
3584 12
4096 7
1024 5
2560 6
512 7
5120 1
6144 1
2048 2
3584 1
2048 2
2048 2
3584 1
512 1
3584 1
512 1
3584 2
2048 3
7168 4
7168 5
1536 6
4096 7
2560 6
2048 6
1536 6
2560 7
1024 8
6656 9
1536 10
3584 11
2560 6
16384 6
3072 7
7168 8
512 9
512 10
1536 11
4096 7
3072 7
2560 8
4096 7
3072 3
7168 2
512 3
1536 4
4608 5
2048 6
3584 7
4608 8
512 4
1024 3
1024 3
1536 3
5632 1
6144 1
4608 2
1024 3
2048 4
512 5
4096 6
2560 1
512 1
2560 2
2048 3
9728 4
2560 5
512 6
8704 7
2560 8
2048 9
1536 10
2560 11
6656 10
2048 1
512 2
1024 2
7680 1
3584 2
2560 3
512 4
10240 5
1024 6
1536 7
1024 8
2560 9
2048 10
9728 10
3584 10
9216 9
7168 7
2048 6
6656 2
3072 3
5120 4
2048 5
1536 6
2560 7
512 8
1024 9
3584 10
7168 1
10752 2
5120 3
2560 4
6656 4
6656 5
1024 5
7680 3
1536 4
8192 5
3072 6
1024 7
1024 3
4608 4
4096 1
512 2
5120 3
2048 4
1024 5
1024 1
1024 2
12800 1
1536 2
3584 3
512 4
1024 5
11264 1
4608 2
4096 3
3072 3
2560 1
7168 1
6656 1
1024 1
14848 2
6656 1
3584 1
1536 1
2048 1
3072 2
5120 2
1536 2
3072 3
2560 4
2048 5
1024 6
3584 7
1024 8
1024 9
2048 10
6656 11
11264 4
5120 1
2560 2
512 3
14336 4
1536 5
6144 6
2560 7
8192 8
1024 9
1536 5
3072 5
1024 6
7168 5
4608 5
2560 2
512 1
512 2
1024 3
10240 4
4096 5
1536 6
4096 7
4608 6
4608 4
1536 1
1024 1
2560 1
512 2
2048 3
1024 4
1024 5
1024 6
4096 7
3584 8
1024 9
3584 10
512 11
7168 12
9728 13
1536 14
512 15
1024 16
8704 3
2560 1
7680 1
3072 2
1536 3
5632 4
3072 5
512 6
6144 3
6144 4
4096 2
13312 2
2560 1
8704 2
13824 3
512 4
1024 5
2048 6
512 7
1024 8
1024 9
3072 3
1024 1
3072 2
2560 2
512 1
2048 1
3584 2
1024 3
512 4
1024 5
4096 6
512 6
2048 7
7680 8
8192 1
4096 2
3072 3
1536 2
512 1
3072 1
4096 2
2560 2
16384 1
4608 2
4608 3
512 4
1024 5
4096 6
3072 7
1536 8
5120 9
3072 10
1024 11
6144 12
7168 13
512 14
1024 13
3072 13
8192 7
4608 6
1024 6
1536 4
5632 4
2560 4
7168 2
1536 1
2560 1
512 2
1536 3
2560 4
1024 5
4096 6
1024 7
2560 8
11776 9
512 10
512 11
3072 1
4096 1
1024 2
1024 3
512 4
1024 5
1024 6
512 7
1536 8
1536 9
512 10
5632 11
3584 12
512 13
1536 13
512 3
5632 3
1536 1
512 1
5120 2
11776 3
3072 4
4096 5
2048 6
1536 7
512 8
4608 9
1024 10
4608 11
1024 12
1024 13
13312 14
3072 11
1024 12
9728 12
9216 13
2560 14
512 15
2048 12
1024 9
7680 1
1024 2
3072 3
3584 4
1536 5
1536 5
1536 4
2560 1
6656 2
1536 3
1536 4
512 5
9216 6
512 7
1536 6
512 1
3072 2
2048 3
1024 4
3072 5
4096 6
2560 7
5120 8
2048 9
5632 7
3584 7
9216 5
512 5
1024 6
3072 5
1024 6
512 7
2048 8
512 9
1024 10
4608 11
1024 12
3072 5
2048 1
3072 2
4096 3
11776 4
5120 3
1536 4
7168 5
512 6
512 7
3584 8
3072 9
3072 10
1536 9
1536 3
2048 2
3072 1
4608 2
7168 3
7680 4
1536 5
4608 3
512 3
3584 2
1024 1
2560 2
4096 3
2048 4
2048 1
1536 2
7680 1
16384 2
3584 3
1536 4
2560 4
5632 4
2560 5
2560 1
1536 2
512 3
1024 4
3072 4
6656 1
1024 2
512 3
1536 4
512 5
10752 6
5632 7
1024 8
512 9
1536 10
4096 10
2048 1
1024 2
1024 1
3072 1
4608 1
1536 2
5120 3
3584 4
1024 5
1024 6
1024 7
6656 8
1024 9
2048 10
2560 10
5120 4
512 1
2560 2
1536 3
2560 4
512 5
2048 6
1536 5
1024 1
1024 1
1024 1
2560 1
8192 1
5632 1
2560 1
1536 2
8704 3
2560 4
6144 5
2560 6
4608 7
3072 8
2048 9
10240 10
3072 11
15360 12
3584 13
4096 14
6656 15
1024 5
1536 5
3072 6
1024 7
2560 8
6144 9
2560 10
512 11
2048 12
512 9
2048 7
2560 7
2560 6
5120 1
3072 1
1536 1
512 2
2048 1
1024 1
3584 1
7168 2
5120 3
2048 4
1024 5
7168 6
4608 7
10752 8
2560 9
3584 10
15872 11
512 12
1024 13
512 14
1536 15
5120 11
2048 10
2048 9
512 3
4096 1
1024 1
1024 1
4096 1
5120 2
1024 3
8192 4
9728 5
512 6
1024 7
2048 8
2048 9
1536 10
1024 11
4096 12
1024 13
4096 14
1024 15
7680 12
5120 13
3072 10
2560 7
1024 5
512 5
6144 4
1024 1
6656 1
3584 1
512 1
4608 1
1024 1
5120 2
512 3
2560 4
1536 5
512 6
2560 7
4096 8
5120 9
1024 10
5120 11
6144 12
3584 13
2560 14
1024 15
512 16
2048 17
12288 18
4608 19
8192 20
7680 21
5120 22
512 23
512 24
1536 25
2048 26
1536 27
2048 28
512 29
1024 30
512 31
512 32
5632 33
10752 34
3072 35
512 36
6144 37
1024 38
512 37
2048 21
1024 22
4608 22
7680 23
1536 11
2048 11
512 11
1536 12
1024 13
13312 14
2048 15
5120 16
1024 17
1024 18
1024 19
8192 20
9728 19
2048 15
1536 16
4096 17
3584 18
5632 19
1536 20
3072 20
2048 14
1536 10
11776 3
512 4
1536 1
512 2
2048 1
2048 2
2560 3
3584 4
1024 5
7168 6
512 7
512 8
3584 9
512 10
2048 11
512 12
9216 13
8192 14
2048 15
12288 16
7680 17
5120 18
6656 19
6144 20
5632 21
512 22
2560 17
3072 10
1536 8
512 9
9728 10
512 11
2048 12
512 13
1024 14
512 13
5632 14
4608 14
4608 15
512 16
3072 12
3072 1
5120 2
7168 3
2560 4
512 5
1024 6
1024 7
7680 8
3072 9
512 10
7168 11
9216 4
1024 5
512 4
4096 1
1024 1
4096 1
4608 2
2048 3
1024 4
5120 5
2048 6
6144 7
512 8
6144 9
10240 10
1536 11
5120 11
2048 12
2048 11
2560 10
11264 4
2048 1
1536 2
5632 3
1024 4
512 5
5120 6
512 7
9216 8
1536 9
1536 1
1536 1
2048 2
1536 3
3072 4
2048 5
14336 6
5632 7
512 8
512 9
5632 10
2560 11
1024 12
4096 13
9728 14
12800 15
1024 16
2560 17
512 18
5632 19
512 20
512 21
6656 22
8192 23
3584 24
1024 25
5120 26
1024 27
4096 28
4096 29
512 30
2560 24
3072 21
5120 20
1024 21
6144 20
1536 13
1536 4
1536 1
2560 1
4096 1
10752 2
1024 3
9728 4
2048 5
7168 6
1536 7
2560 8
3072 9
3072 10
3584 11
8192 12
2048 13
7168 14
3584 15
3072 16
5632 17
2048 18
1024 11
512 10
7168 10
5120 9
1024 9
512 7
512 7
512 5
16384 6
12288 7
13312 8
4096 9
512 10
3072 11
8192 12
7680 13
1024 14
2048 15
6144 16
1536 17
3584 18
6144 19
512 20
512 21
3584 22
6656 23
1024 24
512 25
2048 26
1536 27
4096 28
2048 29
5632 30
1024 31
2560 27
512 21
7168 22
1536 22
1024 23
8704 18
1024 18
2048 16
5632 17
7680 12
4608 12
5120 9
3584 10
3072 10
2560 11
15360 12
10240 13
5120 14
2048 15
4608 16
8192 17
1536 18
3584 19
512 20
2048 20
2048 15
2560 16
512 15
1536 6
4608 1
512 1
3072 1
512 1
2560 1
1536 1
7680 2
2560 3
2560 4
2560 5
512 6
3072 7
512 8
2560 9
2560 10
9728 11
1536 12
1024 13
3584 14
2048 15
3072 16
1536 17
4096 18
2560 18
1536 18
10240 19
2048 20
3072 21
6144 22
9728 23
2048 24
512 25
3584 26
3072 27
1024 28
5120 29
10752 30
8192 31
5120 32
2048 33
11776 34
3072 30
3072 29
4608 28
512 28
2560 26
4608 24
512 25
3584 11
4608 11
2048 4
1024 5
1024 4
3072 4
4096 1
6656 1
2048 1
2048 2
1536 1
4096 2
3072 2
1536 1
9216 1
6656 2
5120 3
512 4
5120 5
10752 6
3072 7
16384 8
1024 9
2048 10
1536 11
1024 12
2048 13
6656 14
512 15
1024 16
6656 17
3072 18
3584 19
512 20
3584 21
3072 22
5120 23
1024 24
2048 17
1536 12
4096 10
1536 10
2560 8
3584 3
2560 1
16384 1
1024 2
1024 3
1536 4
512 5
3584 6
11776 7
5632 8
6144 9
10240 10
1536 11
2048 12
3072 13
4608 14
1024 15
16384 16
2560 17
512 18
7680 19
2048 19
1024 17
2560 16
1024 15
3072 12
4096 6
3072 7
4096 7
1024 2
3072 2
1536 1
3072 2
8192 3
6144 4
2560 5
4096 6
2048 7
10752 8
2560 9
512 10
4608 11
1024 12
1536 13
4096 14
2560 15
2048 12
6656 8
6144 7
1536 8
2560 3
4096 3
3584 3
8704 2
6144 3
4096 4
6144 5
2560 6
2560 7
3072 8
8704 9
3072 10
1024 11
512 12
512 13
1536 11
1536 11
512 12
3072 13
2048 14
2560 15
1024 16
512 17
2048 18
512 13
1024 10
2048 6
2560 1
4096 2
1024 3
1024 4
5120 5
3584 6
1536 7
512 8
8704 9
3584 10
512 11
5632 12
10752 11
1024 9
4096 9
3072 1
5632 2
2560 3
6656 4
1024 5
5632 6
512 7
512 8
1024 9
6144 9
6656 7
512 6
10752 4
7680 4
6144 2
512 1
512 1
2560 1
3584 1
1024 1
512 1
512 1
5120 1
5632 1
4096 1
1536 1
1536 2
5632 1
512 2
1536 1
512 1
2048 1
2560 1
512 2
2048 3
2048 4
5120 5
512 6
5632 7
8192 8
5632 9
6656 10
3072 11
5120 12
5632 13
4096 14
5632 15
3072 16
1024 17
2560 18
512 19
1024 20
6144 21
1024 22
4608 23
3072 24
3584 25
2048 26
3072 27
7680 28
512 29
1024 30
512 31
1536 32
1536 33
2560 34
1024 35
6144 36
512 37
2048 38
2560 39
512 40
2560 41
3584 42
5632 43
1536 44
2560 45
6144 46
6656 47
7168 48
9728 49
1536 50
3584 51
4608 52
1024 53
4608 54
1024 55
512 56
1024 57
1024 58
2048 59
3584 60
16384 61
7168 62
3072 63
2048 64
7168 65
1536 66
2048 67
6656 68
4608 69
5632 65
6144 63
4096 64
1536 64
4608 64
1024 64
5632 63
3584 63
512 63
512 61
512 55
3584 53
512 50
1536 49
2048 48
1024 47
2560 39
2560 40
1024 36
2048 35
6656 36
512 37
1536 38
3072 39
9216 40
2560 41
1024 42
512 43
1536 44
512 45
1536 46
512 47
3584 48
3072 49
5632 50
512 51
1024 52
512 53
3072 54
3584 55
1536 56
2048 57
6144 58
3072 59
1536 60
4608 61
3072 62
1024 63
1536 64
1536 65
4608 66
5632 67
5120 68
1024 69
2048 70
512 71
1536 71
2560 66
1024 67
1024 67
3584 68
1024 68
2560 67
1024 58
512 58
1536 58
5120 50
4608 49
4608 49
1024 49
2560 47
1536 46
512 32
5632 29
4608 24
4096 24
1536 25
512 25
4096 24
1536 12
2048 12
1536 10
3072 8
2048 1
2048 2
3584 3
3072 4
1536 5
1024 6
3072 7
2560 8
1536 9
1024 10
1024 11
6144 12
9216 13
2048 14
512 15
1024 16
1536 17
1024 18
3072 19
1536 20
5120 21
9728 22
3072 23
1024 24
5632 25
4096 26
3584 27
9216 28
512 29
2560 30
512 31
2560 32
1024 33
4608 34
7680 30
1536 20
1536 16
7168 13
2560 13
2048 5
512 1
5120 2
512 1
3584 1
2048 1
512 2
512 3
5632 1
7680 2
3584 3
12800 4
3072 5
2560 6
1536 7
1024 8
5632 9
11264 10
512 11
7168 12
6144 13
2048 14
512 15
8192 16
6656 17
3584 18
2048 19
3072 20
512 21
3584 22
2560 21
512 21
2560 15
4096 12
512 10
512 9
3584 1
1536 2
2560 1
9728 1
3072 2
1024 3
1536 4
1536 5
3584 6
10240 7
6656 8
10240 9
1024 10
4096 11
1024 12
1024 13
8192 14
3072 15
1536 16
4608 17
512 18
3072 19
4096 20
3584 21
5632 22
6656 23
1024 24
5632 25
512 26
8192 27
512 28
2560 29
1536 30
5120 31
1024 32
6656 33
4096 34
3072 35
4096 28
7680 23
9216 19
4096 19
7168 14
2048 14
512 9
1024 10
5120 11
7168 10
3072 9
512 8
512 8
12288 9
4608 10
3072 11
1536 12
4096 13
512 14
1536 15
3584 16
3072 17
1024 18
6144 19
2560 20
4608 21
2048 22
3072 23
3072 24
2560 25
5120 26
1536 23
5120 15
5120 8
6144 7
512 7
1536 6
3584 4
1536 1
512 1
1536 2
1536 1
13312 2
1536 3
2560 4
2048 5
512 6
4096 7
1024 8
1024 9
3584 10
1536 11
512 12
2560 2
7168 1
1536 1
1024 2
7680 3
2560 4
4608 5
2048 6
1536 7
4096 8
1536 6
12800 7
512 6
3072 3
6144 1
1536 1
1536 1
1536 1
2048 1
4096 2
1024 3
3072 4
5632 5
1536 6
3072 7
12288 8
3072 9
512 10
1536 11
512 12
1536 13
1024 14
5120 15
10240 16
1024 17
512 18
3584 19
1536 20
1536 21
512 22
4096 23
11264 24
3584 25
4096 26
3072 27
512 23
2048 21
3072 15
5632 11
512 1
6144 1
3072 2
3584 3
512 4
1024 5
5632 6
6656 7
3584 8
512 9
2048 10
3072 11
3584 12
1024 13
7168 14
16384 15
3072 16
6144 16
5632 16
1536 17
2048 18
16384 19
7168 20
4096 21
2560 21
1536 19
5632 12
6656 13
1024 14
4096 15
2048 14
2560 14
5632 11
2048 11
1024 12
5120 12
4096 12
3072 11
6656 2
3584 1
3072 1
3584 1
3072 1
512 2
8192 3
5120 4
512 5
1024 6
2560 7
1024 8
10240 9
1024 10
1536 11
3072 12
3584 13
9728 14
1024 15
4096 16
1024 17
5120 18
8704 15
1024 16
5120 9
3584 1
2560 1
2048 1
2048 1
3072 1
2048 2
16384 3
512 4
8704 5
4608 6
1536 7
5120 8
2048 9
6656 10
5632 11
1536 12
512 13
1536 14
1536 15
2560 13
1536 9
16384 10
512 11
512 12
4608 13
3072 11
3584 11
2048 7
3584 7
2048 5
4096 6
3584 5
512 1
512 1
512 1
512 2
3584 3
512 4
1536 5
3584 6
2048 7
1024 8
3072 9
3584 10
512 11
2560 12
2048 13
6656 14
512 15
1536 16
512 17
3584 18
2560 13
3072 14
3072 15
2048 15
4096 11
5120 5
1024 6
2560 5
1536 4
2048 4
512 1
512 1
1024 1
6144 1
512 1
2048 1
3584 2
3072 3
2560 4
7680 5
1024 6
512 7
5632 8
1536 9
4096 10
512 11
1024 12
1024 13
3072 14
1024 15
6656 16
2048 17
5632 18
2560 19
3584 20
2048 21
4608 22
4096 23
13824 24
512 25
2048 26
512 27
1024 24
1024 24
1024 20
6144 18
1536 14
1024 14
7680 12
1536 8
3072 5
2560 5
1536 1
512 1
7168 1
12800 2
2560 3
7680 4
3072 5
11776 6
2048 7
512 8
2560 9
7168 10
9728 11
512 12
512 13
1536 14
5632 15
2048 16
6144 17
1536 18
2560 19
2048 20
8192 17
5120 17
2048 12
512 7
3584 4
6144 4
512 5
512 6
6656 7
1024 8
4608 9
512 10
7168 11
3584 9
2560 6
3072 3
1536 1
3584 1
512 2
512 3
7680 4
3072 5
9728 6
1024 7
3584 8
512 8
1024 8
9728 4
1024 1
1536 2
10752 3
512 4
3584 5
4096 6
512 7
5120 8
512 9
11776 5
512 5
7168 5
1024 1
1024 1
2048 2
1024 3
3072 4
7168 5
512 6
512 7
6144 8
1536 9
2560 10
2560 11
512 12
1024 13
3584 14
5120 13
5120 12
1536 8
9216 7
7168 5
12288 4
3072 4
4096 3
512 1
1024 1
1024 1
4096 2
2048 3
7680 4
2048 5
4096 6
6144 7
3072 8
11776 9
3584 10
1024 11
1024 12
3584 13
1024 14
13312 15
4096 16
9216 17
5120 18
6656 19
9728 20
2048 21
2048 18
1536 19
1536 17
512 7
2560 7
4608 1
1024 2
512 3
5632 4
3072 5
5120 6
512 7
10240 8
16384 9
3584 10
1024 11
1024 12
2560 13
6144 14
512 15
4608 16
1536 17
2048 14
1536 9
3072 1
1024 2
512 1
7680 1
6144 1
1536 1
512 1
8192 2
1536 1
512 2
512 3
2048 4
3072 5
5120 6
5120 7
3584 8
2048 9
1536 10
2048 11
1536 12
2048 13
14848 14
2048 15
512 16
1536 17
5632 18
512 19
1024 20
1536 21
4096 22
4608 23
1024 24
2048 25
3584 21
2560 20
6144 12
512 11
1024 12
3584 13
2048 7
2560 1
10240 2
2048 3
1024 4
10752 5
2560 6
512 7
1024 8
1536 9
4096 10
2560 11
3072 12
512 13
4096 14
3072 15
3584 16
5632 17
6656 18
7168 19
2048 20
3584 21
13824 19
1536 19
3584 14
5632 14
7680 14
1024 13
2560 14
512 15
1024 16
512 17
9728 18
7168 19
512 20
2560 21
16384 22
5632 23
512 24
3584 25
5120 26
12288 27
512 28
1024 29
6656 30
512 31
2048 32
5120 33
2560 34
2560 35
1536 36
6144 34
1536 28
7168 29
4608 30
11264 31
2560 32
1024 33
3584 32
512 32
7168 24
3584 24
1024 18
12800 16
3072 15
1024 14
2048 15
3584 16
2048 15
4096 12
1536 10
1536 2
1024 1
6656 1
1536 1
512 2
1536 1
1024 1
1024 1
1536 1
3584 1
7168 2
512 3
2048 4
4096 5
3072 6
3072 7
4608 8
1536 9
1024 10
4096 11
2560 12
1536 13
512 14
2048 15
2048 16
2048 17
4608 18
2560 19
3072 20
2048 21
5120 22
4096 23
512 24
6656 25
512 26
2048 27
1536 28
2048 23
5632 22
2048 23
5120 21
512 22
5632 14
3584 14
512 13
1536 12
2048 8
4608 7
2048 6
4096 6
1536 7
1024 1
2048 1
6656 1
1024 1
2560 2
5632 2
2560 1
3072 1
2048 1
512 2
512 3
512 4
512 5
2048 6
7680 7
512 8
3584 9
1536 10
1024 11
5632 12
4608 13
512 14
1536 15
1024 16
6656 17
5632 18
7680 19
2048 20
2560 21
9728 22
5632 23
14336 24
512 25
3072 26
2560 27
512 28
512 29
5120 30
4096 31
6144 32
512 33
1024 34
5120 35
4096 36
2048 37
1536 38
3584 39
7168 40
1024 41
512 42
6144 43
1536 44
4096 45
2048 46
3584 47
2048 48
12288 49
1536 50
3072 51
2560 52
512 53
10752 54
4608 55
1024 56
512 57
5120 58
3072 59
1536 60
1024 61
1024 62
512 63
512 64
3072 65
2560 66
512 67
7168 68
512 69
9216 70
1024 71
3072 72
3584 73
2048 74
1024 75
4096 76
4096 77
512 78
3072 79
3584 80
6144 74
1024 71
512 72
3584 69
512 67
1024 67
8704 64
3584 63
3584 57
4096 56
2560 55
2560 56
512 50
2048 49
7680 50
2560 51
4608 52
15360 53
10752 54
2048 55
16384 56
1024 57
512 58
512 59
1024 60
512 61
6656 62
3584 63
4096 64
1024 65
3072 66
8704 67
3584 68
1024 69
5632 70
8192 71
2048 72
2560 73
2048 74
512 75
3072 76
2048 77
512 78
16384 79
3584 80
1024 81
3072 82
6144 83
2560 84
15872 81
5120 81
3584 73
5632 73
3584 70
512 67
2048 64
1536 60
1024 58
512 51
3072 43
2048 34
3584 35
1536 32
2048 31
9728 27
512 22
2560 19
8704 15
6656 15
7680 14
1024 11
2560 8
4096 4
4608 4
1024 2
2048 2
512 1
1536 2
10752 3
4096 4
1024 5
3072 6
2560 7
512 8
6144 9
2048 10
1024 11
2048 12
2048 13
5120 14
8192 15
4096 16
512 17
512 18
1024 19
4096 20
3584 21
4608 22
2560 23
1024 24
6144 22
7168 20
1536 20
10752 19
1024 15
1536 15
12288 10
6656 7
512 3
2048 3
512 1
512 1
512 1
1024 1
2048 2
7168 3
4096 4
512 5
4096 6
8704 7
512 8
3584 9
1024 10
1536 11
8704 12
512 13
3584 14
3072 15
3584 16
2048 17
2560 18
13824 19
1024 20
1024 21
7168 22
512 23
5120 24
2048 25
1536 26
3072 27
1024 28
2560 29
1024 30
2048 31
5632 32
1536 33
1536 31
512 29
2048 28
3072 21
3584 22
6656 23
1024 24
5120 25
6144 26
512 27
512 28
1024 29
512 30
1024 31
3584 32
7680 33
3584 34
13312 35
1536 36
512 37
2048 38
4096 39
512 40
512 41
1024 38
1536 37
1536 38
1536 37
1536 36
3072 36
8704 28
2048 27
6656 24
3584 19
2048 19
1024 20
3072 21
2048 11
3584 7
4608 2
1024 1
2560 1
4096 1
1536 1
3072 2
2048 1
3072 1
3584 2
512 3
1024 4
512 5
1536 6
1536 7
2560 8
5120 9
1024 10
4608 11
3072 12
4608 13
6656 14
1536 15
1536 16
3584 17
1536 18
7168 19
1536 20
4096 21
2048 22
2048 23
4096 24
1024 25
9216 26
1536 27
1536 28
3584 29
512 30
512 31
4096 32
6656 33
512 34
2048 35
5632 36
6144 37
2560 38
1536 39
9216 36
7680 28
512 28
9728 22
5120 9
3072 9
3584 9
4096 3
1024 1
2048 1
512 1
1536 1
1536 2
1536 1
1536 1
7168 1
1536 2
2048 3
1536 4
4096 5
12288 6
5120 7
512 8
1024 9
4096 10
5120 11
512 12
2048 13
1024 14
512 15
2048 16
5120 17
12800 18
7168 19
512 20
3072 21
512 22
3072 23
2048 24
2560 25
1024 26
3584 27
512 28
2560 29
512 30
3072 31
5120 32
512 33
3584 34
5632 35
1024 36
4608 37
512 38
8704 39
1024 40
10752 41
1536 42
4608 43
8704 44
2048 45
9216 46
10240 47
3072 48
2560 49
1536 50
2560 51
9216 52
512 53
1536 54
8192 55
2048 56
512 57
1536 58
1536 59
3584 60
1024 61
10752 62
5632 63
5632 64
2048 65
13824 66
2048 66
512 67
7680 66
1536 60
11264 54
2048 55
1024 54
3072 52
4096 51
2048 46
2048 45
15360 23
2560 24
2048 25
1024 21
2560 18
5120 10
2560 10
1024 7
4096 6
512 1
512 1
1536 1
5120 1
5120 2
3072 3
6144 4
512 5
2048 6
2560 7
512 8
3584 9
9728 10
2560 11
4096 12
3072 13
1536 14
1024 15
5632 16
1536 17
5632 18
2048 19
512 20
15360 21
13824 22
3072 23
512 24
1024 25
512 26
1536 27
1024 28
6656 29
1024 30
1536 31
3072 31
1024 26
5632 23
1536 24
512 20
16384 8
1536 9
4096 7
1536 5
1536 4
512 5
512 4
1024 1
3072 2
2560 3
3584 4
2560 5
3584 6
1024 7
512 8
7168 9
512 10
1536 11
3584 12
1024 13
3584 14
3584 15
512 16
512 17
3072 18
3584 19
512 20
1536 21
1024 22
1024 23
10752 24
3072 25
2048 20
1024 8
3072 3
5632 3
3072 1
3584 2
512 3
3584 4
512 5
1536 6
3072 7
512 8
4096 9
3072 10
2560 11
2048 12
3072 13
512 14
11264 15
1024 16
1536 17
1024 18
2048 19
1024 20
3072 21
2048 12
512 10
512 5
2048 1
2560 2
2048 3
3584 4
1536 5
1024 6
7168 7
3584 8
6656 9
3584 10
2048 11
4096 12
1024 13
512 14
4608 15
10240 16
2560 16
2560 11
8704 12
1536 11
512 6
3584 1
2048 1
1024 1
512 1
2560 1
4608 2
2048 3
1536 4
1024 5
1536 6
1536 7
5120 8
1536 9
9216 10
512 11
3072 12
1536 13
6144 14
1536 15
512 16
1024 17
1024 18
1024 19
8704 20
5120 21
2048 22
3584 23
1536 19
6656 17
2560 13
3072 6
1024 2
2560 1
3072 2
2048 3
2560 4
512 5
2048 6
2048 7
14336 8
2048 9
1536 10
2048 11
4608 12
5632 13
3584 14
3072 15
512 16
2048 15
1536 12
512 7
5632 7
512 1
2048 1
3584 1
512 1
1536 2
2048 3
512 4
15872 5
5120 6
1024 7
7680 8
2048 9
3072 10
6144 11
1536 12
5632 13
1024 14
3584 15
6144 16
1536 17
512 18
2048 19
2048 20
2560 21
6144 22
10752 23
2048 24
512 25
4608 26
1536 27
2048 28
3072 29
4096 30
1024 31
5120 32
3072 33
2560 34
1024 35
3584 36
3584 37
512 38
3584 39
1536 40
8192 41
4096 42
3584 43
2048 44
5632 45
7168 38
5632 38
2048 37
512 34
3072 31
1536 29
4096 27
3072 23
4608 24
1024 23
3584 22
6144 16
512 13
512 12
4608 6
1536 5
512 2
3584 1
6656 2
7680 1
2048 1
3072 2
6144 2
1536 1
2560 1
1024 2
6144 3
1536 4
3584 5
4608 6
512 7
512 8
7168 9
6656 10
512 11
2560 12
2048 13
1536 14
7680 15
3072 16
2560 17
6144 18
2048 19
11264 20
2560 21
512 22
1024 23
1536 24
6656 25
3072 26
1536 27
4096 28
1024 29
4096 30
4608 31
512 32
7680 33
2048 34
2560 35
5632 36
512 37
512 38
1024 39
1536 40
1536 41
1536 42
1024 43
512 44
5632 45
2560 46
4096 47
512 48
2560 44
512 40
1536 38
512 37
1536 34
4096 28
2048 28
6656 25
2560 24
1536 22
512 21
1024 17
9216 12
1536 10
7168 2
1024 1
2560 1
512 1
1024 1
1024 2
1024 1
1536 1
512 1
2048 1
6144 1
2048 1
512 2
512 2
2560 1
2048 1
1024 1
1024 1
3072 1
6144 1
512 1
6144 1
7680 2
10240 3
8704 4
2560 5
2560 6
3072 7
3072 8
3584 9
3072 10
3584 11
3072 12
512 13
3072 14
5120 15
2560 16
512 17
3072 18
12800 19
1536 20
3072 21
512 22
4096 23
512 24
4096 25
2560 26
5632 27
6144 28
512 29
8192 30
10752 31
5632 32
1536 33
1024 34
6656 35
512 36
12288 37
2048 38
1024 39
4096 40
1024 41
2048 42
512 43
7168 44
6144 45
2560 46
1024 47
1024 48
6144 49
2560 50
2048 51
1024 52
512 53
512 54
1024 55
8704 56
3072 57
2048 58
6144 59
9216 60
3072 61
512 62
1536 63
12800 64
3072 65
6144 66
1536 67
15872 68
5632 69
1536 70
2560 68
3072 66
11776 66
1536 67
2048 68
1024 69
4608 70
4608 71
7168 72
6144 73
2048 74
2048 75
7168 76
7680 77
5120 78
11264 79
1024 80
2048 81
4096 82
512 83
1536 84
3072 85
512 86
2560 87
3584 88
512 89
4096 90
10240 91
1024 92
10240 93
3072 94
1024 95
2048 96
3584 97
512 98
7680 99
3584 100
512 101
6656 102
3072 103
3584 104
1536 103
1536 102
3584 99
2560 100
4608 100
1024 94
6656 93
5120 89
1024 89
1536 86
2048 84
4608 84
1024 82
1024 78
8704 69
2048 68
3072 69
2560 68
2560 64
1024 60
6144 55
3584 55
1536 55
3072 53
512 52
2560 52
1536 45
1536 42
7680 39
4096 37
4096 34
9216 34
1536 35
4608 27
6144 24
2048 24
1536 19
1536 17
1024 13
1536 11
4096 10
6656 8
1024 8
1024 7
1024 4
2048 1
6656 2
3072 3
2560 4
1536 5
1024 6
2560 7
6656 8
512 9
5632 10
3584 11
2048 12
2048 13
1536 14
5120 15
5632 16
5120 17
1536 18
2560 19
4608 20
512 21
2048 22
3584 23
512 24
5120 25
6144 26
4096 27
4608 28
3072 29
2048 30
3072 31
3584 32
2560 33
1536 34
12800 35
512 36
1024 37
4096 38
512 39
10752 40
6656 41
512 42
512 43
8704 44
512 45
5120 46
11776 47
5632 48
2560 49
2048 50
3584 51
1024 52
3584 53
1536 54
3584 55
11264 56
512 57
6656 58
12800 59
1024 60
2560 61
7168 62
2560 63
512 64
3584 65
1024 66
2048 67
1024 68
2560 69
3072 70
2048 71
7168 70
1536 71
1536 69
7168 67
6656 61
5120 62
512 62
3072 62
2048 63
7680 61
6656 59
11776 57
3072 56
4096 52
1024 49
4608 49
1024 50
6144 51
16384 52
4096 53
512 54
7680 55
512 56
1024 57
3072 58
4096 59
512 60
9728 61
4608 62
2048 63
4096 64
2560 65
4608 66
512 67
1024 68
512 69
3584 70
1536 71
3584 72
2560 73
3072 74
4096 75
1536 76
9728 77
10240 78
2048 79
6144 80
7680 81
6656 82
6656 83
2560 84
6144 85
3072 86
512 87
6144 88
4608 89
2560 90
3072 91
512 92
1024 93
4096 91
4096 87
12800 85
2560 82
1024 78
2048 74
512 71
6656 67
3584 64
7680 60
4608 57
4608 55
4096 55
5632 55
5120 51
2560 50
1024 49
1536 45
1536 46
1536 45
1536 43
3072 41
1536 38
512 38
4608 38
512 36
512 35
16384 35
7168 36
512 37
2048 38
3072 39
2048 40
512 41
1536 42
6144 43
5632 44
512 45
512 46
5120 47
7680 48
6656 49
3072 50
1024 51
8704 52
2048 53
3584 54
2048 55
6144 56
512 57
4608 58
2048 59
512 60
1536 61
5632 62
1024 63
3584 64
4608 65
10752 66
4608 67
512 68
6656 69
5632 70
512 71
2560 72
5120 73
2048 71
1024 72
1536 67
3072 68
1536 62
1024 63
5120 59
512 56
512 52
1536 47
4096 46
3584 45
4608 43
12288 39
512 40
512 41
4096 37
8192 33
1024 31
2048 30
4096 25
5120 17
5120 16
2048 17
8704 18
15360 19
1024 20
4096 21
9216 22
14336 23
3072 24
6144 25
6144 26
9728 27
1024 28
12288 29
4096 30
4608 31
5120 32
2048 33
10240 34
2560 35
9728 36
3072 37
7168 38
1024 39
15360 40
5632 41
4608 42
6144 43
2560 44
4608 45
1536 46
6144 47
4096 48
16384 49
2048 50
5120 46
3072 46
4096 43
512 44
1536 44
4608 42
1536 41
4608 37
512 35
3072 34
1024 35
2560 32
1536 25
14848 22
5120 21
2560 21
2048 19
512 15
512 13
8192 8
3072 6
8192 1
2048 1
512 1
4608 1
2560 1
1536 1
2560 1
1024 1
3584 1
1024 2
9216 3
4096 4
3584 5
1024 6
6144 7
2560 8
8192 9
14336 10
1536 11
1536 12
8192 13
2048 14
3072 15
1536 16
16384 17
10240 18
7168 19
3072 20
2560 21
2048 22
2048 23
9216 24
512 25
2048 26
512 27
5120 28
2048 29
1536 30
5632 31
512 32
1536 33
2048 34
2048 35
7168 36
2048 37
1536 38
3072 39
9728 40
1536 41
512 42
1024 43
512 44
4608 45
1536 46
2560 47
5120 48
512 49
2048 50
512 51
8192 52
2560 53
2048 54
6656 55
2048 56
512 57
2560 58
6656 59
512 59
2560 57
11264 55
6656 54
8704 52
5632 51
1024 50
5120 48
3584 47
1024 43
5632 36
10240 32
512 33
2048 28
7680 22
512 21
5120 18
1536 14
512 11
10240 7
3072 6
14848 1
5632 2
3072 1
4096 1
3072 1
2560 1
3072 1
512 1
512 2
512 3
3072 4
1024 5
4608 6
1536 7
1536 8
5120 9
3072 10
2048 11
5120 12
7168 13
8192 14
512 15
512 16
2560 17
3072 18
1536 19
512 20
1024 21
1024 22
2560 23
2048 24
1024 25
2048 26
1536 27
2048 28
512 29
5632 30
1536 31
2048 32
3072 33
10240 34
10752 35
14848 36
4608 37
6144 38
1024 39
4096 40
2560 41
2560 42
2048 43
1536 44
2048 45
1536 46
2560 47
6656 48
512 49
7168 50
1536 51
4096 52
2048 53
512 54
4096 55
5632 56
3584 57
2048 58
512 59
4096 60
512 61
512 62
3072 63
512 64
1536 65
3072 66
6144 67
512 68
512 65
5632 64
1024 65
2048 63
6144 64
1024 65
6144 66
3584 67
8192 68
4608 69
3584 70
512 71
1024 72
8704 73
4096 74
4096 75
4608 76
9728 77
8704 78
9216 79
8192 80
6144 81
12800 82
2560 83
1536 84
4096 85
2560 86
2560 87
512 88
1536 89
2560 90
512 91
2560 92
512 93
10752 94
4096 95
7168 96
4608 97
3584 98
512 99
2560 100
2048 101
512 102
4608 103
9728 104
512 105
4608 106
3584 107
512 108
5120 109
9728 110
2560 111
2048 112
3584 113
1024 114
2048 115
512 116
2048 117
9728 118
1024 119
2048 120
9216 121
6144 122
1024 123
2560 122
512 120
1536 117
10752 113
1536 109
1536 108
1536 107
1024 105
2560 101
2048 101
1024 98
2560 97
3584 90
1536 91
5120 84
7168 82
4096 77
2048 75
4608 74
512 73
1024 70
9728 65
2560 65
11264 61
4096 55
3584 53
3072 53
1536 51
512 48
1536 45
2560 43
2048 42
1024 42
512 38
9216 36
1536 33
2560 28
512 27
512 23
5632 24
1536 25
1024 26
1536 27
512 28
2048 29
512 30
4096 31
5632 32
3584 33
3072 34
512 35
1536 36
512 37
512 38
512 39
8192 40
2560 41
512 42
5120 43
512 44
1536 45
12800 46
7680 47
7168 48
512 49
2560 50
512 51
7680 52
2560 53
8192 53
2048 53
6144 48
1536 48
512 49
11264 44
512 45
1536 40
512 40
512 39
2048 32
6144 31
1024 30
3584 27
2560 25
512 22
4608 22
2560 17
13312 16
4608 17
5632 7
1536 8
7168 6
512 6
2048 2
1024 1
512 1
2560 1
5632 2
512 3
512 4
512 5
1536 6
3072 7
7680 8
512 9
512 10
11776 11
9216 12
1024 13
1536 14
512 15
3584 16
512 17
6656 18
512 19
1024 20
3072 21
3584 22
1536 23
2048 24
5632 25
9216 26
3072 27
4608 28
2048 29
2048 30
4096 31
2048 32
2560 33
1536 34
2560 35
15360 36
3584 37
4096 38
6144 37
5120 34
2560 34
1536 26
3072 26
2560 26
1536 23
1536 23
4096 20
1024 17
7680 12
512 10
6656 4
2048 3
1024 1
512 1
4608 1
3072 1
1536 1
1536 1
3584 1
3072 1
2560 2
1024 3
9216 4
6656 5
3584 6
10240 7
5632 8
3584 9
7680 10
2048 11
1024 12
10240 13
2048 14
2048 15
512 16
512 17
2048 18
1024 19
2048 20
4096 21
512 22
2560 23
8192 24
2560 25
1024 26
4096 27
1536 28
10752 29
2560 30
512 31
2048 32
3072 33
1536 34
1024 35
5120 36
1024 37
6656 38
2048 39
7680 40
512 41
4608 42
512 43
3072 44
10752 45
512 46
2560 47
6144 48
2560 49
4096 50
512 51
2048 52
5120 53
10240 54
3584 55
5632 56
1536 57
6144 58
4096 59
4096 60
2560 61
1024 62
4608 63
2560 64
4096 65
3584 66
5120 67
1024 68
6144 64
3072 61
3584 60
2048 58
4096 58
512 53
1024 54
2048 53
1536 53
2048 52
4608 46
2048 45
3072 42
3584 39
4096 36
3072 31
1536 30
2048 31
5120 32
3072 33
512 34
4608 35
2048 36
1024 37
16384 38
2048 39
1536 40
3584 41
7680 42
1024 43
1536 44
512 45
6144 46
6656 47
3072 48
2048 49
1024 50
6656 51
3072 52
11776 53
1536 54
13312 55
512 56
7680 57
7680 58
12800 59
2048 60
9216 61
1536 62
6656 63
3072 64
6656 65
1536 66
2560 67
11776 68
2560 69
3584 70
3584 71
3584 72
5632 73
1536 74
2048 75
2048 76
1536 76
11776 77
1536 78
8192 79
1536 80
512 81
512 82
512 83
5632 84
2560 85
1536 86
2560 87
1024 88
7680 89
2048 90
6656 91
1024 92
5632 93
3072 94
1536 95
3072 96
2048 97
4096 98
9216 99
2560 100
3072 101
14336 102
7168 103
512 104
512 105
512 106
1536 107
14336 108
1536 109
4096 110
512 111
3072 112
6144 113
3072 112
1536 110
4608 105
3072 103
4608 97
1536 94
3584 91
16384 89
3584 82
1536 81
2560 78
1536 76
512 74
2048 71
512 70
2560 70
3072 68
1536 67
9216 63
1536 63
512 64
1536 61
4608 57
512 57
512 54
2560 50
1024 51
512 52
512 51
1024 50
1024 48
14848 42
1024 43
2048 40
2048 39
1024 37
1024 38
8704 39
7680 40
4096 41
1536 42
512 43
1536 44
2560 45
1536 46
5120 47
5632 48
3584 49
1024 50
4096 51
512 52
512 53
4096 54
5120 55
7680 56
512 57
5120 58
1024 59
5632 60
1024 61
1024 62
5120 61
1536 59
6144 57
2560 55
4608 51
1024 44
2560 37
3072 35
2560 33
1536 33
2048 33
6656 33
5632 30
512 28
4096 23
2560 22
8704 20
1024 20
1536 18
3584 13
1536 13
1024 14
3584 10
3072 4
2560 4
512 3
9216 1
1536 2
1536 3
512 4
1024 5
12800 6
3072 7
4096 8
1024 9
2048 10
1536 11
1024 12
1024 13
512 14
2560 15
3072 16
4096 17
6656 18
5632 19
512 20
4608 21
3584 22
4096 23
512 24
512 25
7168 26
4096 27
7168 28
2048 29
1024 30
512 24
4096 24
2560 24
3584 18
1536 19
3584 19
2048 18
2560 17
3584 13
2048 11
512 7
4096 7
4096 4
4096 2
512 2
4096 1
4096 1
1536 1
4096 2
1024 3
1024 4
1024 5
3584 6
11776 7
512 8
16384 9
512 10
2048 11
1024 12
3072 13
3584 14
9216 15
4608 16
5120 17
1024 18
1536 19
2048 20
3072 21
2048 22
3072 23
2048 24
7680 25
4096 26
4608 27
512 28
13824 29
1536 30
1024 31
2560 32
5120 33
2048 34
8704 35
7168 34
512 28
2560 28
2048 25
512 26
9728 24
4096 22
4096 16
8704 14
512 15
4096 13
9728 11
2048 12
1024 13
512 14
4096 9
4608 6
1024 2
3072 1
512 1
2048 1
1024 1
11264 2
2048 3
1536 4
1024 5
1536 6
5632 7
5632 8
10752 9
4096 10
1024 11
6144 12
1024 13
1024 14
5120 15
3584 16
1536 17
3072 18
2048 19
1024 20
13312 21
2048 22
2048 23
6656 24
512 25
3584 26
512 27
1024 28
2048 29
7680 30
1024 31
8704 32
3584 33
5632 34
1024 35
1536 36
3584 37
13824 38
512 39
2560 40
3072 41
4096 42
1024 43
3584 44
5632 45
512 46
1024 47
1024 48
6656 49
1536 50
8192 51
1536 52
512 53
10240 54
1536 55
512 56
512 57
4608 58
5120 59
2560 60
1024 61
2560 62
512 63
8192 64
8192 65
4608 66
8704 59
512 60
9728 59
3072 58
6144 58
6144 56
3584 57
12288 55
512 54
1024 54
5632 53
2560 54
1024 51
1024 51
5120 48
2048 45
5632 45
1024 44
512 43
3584 38
6656 32
2560 31
2560 31
2048 31
4608 29
7680 28
1536 21
2560 22
512 23
1024 18
2048 18
1536 15
2048 12
512 9
512 9
1024 1
512 1
6656 1
2560 1
512 1
1536 2
1536 3
4096 4
1536 5
4608 6
1024 7
4608 8
3584 9
2560 10
512 11
2048 12
3584 13
5632 14
1024 15
3584 16
1536 17
2048 18
4096 19
4096 20
7680 21
2048 22
1536 23
2048 24
2048 25
2560 26
4096 27
4096 28
4608 29
6144 30
7168 31
1024 32
4608 33
5120 34
512 35
1536 36
1536 37
7680 38
512 39
5632 40
3072 41
5632 42
6656 43
10240 44
3072 45
2048 46
6144 47
3584 48
3584 49
2048 50
512 51
1536 52
8192 53
6656 54
1024 51
1536 48
512 49
2048 44
512 43
2048 43
512 43
1536 42
1536 42
1024 43
512 41
1536 41
7168 39
8704 39
2560 39
2560 36
1536 33
10752 29
1024 29
1536 28
3072 24
6656 23
1024 17
2560 12
2048 9
512 5
1536 1
3072 1
16384 1
1536 2
512 3
3072 4
1536 5
3584 6
2560 7
1024 8
512 9
1536 10
6656 11
1536 12
16384 13
512 14
4096 15
7168 16
1536 17
2560 18
512 19
3584 20
512 21
5120 22
2048 23
1536 24
1024 25
14336 26
4096 27
2048 28
512 29
5632 30
8192 31
3584 32
7680 33
1536 34
9728 35
1536 36
2560 37
7168 38
7680 39
5120 40
1536 41
3072 42
3584 43
2048 44
2048 45
2048 46
3584 47
1024 48
512 49
9216 50
2560 51
3072 52
3072 53
1536 54
2560 55
512 56
3072 57
4608 58
512 59
3072 60
3072 60
3584 59
512 56
4096 53
1536 54
11776 50
10752 47
1024 46
5120 45
2048 43
5632 41
9216 39
5120 35
2560 35
2560 33
1536 31
3072 26
512 25
2048 22
1024 20
1024 17
1024 13
2560 12
1024 11
3584 7
1536 5
2560 2
512 1
4608 2
512 3
2048 4
5120 5
2560 6
512 7
512 8
4096 9
1024 10
2560 11
6656 12
8192 13
512 14
512 15
512 16
512 17
2560 18
3584 19
12288 20
1024 21
1536 22
10752 23
5120 24
2560 25
3072 26
3584 27
9216 28
1536 29
512 30
1024 31
6144 32
4608 33
2560 34
10752 35
4608 36
2048 37
512 38
512 39
12288 40
12288 41
3072 42
1024 43
512 44
13312 45
1536 46
2048 47
1536 48
3072 45
6144 41
4096 40
4096 41
2560 40
3584 37
2048 36
5632 36
1024 33
11264 31
1536 28
1024 28
8192 28
3584 25
1024 20
6144 15
1024 11
13312 5
2560 6
2048 7
7680 2
4096 1
512 1
3072 1
16384 1
5120 2
5120 3
512 4
7680 5
7168 6
2560 7
4608 8
1536 9
1024 10
6144 11
1536 12
1024 13
512 14
2560 15
2560 16
6656 17
2560 18
11264 19
8704 20
512 21
512 22
3584 23
1024 24
4096 25
1536 26
1536 27
8704 28
6144 29
512 30
5632 31
512 32
6656 33
2560 34
2560 35
1024 36
9216 37
1024 38
2048 39
3072 40
1024 41
1536 42
512 43
5632 44
1536 45
3072 44
512 45
11264 46
4096 47
512 48
5632 49
6656 50
2048 51
6656 52
2048 53
1536 54
6656 55
2560 56
3072 57
11264 58
6144 59
1024 60
5632 61
8192 62
1024 63
4096 64
512 65
3584 66
10240 67
512 68
1536 69
4096 70
1536 71
512 70
1024 69
4608 68
2560 61
3584 62
6144 62
2048 62
3584 58
1024 55
512 52
3072 51
6656 47
7680 45
4096 44
512 42
3584 38
1024 35
512 32
512 29
3584 27
7168 21
10752 19
5120 17
512 13
8192 13
4096 10
4608 7
4096 8
1024 7
1024 5
5120 4
3072 1
1536 1
2560 1
1024 1
512 1
2560 1
512 1
512 2
1024 3
2048 4
1536 5
3072 6
7168 7
2560 8
2048 9
6656 10
3584 11
6656 12
2560 13
1024 14
1024 15
5120 16
4096 17
4608 18
4608 19
2048 20
2560 21
512 22
2048 23
3072 24
1024 25
2560 26
11264 27
6144 28
11264 29
4608 30
512 31
2560 32
1536 33
512 34
11776 35
1024 36
7680 37
5120 38
4608 39
2560 40
13312 41
4096 42
1536 43
8704 44
1536 45
3584 46
1536 47
2048 42
2560 43
2560 43
6656 43
1024 43
4096 42
2560 39
4608 37
1024 37
4608 33
512 28
6144 26
4096 23
4608 22
3072 16
2048 12
512 11
2560 8
2560 6
1024 4
1536 1
512 1
1024 1
3584 1
2048 2
3584 3
3584 4
4096 5
4608 6
7168 7
1024 8
9216 9
512 10
10240 11
1024 12
3072 13
8704 14
5120 15
11776 16
4096 17
8704 18
512 19
1024 20
6144 21
512 22
2048 23
1024 24
8192 25
1024 26
1536 27
512 28
5632 29
1536 30
6144 31
2560 32
2048 33
3072 34
6144 35
2560 36
3072 37
512 38
5632 39
512 40
4608 41
5120 42
512 43
4096 44
2560 45
9216 46
10240 47
2560 48
6656 49
2560 50
512 51
7680 52
512 53
1024 54
6144 55
2048 56
5632 57
1024 57
1024 55
3584 53
7680 44
3072 45
9728 38
1024 39
512 40
512 41
1024 39
512 40
10240 38
4608 39
4096 38
2560 38
512 36
5120 33
6144 31
1536 27
3072 25
2560 23
3072 20
1536 19
1024 14
512 8
8192 8
3072 5
1024 3
2048 3
3072 1
4608 1
1536 1
3584 2
512 3
1536 4
4608 5
1024 6
512 7
1024 8
2048 9
1024 10
16384 11
512 12
4608 13
5120 14
1024 15
4608 16
1536 17
1536 18
9216 19
4608 20
10752 21
1536 22
1024 23
1024 24
16384 25
512 26
1024 27
2560 28
2560 29
2560 30
8192 31
512 32
1024 33
2560 34
1024 35
4096 36
512 37
5120 38
4096 39
2048 40
2048 41
2048 42
2048 43
512 44
3584 45
3072 46
5120 47
2560 48
7168 49
512 50
3584 51
6144 52
2048 53
1024 54
3584 55
4608 56
512 57
7168 58
512 59
2048 60
2560 61
512 60
3584 59
2048 53
9216 52
1536 53
2560 51
4608 52
1024 51
1536 50
8704 49
3584 47
8704 44
7680 43
3584 44
5120 42
9728 39
1536 39
3584 39
512 40
5120 38
4608 36
512 32
5632 29
6656 27
2560 21
3584 20
4096 21
4608 15
1536 16
1536 13
4608 10
1024 6
1536 6
3072 3
2560 4
512 1
8192 1
5120 1
1024 1
6656 2
1024 3
1536 4
1536 5
5120 6
15360 7
1536 8
3072 9
1536 10
6656 11
1024 12
7168 13
4096 14
1024 15
1024 16
512 17
7680 18
5120 19
5632 20
1024 21
2560 22
1024 23
2560 24
1536 25
512 26
4608 27
1536 28
1536 29
1024 30
11264 31
1536 32
512 33
3072 34
4608 35
2048 36
512 37
3072 38
4608 39
512 40
512 41
5120 42
2560 43
512 44
512 45
10240 46
1024 47
10240 48
512 49
4608 50
5632 51
3072 52
1536 53
512 54
3072 55
1536 56
10240 57
6656 58
2048 59
3584 58
4096 57
1024 56
3072 55
4608 53
2560 51
1536 51
3584 48
512 46
2048 44
512 42
3584 37
1024 37
3072 34
2560 31
4608 26
1024 25
2560 26
5120 23
14336 19
2560 19
1536 17
2048 12
4608 12
6144 11
6656 7
5120 6
5632 3
512 2
2560 1
7680 1
3072 2
512 3
1536 4
6656 5
2560 6
7680 7
13824 8
512 9
3584 10
3584 11
5120 12
3584 13
512 14
1024 15
1536 16
13312 17
1024 18
16384 19
6656 20
512 21
6656 22
2560 23
6656 24
3072 25
2048 26
5120 27
1536 28
1024 29
8704 30
16384 31
6656 32
1536 33
1024 34
1536 35
1024 36
1024 37
2048 38
2048 39
512 40
1536 41
3072 42
6656 43
2560 44
9728 45
2560 46
2048 47
3584 48
2048 49
4096 50
6656 51
1024 52
3072 53
7168 54
2048 55
3072 56
4608 57
512 58
5632 59
512 60
4096 61
1024 62
5120 63
11776 64
2560 65
3584 66
5120 67
1024 68
3584 69
1024 70
1024 71
1536 72
4608 73
1024 74
2048 75
1024 76
9728 77
2048 78
2048 79
512 80
1536 81
7168 81
3584 81
2048 77
11264 77
2048 76
3584 71
13824 69
512 66
6656 64
2048 64
512 64
2560 60
1536 57
2048 54
512 49
2560 46
4608 45
1536 45
5120 43
2048 42
1536 41
4608 39
3584 38
3072 34
2048 33
5120 32
1024 29
512 27
1536 25
8704 21
512 22
2560 18
1536 16
4608 12
1536 11
3072 11
5120 6
4096 4
2048 2
7680 1
1536 2
4608 3
4096 4
512 5
4096 6
6144 7
1536 8
8704 9
1536 10
3584 11
3584 12
4096 13
1536 14
8192 15
2048 16
512 17
2560 18
1536 19
512 20
1024 21
8192 22
512 23
3584 24
2048 25
512 26
4096 27
2560 28
3584 29
2560 30
4096 31
2560 32
5120 33
3584 34
512 35
2560 36
1024 37
3072 38
4096 39
512 40
6656 41
1536 42
1024 43
2560 44
1536 45
2048 46
1536 47
5632 48
3072 49
5632 50
1024 51
6656 52
7680 53
2048 54
6656 55
5120 56
1024 55
1536 55
512 52
2560 53
512 50
5120 47
7680 41
1536 41
3072 38
1536 38
4608 36
6656 35
5632 32
3072 32
1536 30
1024 29
5632 25
1536 25
1024 26
3584 24
6656 22
6656 17
6656 15
512 14
7168 12
7168 6
1024 7
6656 6
2560 4
512 2
1024 1
5632 1
1536 2
7168 3
3584 4
2048 5
512 6
2048 7
512 8
1024 9
1536 10
2560 11
512 12
10240 13
5632 14
10752 15
1024 16
10752 17
6656 18
2048 19
4096 20
2048 21
512 22
512 23
5120 24
1024 25
1536 26
3584 27
1024 26
10752 24
1536 17
512 16
4608 14
1536 15
4608 16
4096 15
1536 15
2048 13
4096 8
2048 7
4096 2
1024 3
8704 1
1024 1
4096 2
1536 3
5632 4
4096 5
2560 6
1024 7
1536 8
5632 9
9728 10
4096 11
3584 12
2560 13
5120 14
1024 15
4608 16
2048 17
4096 18
3072 19
5120 20
10752 21
2560 22
9216 23
5120 24
8704 21
1536 22
1536 22
7680 19
1536 20
2048 18
1024 15
2560 14
2560 11
512 10
7680 7
1024 4
2560 1
4608 2
4096 3
6144 4
3072 5
512 6
5120 7
1024 8
1536 9
10240 10
2560 11
9728 12
512 13
11264 14
2048 15
9216 16
1024 17
2048 18
1024 19
512 20
2560 21
6656 20
9216 19
12288 19
10240 18
1024 19
3584 18
2048 17
2560 15
6656 9
1536 9
1024 2
2560 3
5632 1
2048 1
3584 2
2048 3
5120 4
512 5
512 6
8704 7
5120 8
1536 9
3072 10
512 11
3072 12
4096 13
2048 14
512 15
1024 16
2048 17
512 18
1536 19
4096 20
1536 21
6144 22
5632 23
4608 24
1536 25
6144 26
1536 27
5120 28
5632 29
8704 30
1536 29
3584 23
2048 23
6144 21
5632 16
1024 16
6144 14
4096 15
8192 13
7680 12
5120 8
3584 8
512 9
3072 9
11776 6
5632 7
1024 3
2048 1
512 1
3584 2
3072 3
4096 4
3072 5
2560 6
3072 7
2048 8
2048 9
2560 10
3584 11
2048 12
2560 13
2048 14
2048 15
3072 16
1536 17
1024 18
1024 19
1536 20
4096 21
9216 22
2560 23
3072 24
1024 25
512 26
3584 27
2048 28
2560 29
6144 30
7680 31
6144 32
4096 33
16384 34
1536 35
1024 36
1024 37
11776 38
6656 39
2048 40
7680 41
512 42
2048 43
512 44
3072 45
5120 46
512 47
8192 44
512 45
512 46
2048 45
1536 43
2048 38
4096 30
1024 31
14336 26
2048 27
2560 28
11776 28
2560 26
1024 22
1024 21
1024 18
2560 12
11776 6
4608 3
4096 3
512 2
3072 1
1024 1
512 1
512 2
512 3
2048 4
1536 5
5632 6
1536 7
2048 8
1536 9
7168 10
1024 11
3072 12
1024 13
2048 14
3072 15
2560 16
6144 17
2048 18
4608 19
4608 20
1536 21
5632 22
3072 23
2048 24
2048 25
5632 20
1024 21
6656 18
3072 19
4608 12
3584 11
512 12
1024 11
512 11
512 7
4096 7
8704 4
2560 1
5632 1
5632 1
3584 1
3072 1
512 1
5632 1
1024 1
6144 2
3072 3
3072 4
1536 5
3584 6
4608 7
512 8
8192 9
512 10
5120 11
1536 12
2048 13
3072 14
7680 15
1024 16
1024 17
512 18
1024 19
9216 20
1536 21
16384 22
1024 23
4096 24
1536 25
5632 26
10240 27
7168 28
512 29
2048 30
6144 31
2048 32
6656 33
512 34
3072 35
7168 36
2560 37
3072 38
4608 39
3584 40
512 41
512 42
1536 43
5632 44
4096 45
7168 46
512 47
1536 48
1024 49
5632 50
2560 51
2560 52
4096 53
2048 54
2560 55
1024 54
7168 53
3072 53
512 53
1024 51
5632 50
512 49
1536 48
6144 49
1536 44
1024 44
512 42
6144 37
1536 36
1536 35
16384 36
4096 37
2560 38
2560 39
1536 40
3584 41
5632 42
15872 43
512 44
4608 45
512 46
3584 47
5632 48
4608 49
15360 50
512 51
2048 52
512 53
3584 54
8704 55
6656 56
1024 57
3072 58
512 59
512 60
2048 61
512 62
2048 63
7680 64
15360 65
1536 66
4608 67
4096 68
10752 69
512 70
4096 71
6656 72
512 73
10240 73
1024 67
2048 66
1024 63
3072 61
5120 61
4096 57
6144 55
512 49
1536 47
1536 46
1536 43
2048 43
512 39
6144 38
512 35
1024 33
1024 27
1024 28
512 22
3072 22
512 23
512 21
9216 16
6144 12
2048 11
7680 6
4096 3
1024 1
6656 2
5632 1
2560 2
1536 3
4608 4
512 5
512 6
5120 7
4608 8
4608 9
2560 10
3584 11
9216 12
7168 13
11264 14
1536 15
3072 16
512 17
4096 18
6656 19
2560 20
2560 21
512 22
6656 23
4608 24
512 25
4096 26
1024 27
9728 28
1536 29
512 30
512 31
4096 32
1024 33
512 34
1536 35
512 36
8704 37
512 38
512 39
512 40
512 39
7680 34
512 35
5120 34
3584 32
512 33
512 31
2560 29
12288 26
4096 22
512 22
1024 20
1024 18
3072 12
7168 13
7680 8
5632 7
512 4
512 4
2048 5
3072 1
2048 1
2048 1
1024 1
512 1
2048 1
1536 1
9728 2
8192 3
1024 4
3072 5
2048 6
4096 7
1536 8
1536 9
1024 10
1536 11
2560 12
3072 13
512 14
6144 15
1536 16
5120 17
1024 18
512 19
1024 20
512 21
3072 22
16384 23
5120 24
512 25
6656 26
1024 27
4608 28
2048 29
13312 30
3072 31
6144 32
1536 33
3072 34
5632 35
1024 36
4608 37
4608 38
9216 39
512 40
1024 41
512 42
6656 43
512 44
5120 45
3584 46
4608 47
4608 48
512 49
512 50
16384 51
1024 52
5120 53
6656 54
6656 55
3584 56
512 57
11776 58
2560 59
1024 60
3072 61
6144 62
4096 63
3072 64
2560 65
1536 66
2560 67
4608 68
4096 69
1024 70
512 71
1536 72
3072 73
2048 74
7168 75
1536 76
3072 77
3072 78
1536 79
2048 80
3584 81
512 82
512 83
3072 84
10240 85
2560 86
8192 87
5120 88
1536 89
2048 90
4096 91
1024 92
3584 93
1024 94
7680 93
1536 93
2048 91
2048 90
2048 88
1024 83
1024 81
2048 80
6656 79
512 80
1024 81
1536 78
1024 75
512 73
2048 72
1024 67
512 66
512 63
3072 58
2048 55
512 53
2560 52
512 50
4096 45
1024 42
2560 43
5632 43
7680 36
512 36
1536 36
1024 32
2560 31
3072 24
1536 22
2560 22
2048 20
2048 12
1024 12
2048 11
512 10
3072 8
4096 2
2560 1
2560 2
2048 1
6656 1
1024 2
1024 3
2048 4
1024 5
3584 6
4096 7
3072 8
4608 9
4608 10
2560 11
1024 12
2560 13
1536 14
6656 15
512 16
2560 17
3072 18
7680 19
4608 20
512 21
1536 22
1536 23
4096 24
1024 25
2048 26
3072 27
1024 28
4608 29
15360 30
4608 31
1536 32
512 33
6656 34
1536 35
9728 36
1024 37
1024 38
2048 39
1536 40
1024 41
2048 42
512 43
1024 44
512 45
1536 46
2048 47
4096 48
512 49
1536 50
10240 51
4608 52
5120 53
10240 54
1024 55
7680 56
2560 57
4608 58
512 59
7680 60
3584 61
4608 62
6656 63
1536 64
2560 65
4096 66
5632 67
16384 68
1024 69
3584 70
11776 71
6144 72
1536 73
1024 74
4608 74
2048 70
2048 68
5632 69
512 69
3072 67
4608 66
512 64
3584 63
4608 61
512 57
1024 57
8192 49
1536 47
6144 41
1024 41
2560 39
9728 33
2048 32
4608 31
9728 28
5120 26
2048 24
1024 23
8704 17
2048 17
6656 15
4608 13
512 12
1024 10
1536 9
4608 8
5120 6
512 6
1024 2
512 1
2560 2
4608 3
3584 4
9216 5
3584 6
1024 7
1024 8
5120 9
1024 10
6656 11
1024 12
5120 13
3584 14
1536 15
1536 16
2048 17
512 18
3072 19
4096 20
1024 21
2048 22
6656 23
1536 24
512 25
3072 26
3072 27
6656 28
7168 29
5632 30
3584 31
4096 32
512 33
512 34
4096 35
4096 34
512 31
8192 27
1024 28
14336 21
4096 21
2048 19
3584 15
2048 12
4608 8
3072 8
512 8
5120 5
8704 4
512 2
1024 1
1536 1
1024 1
512 1
2560 2
2560 3
2560 4
7680 5
4608 6
3584 7
1536 8
5120 9
512 10
1536 11
2048 12
2560 13
4608 14
1024 15
512 16
7168 17
5120 18
3072 19
2048 20
10752 21
6144 22
4096 23
1024 24
2048 25
2560 26
12800 27
2048 28
1536 29
5632 30
5120 31
6144 32
512 33
512 34
4608 35
2560 36
6656 37
4096 38
5632 39
2048 40
1024 41
3584 42
4096 43
2048 44
1024 45
2048 46
13824 47
2560 48
10240 45
3072 44
9216 42
5120 43
5632 40
1536 41
1024 41
6144 37
1024 36
1024 35
3072 33
2048 30
512 29
3584 27
512 26
2048 23
1024 21
3072 16
512 15
2560 12
2560 11
3072 8
2048 3
9728 2
2560 1
1024 1
1024 1
3584 1
512 2
5632 3
12288 4
1024 5
11264 6
1536 7
2560 8
2560 9
2048 10
1024 11
4608 12
7680 13
9216 14
3584 15
14848 16
1024 17
13312 18
1024 19
2048 20
1536 21
3072 22
4608 23
512 24
2560 25
3072 26
9216 27
1536 28
512 29
1536 30
1536 31
3584 32
4096 33
512 34
2048 35
1536 36
8192 37
4096 38
3584 39
2048 40
3584 41
2560 42
1024 43
2560 44
4608 45
9216 46
1024 47
1024 48
4096 48
4608 44
512 42
1536 43
3072 41
3584 41
512 42
1024 40
512 41
9216 37
1024 34
2560 30
2048 29
6656 28
2048 28
1024 27
1024 27
1536 26
3072 23
1536 20
2560 13
1024 8
5120 6
12288 1
3584 1
1024 1
1536 1
512 1
5120 1
1536 2
512 3
3584 4
2560 5
2048 6
1536 7
2560 8
5120 9
7680 10
512 11
12800 12
8192 13
5120 14
4096 15
512 16
1536 17
1536 18
512 19
4096 20
2048 21
5120 22
1536 23
512 24
512 25
2048 26
10240 27
3072 28
3584 29
2048 30
3584 31
512 32
2048 33
3584 34
512 35
3072 36
9216 37
7168 38
512 39
512 40
512 41
2560 42
1024 43
3072 44
1536 45
3584 46
16384 47
1536 48
5120 49
512 50
1024 51
1536 52
2560 53
512 54
2560 55
1024 56
2048 57
1536 58
512 59
1024 60
512 61
6656 62
3584 63
4096 64
11776 65
1536 66
5632 67
1536 68
6144 69
512 70
1536 71
4608 72
8704 73
2048 74
1536 75
4608 76
3584 77
4096 78
4096 79
5120 80
1536 81
3072 82
4096 83
1024 84
8704 85
4608 86
512 87
3584 87
3584 87
1536 86
4096 82
1024 82
3072 78
4096 77
1024 75
1024 76
512 74
3072 70
1024 68
1536 64
1536 63
11776 56
1536 57
5120 51
512 48
1024 45
1024 45
1536 43
6144 40
8704 38
8704 35
4608 36
4096 33
512 31
6656 27
5120 26
6656 24
1024 20
512 20
7168 11
4096 9
1024 7
2560 8
1536 7
5120 2
7168 1
1536 2
512 1
4096 1
9216 2
1536 3
512 4
6144 5
4608 6
7168 7
512 8
1536 9
1536 10
2048 11
5120 12
9728 13
8192 14
1024 15
2560 16
1024 17
512 18
5632 19
1024 20
1536 21
3584 22
6656 23
2048 24
6656 25
1536 26
5632 27
1536 28
1024 29
5632 30
1536 31
6656 32
1536 33
2560 34
1536 35
9728 36
2048 37
1536 38
1024 39
8192 40
5632 41
2560 42
9216 43
4096 44
9216 45
512 46
5632 47
11264 48
5632 49
5120 50
5120 51
512 52
3072 53
9216 54
8192 55
512 56
3584 57
6144 58
3072 59
10240 60
3584 61
3584 62
1024 59
9216 57
2048 53
512 54
1024 55
2560 54
1536 54
512 51
2048 50
4608 47
6144 43
2560 42
3584 40
15872 35
6144 35
4096 34
1536 32
4608 33
3072 32
8192 27
4608 26
3584 23
6656 14
5120 14
2048 15
4096 13
2560 12
2048 9
1536 10
1024 8
3584 6
1536 4
1536 2
2048 1
1024 2
512 3
2560 4
8192 5
6656 6
1024 7
512 8
1024 9
1024 10
512 11
2560 12
3072 13
1024 14
3072 15
2560 16
7680 17
512 18
3072 19
3584 20
5632 21
3584 22
6656 23
3072 24
1024 25
3584 26
2560 27
1024 28
1536 29
1024 27
4096 27
512 26
4608 21
9728 19
512 18
2048 17
4608 13
1024 12
2048 13
2560 9
4608 8
1024 1
2560 1
4096 2
8704 3
512 4
4096 5
10240 6
1536 7
6144 8
1024 9
2048 10
4096 11
15872 12
512 13
1536 14
1024 15
11264 16
1024 17
4608 18
3584 19
1024 20
2048 21
1536 22
2048 23
4608 24
2048 25
3584 26
4096 27
5120 28
1536 28
1024 23
2048 23
2560 22
6144 18
11776 13
1024 13
512 12
512 12
2048 11
1536 10
4608 7
3584 7
512 6
512 1
3072 2
512 3
6656 4
4608 5
1024 6
2560 7
3584 8
10240 9
6144 10
2048 11
512 12
2560 13
512 14
6656 15
3584 16
4608 17
1024 18
6144 19
512 20
1024 21
6656 22
8704 23
4608 24
1536 25
11264 26
6656 27
2048 28
2560 29
4096 30
2048 31
6144 32
2048 33
1024 34
2048 35
2048 36
512 37
5632 38
5120 39
2560 40
5632 41
512 42
2048 43
14336 44
512 45
8192 46
3072 47
1536 48
8192 49
1024 50
2560 51
5120 52
2048 53
3072 54
1024 55
1024 56
512 57
2048 58
3072 59
1536 60
6144 61
512 61
4096 58
5120 56
2048 52
1536 48
2560 47
4096 46
512 47
512 48
512 49
1024 47
1536 44
5632 38
1536 37
2048 35
5120 33
4608 32
3584 30
1536 31
3584 30
4608 28
6656 24
5120 21
6656 19
512 14
2048 13
512 10
1024 8
5120 7
4608 8
1536 5
6656 3
1024 3
1024 4
512 1
2048 1
3584 2
512 3
512 4
2048 5
2048 6
2560 7
512 8
1024 9
4096 10
4096 11
2048 12
9216 13
512 14
4096 15
3072 16
512 17
2048 18
5120 19
2048 20
3584 21
3072 22
7680 23
4096 24
9216 25
1024 26
4608 27
2048 28
512 29
4096 30
2560 31
4608 32
2048 33
8704 34
3072 34
2048 26
3584 26
2048 25
2560 24
1024 22
1024 19
1024 14
3072 11
1024 6
5120 4
1024 1
2048 1
1024 2
6144 3
2560 4
7168 5
1024 6
1536 7
1024 8
6144 9
1024 10
3072 11
5632 12
512 13
7168 14
3072 15
4608 16
2048 17
2048 18
2048 19
1536 20
2048 21
3072 22
512 23
7168 24
3072 25
7680 26
5632 27
4096 28
3584 29
8192 30
512 31
11264 32
4096 33
2048 34
1536 35
2048 36
6144 37
512 38
512 39
4096 40
1024 41
6144 42
2560 43
7168 44
3584 45
2048 46
1536 47
2048 48
4096 49
3072 50
1024 51
4096 49
1536 49
1024 49
9728 46
9728 44
512 43
3584 43
512 43
3072 36
4608 36
1024 36
4608 36
2560 36
3072 35
1536 33
2048 30
4608 26
1024 24
1024 21
6656 20
512 15
512 15
3072 13
3584 11
512 9
5120 6
2560 7
512 5
512 4
2560 1
7680 2
6144 3
512 4
512 5
1024 6
3072 7
3072 8
3072 9
3072 10
1024 11
2048 12
2048 13
2048 14
512 15
2048 16
1024 17
2560 18
4608 19
1024 20
3584 21
1536 22
6144 23
512 24
512 25
6144 26
3584 26
1024 25
4096 22
1536 21
5632 18
3072 16
10240 12
7168 11
3072 9
5632 5
1024 6
512 2
2048 3
4096 1
3584 1
4608 1
4096 1
2048 1
2048 1
6144 1
6144 1
6144 1
1536 1
5632 2
6656 3
3072 4
512 5
14848 6
3072 7
1536 8
2048 9
512 10
9216 11
5120 12
1024 13
512 14
4096 15
512 16
1024 17
12800 18
3072 19
6144 20
3584 21
9728 22
2048 23
6656 24
512 25
512 26
1024 27
3072 28
16384 29
2560 30
5120 31
3584 32
1536 33
1024 34
1536 35
1024 36
3584 37
3072 38
13312 39
6144 40
7680 41
4096 42
4096 43
512 44
9728 45
4608 46
3072 47
4608 48
2560 49
6656 50
1536 51
1024 52
4096 53
4608 54
1536 55
512 54
512 55
4096 56
7680 50
4608 48
1024 49
3072 44
512 44
3072 44
8192 41
1536 38
2560 32
1024 31
1024 28
4096 24
7168 20
1536 21
512 22
3072 23
1536 24
1024 25
5120 26
4096 27
1024 28
1024 29
7168 30
4096 31
7680 32
1024 33
16384 34
512 35
1024 36
2048 37
5120 38
6656 39
1024 40
8192 41
4096 42
1024 43
3584 44
1536 45
6656 46
6656 47
1024 48
4096 49
1536 50
1024 51
4608 52
512 53
5632 54
4608 55
4608 54
1536 55
5120 54
3584 51
512 51
1024 48
1536 47
3072 43
2560 41
3072 40
8192 36
2560 37
4608 34
9728 31
2048 28
2048 29
2560 26
1536 24
512 22
512 21
3072 18
2048 13
512 12
1024 10
2560 4
2048 1
512 1
1024 2
3072 3
1536 4
3584 5
5120 6
3072 7
512 8
512 9
2560 10
2048 11
2560 12
3584 13
2560 14
2560 15
2560 16
15872 17
10240 18
2560 19
8192 20
3584 21
8704 22
3072 23
5632 24
2560 25
1536 26
6656 27
8704 28
16384 29
2048 30
6656 31
7168 32
12800 33
4608 34
2560 35
9216 36
512 37
2048 38
2048 39
7680 40
1536 41
1536 42
1024 43
1024 44
4096 45
512 46
1024 47
512 48
4096 49
1024 50
2560 51
6144 52
1536 53
512 54
2560 55
2048 56
1024 57
1536 58
3584 59
12800 60
3072 61
6656 59
1536 58
1536 57
1024 53
3072 53
512 52
6656 49
3072 48
5120 49
4096 48
3072 45
2048 44
1024 45
512 43
1536 36
4096 30
1536 30
2048 29
1536 24
16384 25
1536 26
512 27
4608 28
1024 29
5632 30
5120 31
1536 32
2048 33
2048 34
5120 35
1024 36
5632 37
3072 38
13824 39
2048 40
512 41
6656 42
3072 43
512 44
1536 45
5120 41
1536 42
4096 42
1536 37
512 38
1024 39
512 37
6144 32
1024 30
3072 30
4608 28
3584 26
3072 23
6656 19
1024 20
3584 18
8704 9
4608 8
2048 5
2048 6
1024 6
8192 3
2048 3
3072 1
512 2
2560 1
4608 2
2048 3
3072 4
1024 5
3072 6
3072 7
8704 8
6144 9
4096 10
1536 11
10240 12
6656 13
3584 14
5632 15
2560 16
3584 17
9728 18
512 19
4608 20
512 21
4608 22
512 23
10240 24
2560 25
2560 26
1536 27
2048 28
4096 29
1024 30
2560 31
1024 29
12800 26
6144 25
2048 25
2560 25
1024 21
5120 21
1024 17
512 18
6144 12
1024 11
4096 12
3072 10
1536 8
4096 5
512 2
4608 1
1024 1
1536 2
512 3
5632 4
16384 5
3584 6
5120 7
1024 8
3072 9
512 10
3072 11
4608 12
1536 13
512 14
7680 15
512 16
6144 17
2048 18
4096 19
1024 20
1024 21
5632 22
1024 23
9216 24
1024 25
1024 26
4096 27
1024 28
4096 29
2560 30
1536 31
4096 32
512 33
1024 34
4608 35
5632 36
2048 37
2048 38
2560 39
15872 40
512 41
6656 42
3584 43
4608 44
6144 45
1024 46
1024 47
1024 48
1024 49
5632 50
4608 51
5632 48
3072 48
2560 42
1536 40
5120 41
1024 38
2048 37
2560 33
512 31
512 27
1536 26
512 24
1024 21
1536 21
512 21
1024 18
2560 17
512 16
1024 13
3584 7
1536 7
1024 1
3584 1
1536 2
4608 3
2048 4
1024 5
2048 6
5120 7
2048 8
4096 9
1536 10
512 11
1024 12
3072 13
2560 14
1024 15
1536 16
4096 17
3072 18
512 19
2048 20
3584 21
7168 22
3072 23
3584 24
3584 25
13312 26
11776 27
5632 28
2048 29
2048 30
4096 31
1024 32
3072 33
3072 34
6656 35
4608 36
7168 37
4096 38
2048 39
9728 37
4608 35
512 29
1536 29
8704 27
512 27
2560 26
3072 26
2048 27
3072 27
3584 25
5632 23
3584 19
4096 16
2560 13
512 14
6144 9
14336 6
1024 2
3072 1
3072 2
9216 3
2560 4
512 5
9216 6
1024 7
8192 8
10240 9
9216 10
512 11
2560 12
512 13
5632 14
11776 15
2048 16
1024 17
1024 18
2048 19
1024 20
1536 21
2048 22
10752 23
9728 24
3072 25
512 25
1024 19
2560 19
6656 15
4096 16
1536 15
3584 16
2048 17
2048 18
6656 19
1024 20
2048 21
6144 22
1024 23
3072 24
5120 25
512 26
3584 27
1024 28
2560 29
2048 30
512 28
3072 28
2048 27
2048 21
2048 22
1536 22
1024 19
512 19
6144 17
13312 13
2048 11
5632 10
1024 8
6656 6
1024 4
2048 4
3584 3
2048 1
3584 1
1024 1
2560 1
1024 2
1536 3
8192 4
3072 5
4608 6
1024 7
5632 8
3584 9
4608 10
512 11
2048 12
1536 13
12288 14
8704 15
512 16
2048 17
5632 18
512 19
512 20
3072 21
3584 22
512 23
1536 24
7168 25
4608 26
3072 27
512 28
1536 29
2560 30
3584 31
16384 32
1536 33
3584 34
1024 34
8192 28
4096 27
1536 28
1024 22
3072 19
6144 16
5632 17
3072 18
6656 18
8192 14
1024 14
5632 11
1024 9
512 5
4608 5
6656 6
5632 1
1024 1
512 1
3072 1
4608 1
1024 1
8704 2
3072 3
2048 4
1024 5
3072 6
7680 7
1536 8
8192 9
3072 10
3072 11
1536 12
3584 13
2560 14
7680 15
6144 16
11264 17
4096 18
7680 19
5120 20
7680 21
3072 22
3072 23
8704 24
4096 25
2560 26
512 27
1536 28
2560 29
512 30
3072 31
512 32
512 33
512 34
1536 35
7680 36
512 37
4608 38
3584 39
3072 40
5632 41
1024 42
11264 43
1024 44
512 41
1024 41
512 41
4608 41
2048 42
8192 37
5632 37
1536 37
5632 34
4608 35
5632 36
13312 37
3584 38
8704 39
5632 40
3584 41
4096 42
9728 43
6144 44
1536 45
11264 46
1024 47
512 48
5632 49
1024 50
1024 51
1024 52
3584 53
2048 54
10752 55
5120 56
1536 57
1024 58
4096 59
512 60
4096 60
512 56
512 53
1024 48
512 48
5120 47
1536 48
3584 49
1024 50
1536 51
3584 52
512 53
2048 54
3584 55
2048 56
1024 57
512 58
1536 59
4608 60
512 61
5120 62
9216 63
2560 64
1536 65
2560 61
4608 55
5632 56
2048 56
512 57
10240 54
1024 53
1024 51
1536 48
512 45
1536 43
512 43
512 42
1024 40
6656 41
4608 42
1024 43
2048 44
1536 45
512 46
1024 47
1024 48
3072 49
512 50
512 51
1024 52
4096 53
3584 54
1024 55
7168 56
1024 57
512 58
7680 59
1536 60
4096 61
15872 62
2048 63
3584 64
512 65
3584 63
2560 59
3072 58
3072 51
2048 47
1024 48
3072 46
1024 46
4608 37
512 34
8192 31
2560 29
512 28
3072 26
3584 21
3584 22
6144 20
1536 21
6144 22
4608 23
5632 24
3072 25
5120 26
4608 27
4608 28
3072 29
512 30
2048 31
2560 32
6656 33
512 34
3072 35
13312 36
2560 37
4096 38
4096 39
2560 40
2560 39
2560 38
2048 37
2560 37
2560 33
7680 32
512 29
512 26
1024 22
3584 19
7168 18
2560 17
5632 12
1024 12
1536 9
2560 6
3584 1
1536 1
6656 1
1024 1
5120 1
512 1
512 1
7680 2
2048 3
1024 4
4608 5
3584 6
2560 7
1536 8
8192 9
6144 10
2048 11
2560 12
3584 13
1536 14
9728 15
3584 16
1024 17
1024 18
512 19
5632 20
2560 21
512 22
1024 23
8192 24
6144 25
5632 26
4608 27
4608 28
2048 29
512 30
1024 31
1536 32
1024 33
3072 34
1536 35
4096 36
1024 37
1536 36
2560 36
1536 32
4608 29
3584 27
2560 19
6656 17
1024 17
1536 18
1536 16
2560 13
3072 13
3072 10
3584 7
6144 8
6656 3
8192 1
3584 1
2048 2
3072 1
1536 1
1024 1
1536 1
3072 2
1024 1
2048 1
1536 1
2048 2
2560 3
1024 4
5632 5
1024 6
512 7
1024 8
2048 9
9216 10
8704 11
4608 12
7168 13
2048 14
10752 15
3072 16
7168 17
512 18
7168 19
2560 20
4096 21
3072 22
4608 23
3584 24
6144 25
7680 26
2048 27
7168 28
1024 29
4096 30
4608 31
2560 32
1024 33
3584 34
2560 35
1536 36
6144 37
1536 38
1536 39
1024 40
512 41
512 42
2560 43
6656 44
1536 45
6656 46
6656 47
4608 48
1024 49
5120 50
512 51
8192 52
1024 53
1024 54
7168 55
512 56
5632 57
1024 58
512 59
3584 60
512 61
5632 62
2048 63
3584 64
1024 65
2048 66
3072 67
3072 68
3584 69
14848 70
1024 71
512 72
512 73
3584 74
2560 75
1536 76
1024 77
11264 78
2048 79
1536 80
6144 81
1024 82
5120 83
1536 84
3072 85
1536 86
4096 87
4608 88
1024 89
4096 90
6144 91
5632 92
3584 93
1536 94
5120 95
512 96
4608 97
11776 98
3584 99
3584 100
4608 99
5632 97
512 91
3072 91
1024 92
1536 92
5120 90
2560 87
2560 87
2560 86
4608 85
1024 86
5120 87
1536 88
1024 89
3584 90
16384 91
6656 92
2048 93
10240 94
1536 95
1536 96
16384 97
8192 98
1536 99
3072 100
4608 101
10752 102
1536 103
16384 104
8704 105
5632 106
512 107
512 108
1536 109
2560 110
2560 111
6144 112
3072 113
2048 114
3072 115
3072 116
3584 117
6144 118
1024 119
3072 120
1024 121
512 122
2560 123
7168 122
1024 123
14848 117
6656 116
512 117
1024 113
3584 110
1024 107
2560 103
2048 101
2048 98
1536 97
2560 94
2048 90
2048 85
5120 84
5632 83
2048 77
1536 76
1024 75
3584 71
2560 69
2048 68
512 67
1536 65
1536 64
6656 60
1536 59
4096 55
13824 55
3072 53
2560 51
1024 52
5632 47
2048 47
1024 43
8192 36
9216 36
2560 36
2048 36
3584 32
1024 26
2048 27
4608 21
512 19
2560 20
3072 18
6144 17
2048 12
6144 9
2560 4
512 5
9216 5
5120 4
16384 1
4608 2
512 3
6144 4
4096 5
512 6
3072 7
1024 8
4608 9
1536 10
512 11
6144 12
2048 13
8192 14
1024 15
3072 16
2048 17
3584 18
1536 19
1536 20
2560 21
3072 22
512 23
9728 24
1536 25
5120 26
2560 27
1536 28
4608 29
5120 30
2048 31
1536 32
512 33
14336 34
8192 35
5632 36
3584 37
1024 38
3072 39
1536 40
4608 41
1536 42
4608 43
1536 44
4608 45
4096 42
5120 37
512 36
512 37
3072 37
10752 37
6656 34
512 35
6656 33
16384 34
4096 35
3584 36
2048 37
2560 38
9216 39
7680 40
3072 41
6656 42
7680 43
2560 44
2560 45
3072 46
1536 47
4096 48
512 49
1024 50
7168 51
3072 52
1536 53
5120 54
1536 55
2048 56
512 57
3584 58
1536 59
1536 60
2048 61
10752 62
5120 62
1536 59
2560 59
512 52
2048 52
4096 53
1536 53
6656 50
512 47
2048 46
3072 40
1024 41
1536 40
2560 36
12800 35
6144 36
2048 33
7168 29
7168 23
1536 22
1536 18
3584 17
512 9
2048 9
1536 9
1024 7
512 3
6144 4
6144 5
6656 6
512 7
11776 8
2048 9
3072 10
2048 11
6144 12
7168 13
4096 14
6144 15
3584 16
2560 17
1024 18
11264 19
512 20
9216 21
3584 22
1024 23
1024 24
512 25
10752 26
1536 27
7680 28
1536 29
1024 30
2560 31
3072 32
13312 29
512 30
512 31
3072 30
13312 26
1536 27
3072 26
1024 25
7168 19
3584 14
2048 15
512 15
5632 14
6144 7
3072 7
3584 7
5120 4
512 4
512 1
1536 1
1536 1
1536 1
512 1
512 1
5632 1
2048 1
5632 1
16384 2
5632 3
8192 4
3072 5
5120 6
3072 7
512 8
512 9
3584 10
512 11
1024 12
5632 13
512 14
1024 15
6656 16
2048 17
1536 18
3584 19
7680 20
11776 21
2048 22
11264 23
3072 24
10240 25
1024 26
3072 27
4096 28
2560 29
3072 30
1024 31
512 32
7680 33
2560 34
512 35
3072 36
1536 37
512 38
4608 39
16384 40
3584 41
1024 42
1536 43
3584 44
9728 45
3072 46
2560 47
512 48
2560 49
1024 50
1024 51
2560 52
4096 53
6656 54
1536 55
4096 56
4096 57
2048 58
512 59
4608 58
2560 59
512 59
3072 60
1536 61
6144 62
2048 63
3072 64
8192 65
9728 66
5120 67
1536 68
1536 69
512 70
7680 71
5632 72
512 73
512 74
2560 75
10752 76
3584 77
1024 78
9728 79
512 80
3584 81
1024 82
3072 83
5120 84
16384 85
4096 86
1536 87
4608 88
2048 89
4096 90
4608 91
4096 92
9216 92
2048 91
1536 88
1024 86
1536 83
3584 82
3072 83
7168 84
3072 85
2560 86
512 87
6144 88
3072 89
1024 90
512 91
5120 92
1024 93
512 94
1536 95
3072 96
3584 97
1024 98
12288 99
1024 100
6144 101
1536 102
4096 103
2048 104
3072 105
3584 106
10752 107
1024 108
512 109
11776 110
2048 111
2048 112
3072 112
2560 111
4096 107
5632 104
1024 103
2560 101
8192 94
1536 93
4608 91
3072 87
5632 86
1024 87
3072 88
7168 89
10240 90
3072 91
2048 92
14848 93
5120 94
9216 95
5632 95
4608 92
5632 89
4096 87
2560 81
3072 81
4608 80
1024 78
6144 74
2560 72
1536 69
3072 66
2560 66
512 63
1024 63
5120 60
1536 61
1536 58
5632 55
2048 55
1536 50
8192 48
1024 48
1024 46
512 43
4096 39
4096 40
6144 40
6144 38
5120 36
3072 33
2048 31
6656 32
1024 31
512 30
3072 29
3072 26
6656 20
5120 20
1536 17
2048 13
5632 12
3584 12
1024 7
4096 4
7168 1
2560 1
2048 1
12800 2
2560 3
512 4
512 5
2560 6
512 7
7680 8
512 9
1024 10
7168 11
512 12
3584 13
5632 14
5632 15
9216 16
8192 17
2560 18
8192 19
2048 20
1024 21
4096 22
10752 23
1536 24
2560 25
2048 26
3584 27
2048 28
1024 29
7680 30
2048 31
512 32
1536 31
1024 26
1536 24
1024 23
3072 23
2048 20
4096 17
1024 15
3072 14
4096 12
4608 9
1024 6
512 3
5120 1
6656 2
11776 3
3072 4
1536 5
3072 6
512 7
1536 8
7168 9
2048 10
512 11
3072 12
1024 13
3072 14
6144 15
1536 16
3072 17
1536 18
512 19
5632 20
3584 21
3072 22
4096 23
5120 24
2560 25
3072 25
512 23
1536 20
4608 17
6144 14
4608 11
5120 10
1024 8
512 5
7168 4
512 1
2560 1
3072 2
2560 3
4608 4
512 5
2048 6
2048 7
11264 8
512 9
2048 10
512 11
7168 12
13824 13
1024 14
2560 15
6656 16
8704 17
1024 18
4096 19
3584 20
2560 21
3584 22
10240 21
5632 21
5632 21
1024 21
3072 17
1024 16
5632 9
1536 9
7168 9
1536 7
2048 6
1024 5
4608 4
3584 3
512 1
512 1
1536 2
2560 3
2560 4
4608 5
1536 6
3072 7
6144 8
2048 9
2560 10
512 11
4096 12
4608 13
1536 14
1536 15
7168 16
2560 17
8704 18
3584 19
3584 20
2560 21
9216 22
1536 23
1024 24
4608 25
512 26
1024 27
5120 28
10240 29
3584 30
1024 31
512 32
2560 33
7680 30
2560 30
512 29
512 27
1536 22
512 23
3584 21
2560 20
512 17
8192 16
6656 16
6656 11
2560 12
1536 7
3072 3
2560 4
1024 1
512 1
2560 2
7168 3
6656 4
2560 5
1536 6
512 7
5120 8
1024 9
1536 10
3584 11
8704 12
1536 13
3584 14
3584 15
3584 16
6144 17
2560 18
7168 19
512 20
3072 21
12288 22
3072 23
8704 24
1024 25
3072 26
2048 27
4608 28
8704 29
4608 30
2560 31
4096 32
12288 33
512 34
7168 35
512 36
6144 37
1024 37
1536 37
4608 36
2560 36
512 34
3072 33
1536 30
3072 27
4096 26
2048 27
512 28
1536 29
4096 30
2048 31
16384 32
1536 33
1024 34
2560 35
2560 36
1024 37
6656 38
3072 39
2560 40
9216 41
2560 42
8704 43
2560 44
4608 45
1536 46
1024 47
512 48
2560 49
3072 50
2560 51
512 52
2560 53
3584 54
512 55
5120 56
512 57
3584 58
512 59
512 60
4096 61
1536 62
1536 63
4608 62
4096 58
1024 56
3072 55
2560 53
512 54
7680 53
3072 50
3584 42
5120 42
1024 43
1024 43
3584 38
11264 35
1024 33
5632 29
3584 24
4608 20
512 21
4096 18
1024 19
6144 16
512 14
7680 8
4096 7
2048 4
5120 2
2048 1
7168 1
1024 1
4096 1
1024 2
1536 3
16384 4
4096 5
512 6
4096 7
1536 8
4096 9
512 10
512 11
5120 12
7680 13
512 14
512 15
4608 16
2048 17
6656 18
8704 19
15360 20
512 21
1536 22
1024 23
4096 24
8704 25
512 26
9216 27
8192 28
5120 29
8704 30
2048 28
3584 25
7680 17
3072 17
4096 17
2048 16
1024 17
4096 15
4096 15
1024 12
11776 8
7168 9
6656 8
2560 9
4096 7
6144 3
4608 1
6144 2
2560 3
1536 4
4608 5
2048 6
2560 7
512 8
2048 9
2560 10
5632 11
4608 12
3072 13
512 14
3072 15
3584 16
2560 17
1536 18
2560 19
512 20
2560 21
1024 22
512 23
512 24
5120 25
3072 26
7680 27
6656 28
3072 29
1536 30
5632 31
512 32
2560 33
1536 34
2560 35
1024 36
2048 37
6144 38
5120 39
3584 40
7680 39
3584 35
2048 33
512 33
1536 32
512 29
1536 28
4096 23
3072 22
5632 20
8192 18
1536 18
5632 19
1536 20
10752 21
5120 22
512 23
7680 24
1536 25
5120 26
2560 27
3072 28
6656 29
3584 30
3072 31
2048 28
1024 29
1024 30
1536 27
1024 22
512 20
3584 19
9216 20
12800 21
1536 22
2560 23
1024 24
512 25
7168 26
10752 27
1536 28
512 29
1024 27
4096 26
2048 25
3072 24
512 23
512 16
512 17
2048 13
4096 9
512 7
2560 3
1024 1
5632 1
3072 2
2560 3
1536 4
1536 5
1536 6
512 7
1024 8
5120 9
5120 10
7168 11
512 12
10752 13
512 14
4608 15
5632 16
6144 17
1536 18
3072 19
1024 20
3072 21
512 22
512 23
2560 20
6144 21
3584 22
3072 23
1024 24
512 25
4096 26
1024 27
2048 28
5632 29
1024 30
1536 31
5120 32
1536 33
7680 34
512 30
5632 30
4096 30
512 31
2560 27
6656 26
3072 26
1024 27
1024 26
2048 23
12288 17
4608 17
2560 16
11264 12
2048 12
2048 10
4608 5
3072 5
1024 3
4096 3
1536 1
512 1
9216 2
512 3
1536 4
3072 5
5632 6
5632 7
7168 8
1024 9
2048 10
14848 11
7168 12
4096 13
1024 14
1024 15
2560 16
2048 17
4608 18
512 19
2048 20
10752 21
6144 22
3584 23
2560 24
4608 25
3072 26
1024 27
7680 28
8192 29
8704 30
7680 31
8192 32
1536 33
5120 34
2048 35
3584 36
512 37
1024 38
1024 39
2560 40
7680 41
512 42
512 40
512 39
2048 38
512 34
2560 31
6144 26
512 27
3584 27
2560 26
2560 24
8192 25
2048 26
1024 27
1024 28
4096 29
1024 30
2560 31
512 32
7680 33
7680 34
4608 35
512 36
1024 37
1536 38
9728 39
1024 40
9216 41
512 42
8192 43
2048 44
4096 42
512 42
6656 39
5120 31
4608 29
512 28
3584 27
3072 27
7168 24
512 25
2048 21
1536 21
4608 15
5120 13
1024 14
2560 13
512 10
4096 6
512 5
1024 1
5632 2
12288 3
1536 4
512 5
512 6
1536 7
6656 8
512 9
3584 10
512 11
1024 12
512 13
3072 14
3072 15
2048 16
1024 17
512 18
1536 19
7168 20
2048 21
5632 22
4096 23
2048 24
1024 25
2048 26
1536 27
1536 28
9728 29
1024 30
1536 31
4608 32
1024 31
5632 32
1024 31
7168 26
4608 17
512 18
2560 19
5120 18
15872 19
512 19
8192 19
2560 18
3072 18
7168 14
1536 15
8704 12
1536 13
5120 10
1536 6
5632 2
11264 1
1536 1
6656 1
5632 2
2048 3
1024 4
2048 5
10752 6
7168 7
5120 8
2048 9
8704 10
1024 11
2048 12
5632 13
512 14
6656 15
3072 16
2048 17
4608 18
9216 19
2048 20
1024 21
3072 17
1024 15
1024 13
1024 13
1536 13
4608 12
1024 6
2048 6
12288 3
512 3
3584 1
1024 2
1536 1
1024 1
1536 2
3072 3
512 4
1024 5
2560 6
1024 7
9216 8
3584 9
5120 10
1536 11
4096 12
512 13
1024 14
5632 15
1024 16
1536 17
512 18
2560 19
5632 20
1024 21
7680 22
1024 23
3584 24
3072 25
4608 26
3584 27
2560 28
1024 29
7168 30
16384 31
5120 32
5632 33
1536 34
512 35
512 36
1536 37
1536 38
512 39
512 40
1024 41
4608 42
2048 43
4608 44
1024 45
1024 46
1024 47
6656 45
5120 43
512 44
1536 42
3072 40
8192 36
1536 32
4096 33
3584 30
5632 30
3584 28
10240 29
5632 30
1536 31
2048 32
2048 33
2560 34
512 35
3584 36
512 37
2048 38
9728 39
512 40
1024 41
1536 42
10752 43
6656 44
6144 45
2048 46
4096 47
512 48
1024 49
4608 50
2048 51
3584 45
4096 45
3584 42
1024 41
2048 42
1024 43
16384 44
1024 45
2048 46
4608 47
4096 44
2560 40
1024 40
2560 38
1536 35
4608 31
1536 28
7168 22
1024 21
6656 16
512 14
1536 11
2560 11
4096 8
3072 9
1536 8
4608 9
5120 10
9216 11
512 12
1536 13
1536 14
1024 15
10240 16
2048 17
1536 18
2560 17
4608 15
2560 15
5632 12
512 10
3072 10
2048 7
512 4
1024 1
2048 1
1536 2
5120 3
2560 4
3072 5
14336 6
1536 7
2048 8
1536 9
4096 10
2048 11
2048 12
2048 11
9216 7
1024 7
11264 2
2048 1
1024 1
1024 2
1024 3
1536 4
1536 5
1536 6
512 7
3584 8
2048 9
4096 10
1536 11
4096 12
512 13
3072 14
8192 15
1024 15
5632 10
3584 9
6144 7
2048 6
512 7
1536 5
3072 1
1536 1
4096 1
3072 2
6144 3
1536 4
4608 5
512 6
512 7
2048 8
1536 9
5632 10
5120 11
512 12
1024 13
2048 14
1536 13
2560 11
1536 8
5120 2
4096 1
1536 2
2560 1
1536 2
7680 3
14848 4
5120 5
512 6
512 7
1024 8
13824 9
2560 10
4096 11
512 12
12288 13
1024 14
7680 15
2560 16
2560 17
4096 18
4096 19
9216 20
1024 21
6144 22
512 23
1536 24
5120 25
3584 26
512 27
1536 28
1024 29
2560 30
512 31
512 32
3584 33
7168 31
512 24
10752 21
512 22
512 23
1536 24
13312 22
2048 22
7168 20
3072 19
512 19
2048 20
10240 21
512 22
4608 23
2560 24
5120 25
7680 26
1536 27
3584 28
4608 29
8704 30
10240 31
1536 32
1024 33
3072 34
9216 35
8192 35
3072 33
8192 31
4096 30
512 31
2048 26
3584 25
5632 23
11776 19
6656 19
1536 17
5632 13
2048 9
3584 8
2048 5
2048 2
1536 1
512 1
1536 2
2048 3
2048 4
5632 5
4096 6
7168 7
4096 8
512 9
1024 10
1536 11
8192 12
512 13
4096 14
3584 15
3072 16
2560 17
6144 18
2560 19
512 20
2048 21
4096 22
4096 23
7168 19
4608 18
512 19
1024 17
3072 16
10240 13
3072 13
2048 12
3584 9
5120 9
3072 6
10240 3
5120 3
7168 1
6144 1
4096 1
2048 1
2048 2
11776 3
512 4
2048 5
4096 6
512 7
3072 8
7168 9
512 10
2560 11
3072 12
3584 13
6144 14
1024 15
512 16
1024 17
512 18
1536 19
512 20
2560 21
1024 22
512 23
3072 24
2048 25
3584 26
6144 27
1024 27
5120 28
3072 29
1536 30
2048 31
512 32
12288 33
1024 34
2048 31
512 31
5120 30
512 29
1536 27
2560 19
10240 10
3072 9
1024 10
1024 7
1536 6
3072 6
1536 4
1024 4
6656 1
2048 1
512 2
8192 3
8192 4
1536 5
13312 6
2048 7
2560 8
16384 9
512 10
2560 11
3584 12
512 10
8192 11
2048 11
2048 8
4608 4
1536 1
1536 2
1024 1
512 2
512 3
512 4
3584 5
2560 6
5632 7
6144 8
2560 9
512 10
14336 11
2560 12
2560 13
1536 14
1536 15
3072 16
2048 17
1024 18
2560 19
8704 20
6656 21
3584 22
11264 18
3072 16
2048 14
7680 13
2048 14
3072 12
3584 12
512 9
1536 1
512 1
7168 1
512 2
1536 3
1536 4
10752 5
1536 6
2560 7
1024 8
6656 9
1536 10
512 11
512 12
1536 13
512 14
16384 15
2560 16
2048 17
3584 18
4096 19
2560 20
512 21
3072 22
1536 20
16384 19
1536 20
4096 21
512 22
512 23
512 22
3584 15
6656 16
512 14
4096 13
1024 11
5120 11
1024 12
1024 13
7680 14
6656 15
4608 16
512 17
3072 18
512 13
1536 13
2560 14
3584 8
2048 9
9728 10
4096 11
512 12
1536 13
1536 13
3072 9
2560 8
5632 8
1536 7
1536 4
4608 1
5632 1
1024 1
7680 2
512 3
1024 4
4096 5
1536 6
9216 7
5632 8
1536 9
3584 10
1536 11
1536 12
3584 13
2560 14
4096 15
5120 16
5632 17
5120 18
1024 19
9216 17
6656 16
4608 14
2048 9
5632 9
2048 9
2560 5
2560 6
5632 4
2048 1
5120 2
3072 1
5120 2
6656 3
512 4
512 5
7168 6
4096 7
6144 8
1024 9
1024 10
1536 11
1536 12
512 13
2048 14
512 15
8192 16
1024 17
2048 18
512 18
10752 14
4096 15
5632 16
6656 17
7168 18
2048 19
1024 20
3072 21
4608 22
12288 23
2560 24
512 25
5632 26
512 27
6144 26
6144 23
1024 22
2048 21
2560 22
3072 23
3584 24
3072 25
4608 26
11264 27
4608 28
2048 29
2048 30
2560 31
4096 32
6144 33
2048 34
2048 33
2560 31
1024 29
2048 26
4608 23
1024 21
512 17
3072 16
2048 14
5120 8
1024 6
512 4
9728 2
2560 1
5632 2
2048 3
512 4
2560 5
1024 6
3584 7
1024 8
1536 9
6144 10
4096 11
1024 12
6144 13
5120 14
2560 15
512 16
1024 15
1024 16
1024 17
2560 18
1536 14
2048 15
512 15
2560 13
2560 12
3072 11
4096 7
512 3
1024 2
7168 1
5632 2
3584 3
512 4
1536 5
512 6
15360 7
512 8
1536 4
1024 3
512 1
2560 1
5120 2
512 3
5632 4
3072 5
2048 6
3072 7
2560 6
2048 3
1536 1
2560 1
1536 1
8192 2
10240 3
1024 4
9728 5
3584 6
3584 7
2560 8
2048 9
2048 10
2048 11
1536 12
2560 13
512 14
11776 15
3072 16
5120 17
13824 18
5632 19
6656 20
2048 21
6144 22
3584 7
2048 7
6144 7
2560 7
3584 7
1536 8
1536 8
6144 8
3072 5
9728 2
2048 2
2560 1
512 1
2048 2
1024 3
1536 4
2048 5
5120 6
2048 7
6656 8
8192 9
6144 10
8192 11
1024 12
6144 13
7168 14
4096 15
1536 16
5120 17
3072 18
5632 19
8192 14
6656 13
3584 13
6656 9
512 9
512 6
2560 5
2560 1
1536 1
4096 1
6656 2
4608 3
8704 4
3072 5
1536 6
3072 7
3072 8
6144 9
1024 10
9216 11
1536 12
8192 13
4608 14
1024 15
4608 16
3072 17
4096 18
512 19
2048 18
7680 13
4608 13
9216 9
3584 10
3584 9
1536 5
2048 2
1536 1
1024 2
5120 3
3072 4
2048 5
1536 6
2560 7
4096 8
7168 9
512 10
5120 11
512 12
512 13
3072 14
5120 15
5632 13
512 10
4608 10
1536 8
512 6
2048 6
2048 1
5632 2
11264 3
8192 4
3072 5
7168 6
5120 7
2048 8
5632 9
4608 10
1024 11
5120 12
6144 13
2560 14
512 15
5120 16
1024 17
3072 18
2560 19
3584 16
1024 15
4096 15
2560 13
11264 4
6656 3
512 3
3072 3
512 3
9728 4
4096 1
3072 1
10240 1
2560 2
3072 3
1536 4
7680 5
1024 6
1536 7
4608 8
4608 9
1536 10
7168 11
6144 12
10240 13
3584 14
2560 15
2048 16
1536 17
4096 18
4096 19
6656 20
2560 21
512 22
512 23
8704 24
1536 25
6656 26
3072 27
1024 28
512 29
6656 30
5120 31
1024 32
512 33
1536 34
1024 35
2048 36
3584 37
2560 38
512 39
4096 40
512 39
512 39
6144 39
512 40
5120 41
7680 42
4096 43
512 44
1024 45
2048 46
3584 47
512 48
8704 49
512 50
3072 51
1536 52
2560 52
3584 53
2048 54
512 52
512 50
512 48
512 44
9728 39
512 39
1024 40
6144 40
1536 40
3072 39
3584 39
2048 35
2560 32
2560 30
512 28
3584 25
1536 20
1024 19
3584 17
512 18
1536 15
2048 10
6144 3
11264 1
512 1
4096 2
4608 3
2048 4
9216 5
1536 6
2560 7
2048 8
1024 9
1536 10
2560 11
6656 12
512 13
8192 14
2560 15
512 16
2048 17
3584 18
1024 19
6656 20
1536 21
2560 22
16384 23
6144 24
4096 23
1024 20
3072 19
13312 16
4608 12
3584 12
2560 11
2560 11
4608 6
2560 7
4608 6
6144 2
15360 2
1536 3
4608 4
6656 5
512 6
4608 7
1024 8
512 9
1536 10
3072 11
5632 12
15360 13
4608 14
3584 15
3072 16
1536 17
6144 18
2048 18
512 15
4096 16
3584 17
2560 18
2560 16
3584 14
512 15
2048 16
4096 17
2560 18
1024 19
1024 20
1024 17
9728 16
11264 15
1024 14
12288 8
3072 8
2048 8
3072 2
512 1
5632 1
5632 2
10240 3
6656 4
3584 5
512 6
2048 7
1024 8
512 9
2048 10
2560 10
2048 8
10240 2
2560 1
4608 1
1024 1
5120 1
1536 1
512 2
1024 3
5632 4
4608 5
1024 6
1024 7
1024 8
2560 9
512 10
1024 11
2560 12
4096 13
2048 14
1024 15
512 16
9216 17
2048 18
512 19
9216 20
512 21
1024 22
2560 23
10240 24
2560 25
1536 26
512 27
16384 28
2048 29
9728 30
12288 31
5120 32
4096 33
2560 34
7168 35
1024 36
1536 37
15360 38
10752 39
1024 40
2560 41
2048 42
3072 43
1024 44
4096 41
4608 40
512 36
4096 35
1024 36
3072 37
2048 38
8192 39
512 40
7680 41
6656 42
5120 43
6144 44
15360 45
5120 46
3584 47
6656 48
9728 49
6656 42
512 42
1024 40
2048 40
5120 39
1536 36
1024 37
1024 38
2560 39
2048 40
2048 41
2048 40
2560 36
3072 35
1536 31
512 28
3072 25
4096 26
2048 25
512 23
4608 20
5632 16
2048 16
1536 13
3584 10
4096 9
512 6
2048 3
3072 1
11776 1
2048 2
6656 3
1536 4
2048 5
9728 6
15872 7
8192 8
1024 9
3584 10
3072 11
9216 12
4096 13
3072 14
1024 15
3584 16
4096 17
6144 18
1024 19
4096 20
3072 21
512 22
4096 23
2048 24
4096 25
6656 26
1024 24
2048 23
1024 24
512 25
8192 26
2560 27
10240 26
2560 27
4608 27
2560 27
3584 24
10752 22
7168 22
4608 20
2048 21
1024 19
3584 20
2560 16
4096 14
2048 13
4608 14
3584 15
2560 16
10752 17
512 18
8704 19
2560 20
2048 21
3072 22
2048 23
1024 21
512 18
4096 15
2048 14
3072 9
1024 8
4608 4
1024 5
7680 6
9728 7
512 8
512 9
1536 10
1024 11
5120 12
1536 13
2048 14
512 9
9216 3
3072 1
5632 1
1024 1
512 1
2048 2
1024 3
512 4
15360 5
1024 6
1024 7
512 8
2048 9
5120 10
8704 11
1536 12
1536 13
5120 12
2048 10
1536 6
2048 5
512 1
1024 1
512 1
2048 1
5120 1
7168 2
512 3
6656 4
1024 5
2048 6
7680 7
3584 8
3584 9
1024 10
9728 11
4096 12
3584 13
512 14
1024 15
1536 16
1024 17
16384 18
3072 19
2560 20
512 21
1536 22
6144 23
2560 24
512 25
2048 26
1536 26
1536 24
512 22
14848 17
4608 13
2048 9
5120 10
1024 7
13312 4
1024 4
2560 1
1536 1
3072 2
9728 3
6656 4
7680 5
1024 6
3072 7
512 8
5120 9
1536 10
1536 11
5120 12
6656 13
512 14
2560 15
1024 16
2560 17
2560 18
1024 19
10752 20
4608 21
512 22
1536 23
4608 23
2560 23
15360 24
1024 25
7680 26
3072 27
6144 28
1536 29
3584 30
2048 31
512 32
5120 33
2048 34
8192 35
2560 36
2560 37
4096 38
7680 39
3072 40
6144 41
4096 40
2560 36
6144 34
4096 34
3584 31
3072 31
7680 26
512 24
2560 21
5120 18
2048 15
7680 14
1024 11
512 11
512 10
512 5
8192 6
8704 7
2560 8
12288 9
3072 10
3072 11
1536 12
1536 13
2560 14
1024 15
1536 16
12800 11
2560 12
1536 10
7168 9
2048 2
1536 1
512 2
3584 2
512 1
7168 1
3584 2
3584 3
2048 4
1024 5
3584 6
1024 7
7680 8
3584 9
5120 10
7680 11
3584 12
1536 13
512 14
6144 15
512 16
2560 17
6656 18
5120 19
3584 20
3584 21
512 22
1024 23
4608 22
4608 19
9216 16
1024 15
1536 13
4096 14
3072 12
2048 8
6144 6
512 3
6656 1
7680 2
16384 3
512 4
1024 5
5120 6
512 7
1536 8
1536 9
2048 10
4608 11
512 10
1536 10
4608 6
3584 5
512 2
8704 1
4096 2
2048 3
3584 4
6656 5
1024 6
2048 7
2048 8
1024 9
5120 10
2048 9
1536 8
512 7
4096 4
2560 5
1024 1
4096 1
3584 2
5632 3
12288 4
2048 5
512 6
3072 7
4608 8
1536 9
1536 10
512 11
1024 12
5632 13
1024 14
3584 15
2560 16
2048 17
6656 18
7680 19
1024 18
7680 16
11264 7
2560 8
7680 6
3072 7
512 7
4608 8
2560 7
2560 4
2048 1
4608 1
2560 2
4096 3
2560 4
9216 5
5632 6
4096 7
4608 8
2048 9
1024 10
3584 11
2048 12
1024 13
6656 14
1024 15
5632 16
512 17
5120 18
2560 16
4096 14
1024 14
512 11
1536 7
5120 6
2560 7
1024 7
5632 3
5632 2
4096 1
2048 1
1024 1
2560 2
3072 3
7168 4
2048 5
2048 6
1024 7
4608 8
3584 9
16384 10
1024 11
2560 12
1536 13
1536 14
1536 15
3584 16
2048 17
3584 18
1536 19
4096 20
5120 19
7168 18
1536 16
5120 16
2048 16
5632 8
7168 8
2048 8
4608 8
3072 9
8704 8
2560 8
2048 7
5120 5
512 1
2048 2
1536 1
2048 2
1536 3
512 4
11264 5
4096 6
512 7
512 8
2560 9
2048 10
10752 11
1024 12
14848 13
3072 14
2048 15
2048 16
3072 17
1536 18
3072 19
2560 15
2048 12
1024 10
10240 7
2560 7
512 7
2560 5
2048 1
512 2
512 3
6656 4
3584 5
1024 6
4096 7
3584 8
2560 9
2048 10
5120 11
2048 12
512 12
1024 12
1024 11
3072 12
3584 12
2048 10
1024 8
4096 4
1536 2
1024 1
9216 1
512 2
13824 3
1024 4
512 5
5120 6
3072 7
1024 8
4608 9
512 10
6144 11
4096 12
1024 13
10240 14
6656 15
8704 16
1024 17
1024 18
3584 19
3072 20
512 21
3584 22
6656 23
1024 24
1536 25
6144 26
5120 21
4608 21
5120 20
512 18
8704 16
2560 17
2560 18
3072 15
4096 13
4608 10
1024 9
2048 5
4096 3
1024 1
3072 1
3584 1
1536 1
512 2
2048 3
3584 4
5632 5
14336 6
1536 7
1536 8
2048 9
2560 10
1536 11
13824 12
3072 13
16384 14
3072 15
512 16
512 17
5632 18
1024 19
512 20
8192 21
1536 22
1536 23
1024 24
7680 19
1024 17
512 18
8192 14
1536 15
7168 15
1024 10
1536 11
7168 8
1536 6
1024 5
5632 3
1024 3
4096 1
6656 1
11776 2
2560 3
1024 4
5632 5
512 6
512 7
1024 8
8192 9
5120 10
5120 11
2560 12
4096 13
1024 14
4096 15
12800 16
2560 17
5120 18
4096 19
16384 20
512 21
8704 22
3584 23
2560 24
5632 25
1024 26
3584 27
4608 28
3072 29
6656 30
8192 31
3584 32
1024 33
512 34
3584 35
512 36
5632 37
7680 38
1536 39
2560 40
2560 41
1536 42
1536 43
5632 44
512 45
3584 46
6144 46
1024 45
1024 40
4608 41
1536 39
3584 34
2048 34
5632 34
7168 32
8192 31
1024 31
2048 28
1024 26
2560 22
1024 20
2048 16
3584 16
2560 12
6656 10
2048 9
3584 3
2048 3
2560 1
1024 1
3072 2
6656 3
3072 4
1536 5
3584 6
512 7
7168 8
1024 9
512 10
5120 11
10752 12
1536 13
3072 14
512 15
1024 16
1024 17
6144 18
4096 19
512 20
1024 21
4096 22
1024 23
1536 24
3072 23
4096 21
512 19
512 20
1536 18
1536 19
3584 13
512 14
3072 15
7680 14
8192 10
512 11
1536 11
1024 9
2560 8
7680 1
2560 1
1024 1
3584 1
1024 1
1536 1
3584 2
1536 3
512 4
14848 5
512 6
3584 7
2048 8
512 9
13824 10
1024 11
8704 12
7168 13
6144 14
1024 15
3584 16
2048 17
1536 18
3072 19
512 20
1024 21
4608 22
512 23
1536 24
512 25
512 26
13312 27
3072 28
1024 29
512 30
1024 31
2560 32
2048 33
3072 32
3584 28
3584 29
1536 24
512 25
5120 23
512 22
7680 19
9216 15
512 11
5632 10
5120 11
4096 5
4608 3
9216 4
3584 1
3072 2
1536 3
1536 4
2560 5
7168 6
4608 7
2560 8
9728 9
512 10
3584 11
1536 12
2560 13
3584 14
6656 15
512 16
1536 17
2560 18
3584 19
5632 20
2560 21
2048 22
1024 23
1024 24
512 25
5120 26
7680 27
3584 28
512 29
5120 29
11264 25
1024 25
1024 26
4096 25
512 25
3584 21
2560 22
2560 20
1024 17
6656 14
4608 13
2560 5
7168 5
512 6
7168 7
2560 8
9728 9
3584 10
1536 11
5120 12
1536 13
4096 14
6656 15
1024 16
3072 17
1536 18
2048 19
2560 20
5632 21
1024 22
1536 23
1024 24
4096 25
2560 26
4608 27
3072 26
3072 25
3584 25
2560 24
5632 23
1536 21
2048 19
1024 18
512 15
2048 16
3072 17
1024 15
512 13
2560 11
3072 9
1024 2
1024 1
2048 1
8192 1
5632 1
512 1
3584 1
4608 2
9216 3
2048 4
2048 5
4608 6
6144 7
2560 8
512 9
4608 10
1536 11
1024 12
8192 13
1536 14
1024 15
3072 16
5120 17
1024 18
3072 19
2560 20
1024 21
2560 22
2048 23
4608 24
5120 25
3584 26
5120 27
3072 28
5120 29
1024 30
1536 31
1024 32
512 33
2048 34
3072 35
512 36
1536 37
1536 38
3072 39
2048 40
3072 41
8704 42
2560 43
11264 44
5120 45
6656 46
1536 47
4608 48
13312 49
512 50
2560 51
1024 52
12288 53
13824 54
16384 55
4096 56
6144 57
512 58
6144 59
6656 60
1024 61
6144 62
5632 61
512 59
7680 54
3584 53
512 53
512 49
2560 44
512 43
5120 42
2048 37
512 38
512 38
2048 38
512 36
3072 32
1536 33
2560 28
1024 29
4096 30
1536 31
9216 32
5632 33
512 34
9728 35
1024 36
512 37
8192 38
3584 39
512 40
6656 41
4608 42
512 43
5120 44
1024 45
1024 46
7168 47
3584 48
1024 49
512 50
512 51
3072 52
512 53
4096 54
512 55
2560 56
512 57
8192 58
3072 59
6656 56
1024 57
5120 56
4608 55
10240 53
512 51
512 48
512 46
3072 37
3584 36
5120 37
2048 33
7680 31
6656 31
5120 27
1024 27
3072 20
4608 19
512 19
1024 16
1536 11
2560 12
4096 11
2560 9
512 8
5632 2
1536 3
3072 1
6656 2
2048 3
8192 4
3072 5
4096 6
6144 7
512 8
3072 9
4096 10
1024 11
2048 12
512 13
3072 14
5120 15
3072 16
3072 17
6144 18
1536 19
2560 20
3072 21
512 22
2048 19
4608 17
2560 10
1024 8
2560 4
2560 4
3072 2
5120 2
512 2
2560 1
2560 1
9216 2
2560 3
5632 4
7680 5
5632 6
1024 7
3072 8
512 9
2560 10
3072 11
1536 12
8192 13
2048 14
9216 15
5120 16
2560 17
1024 18
3072 19
1536 20
2048 21
1536 22
2048 23
2560 24
1024 25
2560 26
1024 27
3584 28
2048 29
9216 30
1536 31
6656 32
2048 33
512 34
1024 30
512 31
1024 31
5120 25
4096 26
2560 24
512 25
5632 23
1536 20
8192 13
512 13
512 11
512 8
1024 4
1024 1
1536 1
14336 2
3072 3
512 4
9216 5
4096 6
3072 7
1024 8
3584 9
3072 10
2048 11
6656 12
12800 13
512 14
1024 15
6144 16
2560 17
10240 18
512 19
3072 20
5120 21
2048 22
3584 23
5120 24
8704 25
5120 26
4608 27
1536 28
512 29
8192 30
1024 31
5632 32
2048 33
10752 34
1024 35
512 36
5120 37
3072 38
7680 39
8192 40
6656 41
7168 42
512 43
5120 44
3072 45
5632 46
2560 45
4608 42
12288 39
2560 39
1024 38
11776 32
1024 32
3584 31
512 32
7168 32
1024 33
1024 31
12288 29
2048 28
2048 29
2560 23
7680 23
2560 24
512 24
512 21
3072 13
1024 11
2048 8
2048 4
1024 2
512 1
1024 1
1024 1
1536 1
2048 2
512 3
8192 4
1536 5
8704 6
4096 7
2048 8
3072 9
1024 10
3584 11
1024 12
1536 13
512 14
2048 15
1024 16
5632 17
5632 18
3072 19
512 20
2048 21
1024 22
3072 23
2560 24
1536 25
512 26
3072 27
10240 28
512 29
5632 30
4096 31
3072 32
512 33
3072 34
2560 35
512 36
2560 37
3072 38
512 39
1536 40
5120 41
3584 42
1024 43
2048 44
2560 45
4608 46
1536 47
2048 48
8192 49
1536 50
7680 51
9728 52
1024 53
1536 54
1024 55
5632 56
1536 57
4096 58
4608 59
2560 60
4096 61
1024 62
2560 63
2048 64
1024 65
10752 66
1024 67
5120 68
1024 69
4608 70
512 71
7168 72
6144 73
2560 74
4096 75
2560 76
2560 77
3072 78
512 79
1024 80
512 81
3584 82
2048 83
512 84
15872 85
1536 86
2048 87
512 88
5120 89
512 90
3584 91
5632 92
1536 93
1024 94
2048 95
8192 96
4608 97
1024 98
1024 99
1024 100
1024 101
1536 102
11264 103
1024 104
2560 101
2560 101
1024 98
512 92
1536 92
2048 92
4608 89
1536 87
2048 83
2560 80
10752 77
3584 74
2048 69
5120 62
7168 62
2048 59
3584 60
512 61
10240 62
9216 63
512 64
512 65
2560 66
1536 67
1024 68
2560 69
6656 70
1024 71
2560 72
2560 73
8704 74
2560 75
9728 76
3072 77
1536 78
512 79
1024 80
1536 81
6144 82
3584 83
1024 84
2048 85
1024 86
512 87
5120 88
5120 89
512 90
512 91
14336 92
2560 93
1024 94
3072 95
3584 96
3072 97
1536 98
3072 99
1024 100
5632 101
512 102
2560 103
2048 104
1536 98
7168 97
2560 95
4096 92
2048 83
512 82
4096 81
1024 81
4096 79
3584 75
2048 72
6144 66
1536 67
512 65
5632 62
4608 62
3072 61
7168 56
4608 56
2560 56
512 56
7680 56
5632 50
1536 46
1536 47
9728 45
4096 43
6656 43
1024 40
512 40
3584 36
3072 35
2048 34
512 32
4096 28
6144 27
3584 27
1024 26
14336 16
512 17
2048 17
512 14
512 8
6656 2
4608 1
7168 1
512 2
3072 2
1024 1
5120 2
4608 3
1024 4
512 5
6656 6
16384 7
512 8
512 9
512 10
9728 11
1024 12
1024 13
5632 14
4608 15
3072 16
1536 17
512 18
6656 19
2048 20
4096 21
6144 22
1536 23
2048 24
3072 25
2048 26
2048 27
512 28
2048 29
11776 30
1024 31
1536 32
4096 33
512 34
4096 35
1024 36
512 37
512 38
1024 39
4096 40
8704 41
3584 42
3072 43
3072 44
9216 45
6656 46
512 47
3072 48
5632 49
1024 50
512 51
6144 52
3072 53
2560 54
2048 55
1536 56
2048 57
1536 58
1536 59
4096 60
3072 61
3072 56
512 57
7168 57
4608 53
2048 52
1024 51
4096 49
7680 47
4096 46
1536 42
6656 39
1024 37
6656 32
4608 32
9216 27
512 28
2560 25
2048 20
7168 20
3584 19
2560 15
8192 15
3072 12
3584 11
4096 12
5120 13
512 9
3072 9
2048 6
1024 2
512 1
3584 1
5120 2
2048 3
5632 4
3072 5
1536 6
8192 7
2048 8
14848 9
512 10
3072 11
3584 12
7168 13
1536 14
2560 15
1024 16
1024 17
2048 18
4608 19
4096 20
10240 21
3072 22
512 23
2048 24
9216 25
512 26
512 27
4096 28
1536 29
4096 30
2048 31
512 32
2048 33
3072 34
1024 35
2560 36
5632 37
512 38
1024 39
4096 40
5120 41
6656 42
4608 43
5120 44
1024 45
1024 46
6656 47
6656 48
1024 49
8192 50
5632 51
12800 52
2560 53
7680 54
3072 55
1024 56
4608 57
4608 58
2560 59
5120 56
2048 55
2048 55
512 56
11264 56
2048 53
1536 53
4096 48
2048 49
3072 45
2560 43
512 41
1536 38
6656 36
1024 35
1024 34
4608 33
2560 30
3584 27
3072 24
1024 23
3072 21
1024 14
7168 14
5120 11
1024 9
1536 6
1024 3
512 1
2560 2
1536 1
4608 1
1024 1
1024 1
2048 1
6656 1
3584 1
1024 1
12800 1
9728 2
512 3
6144 4
6144 5
1536 6
1024 7
2048 8
512 9
11776 10
2560 11
512 12
512 13
1024 14
2048 15
4096 16
1024 17
7168 18
6656 19
512 20
2048 21
15872 22
2560 23
6144 24
4608 25
9216 26
5120 27
512 28
11776 29
6656 30
512 31
3584 32
4608 33
3584 34
2048 35
2560 36
7168 37
3072 38
1024 39
512 40
1024 41
5632 42
512 43
2560 44
4608 45
1024 46
512 47
512 48
1536 49
7168 50
1024 51
4608 52
3584 53
512 54
1024 55
4096 56
3584 57
2560 58
512 59
3584 60
1536 61
2048 62
512 63
512 64
1024 65
2560 66
1024 67
1536 68
512 69
6656 70
6656 71
1024 72
2560 73
4608 74
2560 75
2560 76
2560 77
10240 78
2048 79
3584 76
3072 76
4096 74
1536 70
9728 68
10752 63
1024 63
1536 63
1536 64
14848 59
9216 56
10752 54
4608 55
6656 51
4096 52
5120 50
7680 46
2048 45
3584 46
2560 43
3584 40
11264 33
1536 34
4608 33
9728 30
1024 28
2048 27
2048 21
2560 15
8704 11
2048 7
12288 1
5120 1
2560 2
4096 3
2560 4
2048 5
3072 6
1536 7
2560 8
512 9
3584 10
512 11
4608 12
3584 13
1536 14
6144 15
4096 16
2560 17
2048 18
2560 19
1536 20
512 21
2048 22
1536 23
7168 24
1024 25
10240 26
512 27
2048 28
3072 29
6656 30
1536 31
6144 32
4608 33
2560 34
3584 35
1024 36
2048 34
512 33
512 32
1024 26
2560 26
6144 27
512 27
3072 26
2560 25
2048 23
1536 18
4608 18
10240 16
1024 15
1024 14
2560 10
1024 11
1024 6
2560 4
2048 1
4608 1
8704 2
512 3
2048 4
2048 5
1536 6
1024 7
2560 8
1536 9
3584 10
6656 11
6144 12
8704 13
1024 14
2560 15
512 16
5632 17
3072 18
7680 19
3072 20
2048 21
1024 22
2048 23
3072 24
1536 25
4608 26
2048 27
7680 28
2048 29
512 30
3584 31
12800 32
512 33
1536 34
512 35
7680 36
3584 37
1536 38
512 39
2048 40
8704 41
7168 42
2048 43
3072 44
512 45
512 42
1024 37
4096 36
4096 37
2560 33
512 34
3584 33
512 34
9216 32
1536 29
5632 28
9216 26
2048 22
512 23
2048 20
1536 14
6144 14
3072 14
1536 15
7168 16
6144 17
16384 18
2560 19
1536 20
512 21
1536 22
8192 23
512 24
1024 25
512 26
4608 27
1024 28
3072 29
5120 30
3072 31
5120 32
2560 33
512 34
1536 35
4608 36
4096 37
512 38
2560 39
11264 40
1536 41
512 42
512 43
1536 44
1536 45
1536 46
7680 47
3584 48
2048 49
5632 50
512 51
1536 52
3072 53
3584 54
512 55
5632 56
1024 57
512 58
512 59
9216 60
9216 61
2048 62
3584 63
512 64
512 65
1536 63
512 58
1536 55
4608 53
512 52
1024 46
5632 42
10752 42
3072 39
5120 34
2048 34
512 33
2048 32
11776 29
1024 30
2560 27
3072 22
5120 20
1024 16
6656 11
4608 11
1024 12
2560 7
4608 6
5120 7
8192 3
512 3
512 2
4096 1
512 2
1536 3
3072 4
512 5
4096 6
2048 7
512 8
1536 9
5632 10
7680 11
512 12
6144 13
4096 14
8192 15
3072 16
512 17
2560 18
512 19
2048 20
2048 21
512 22
2048 23
2048 24
1024 25
16384 26
1536 24
2560 22
1536 23
2560 23
6656 20
2048 18
512 13
3072 11
3584 9
8192 9
1024 6
2048 4
3584 1
1024 1
2560 1
3584 1
2560 1
4608 1
2560 2
3072 3
1024 4
3584 5
3072 6
2048 7
11264 8
3072 9
1024 10
5120 11
4096 12
2048 13
512 14
1024 15
7680 16
6144 17
2048 18
2048 19
5632 20
5120 21
6144 22
512 23
1024 24
2560 25
1536 26
2560 27
4608 28
3584 29
5120 30
1536 31
5120 32
1024 33
3584 34
2560 35
1024 36
5120 37
2560 38
4096 39
512 40
6656 41
7680 42
512 43
1024 44
512 45
512 46
9216 47
2048 48
1024 49
1024 50
512 51
2048 52
512 53
4608 54
2560 50
1024 49
1536 48
2048 47
4608 47
2048 48
2560 46
1024 45
512 42
1536 38
1024 37
2560 36
4608 33
4096 34
11264 35
6144 36
1536 37
4608 38
11264 39
3072 40
5632 41
1536 42
6144 43
8704 44
512 45
2560 46
1024 47
11776 48
1024 49
1024 50
4608 51
512 52
512 53
8704 54
2048 55
512 56
4608 57
512 58
4608 59
512 60
1024 61
3584 62
1536 63
2048 64
1024 65
2560 66
3584 67
512 68
1536 69
4096 70
1536 71
2048 72
6656 73
512 74
2560 75
512 76
7680 77
1024 78
2560 79
6656 80
512 81
6144 82
3584 83
2048 84
3072 85
4096 86
3584 84
5120 81
3072 81
1536 80
3584 77
512 77
3584 73
1536 69
1536 63
512 63
2560 59
1024 59
1536 57
11776 50
3072 50
4608 47
7680 46
1536 45
2048 41
1024 39
2560 35
512 34
3072 30
1024 28
5120 25
512 21
512 19
1024 17
1536 13
5632 11
2048 12
8704 13
512 14
5120 15
11776 16
2560 17
1024 18
1536 19
1536 20
1024 21
6144 22
2048 23
11776 24
2560 25
3584 26
1024 27
1024 28
1024 29
5120 30
1536 31
7680 32
4096 33
512 34
3072 35
512 36
5120 37
2048 34
512 33
6656 25
2048 26
1024 27
512 26
2048 26
2560 25
2048 24
2048 21
2560 17
3584 17
6144 14
9216 11
8704 5
6144 3
9216 1
2048 1
2048 1
512 2
1536 3
3072 4
5632 5
3072 6
6144 7
2048 8
8192 9
512 10
1024 11
1536 12
512 13
512 14
1024 15
1536 16
512 17
2560 18
2560 19
7168 20
14848 21
1536 22
4608 23
1536 24
1536 25
1024 26
4096 27
2048 28
1024 29
2560 30
5632 31
5632 28
5632 28
13824 25
2048 23
9216 18
4096 17
1536 16
5120 16
1024 17
512 18
2048 19
1024 20
512 21
2560 22
2560 23
8192 24
1536 25
2048 26
1536 27
5120 28
5632 29
512 30
1536 31
4608 32
3072 33
3072 34
8704 35
1536 36
512 32
4096 29
1024 30
2048 28
1024 24
2048 20
1024 18
512 16
1536 13
4096 13
2048 9
4096 6
3584 3
7680 4
7168 5
512 6
7168 7
512 8
5120 9
1024 10
2048 11
1536 12
3072 13
2048 14
1536 15
4096 16
4096 17
2048 18
4608 19
1024 18
3072 17
512 12
4096 8
8192 7
5632 6
1024 6
1536 3
10240 1
5120 2
2560 3
2560 4
512 5
1024 6
4096 7
1536 8
512 9
2048 10
8704 11
8704 12
14848 13
2048 14
5120 15
8192 16
2560 17
2048 10
7168 6
5632 4
512 4
3072 4
3072 4
512 5
2048 2
512 1
2560 1
2560 2
5120 3
2560 4
6656 5
6656 6
1536 7
512 8
6144 9
1024 10
1536 11
2048 12
3584 13
4096 14
5120 15
512 16
4096 17
13824 18
6144 19
3072 20
4608 21
1536 22
2560 23
2048 21
1536 22
5632 23
8192 24
3072 25
5120 26
7168 27
512 28
512 29
8192 30
5120 31
2048 32
2560 33
7680 34
1024 33
2560 30
512 28
3584 28
2560 28
5632 25
512 23
3584 19
2048 18
1024 17
1536 15
2560 16
3072 17
1536 18
512 19
15360 20
6656 21
14336 22
512 23
4608 24
5120 25
2048 26
9216 27
2048 28
1536 29
3072 30
2560 31
1536 32
9728 33
3584 34
4608 35
512 36
10752 37
512 35
5632 35
512 33
2048 29
3584 26
3072 26
4608 22
3072 21
6656 21
3584 13
5120 9
5120 10
16384 11
9728 12
5632 13
2048 14
4096 15
3072 16
1536 17
2048 18
512 19
10240 20
1024 21
8192 22
2560 20
1024 17
4608 15
512 16
1024 13
4608 8
512 8
1024 8
1024 1
1024 1
2048 2
1536 1
7680 1
5632 2
1536 3
5632 4
5120 5
2560 6
1536 7
512 8
2560 9
2560 10
3072 11
1024 12
3072 13
1536 14
1536 15
512 16
8704 17
1024 18
2048 19
6656 20
2560 21
512 18
5632 18
512 14
5632 12
10240 7
5120 7
1024 5
512 4
2560 1
1024 1
1536 2
2560 3
1024 4
512 5
5120 6
5632 7
3072 8
10752 9
8704 10
1024 11
1024 12
5632 13
512 14
5120 15
512 16
9216 17
1536 18
5632 19
1024 20
2048 21
1024 22
3072 23
1536 24
5632 25
1024 26
1536 27
512 28
3072 29
1536 30
8704 27
1536 26
3584 25
1024 22
512 20
5120 15
1024 7
4608 6
5120 3
1024 4
512 4
4096 2
1024 1
512 2
1024 1
3072 1
3072 1
6144 1
1536 1
4608 1
2048 2
5632 3
2048 4
7168 5
1024 6
2048 7
512 8
4608 9
1024 10
2560 11
2048 12
12800 13
4608 14
4096 15
512 16
512 17
14848 18
3072 19
4608 20
8192 21
9728 22
1536 23
512 24
512 25
1024 26
6656 27
5632 28
2560 29
1536 30
11264 31
3072 32
2560 33
3072 34
3072 35
3072 36
4608 37
1536 38
1536 39
14848 40
512 41
7168 42
1024 43
512 42
4096 40
2560 39
4608 35
4608 34
512 35
1536 35
7168 31
6144 31
3584 29
512 26
1536 26
512 23
1536 23
1024 20
1024 17
10240 15
512 16
3072 14
4608 12
3072 9
3584 6
512 3
16384 1
11776 2
2048 3
9728 4
512 5
2048 6
3072 7
15360 8
1024 9
512 10
4096 11
4096 12
512 13
3072 14
512 15
13824 16
4608 17
512 18
4608 19
7168 20
10240 21
3584 22
1536 23
3072 24
1536 25
7168 26
1024 27
1536 28
512 29
4608 30
2560 31
1024 32
1024 33
512 34
4096 34
3072 30
2048 26
512 27
6656 25
2048 26
512 22
1536 23
15872 17
4608 18
2048 17
1024 15
4096 14
1024 11
10240 10
2560 8
5120 4
3072 2
5120 1
2048 1
3584 2
512 3
2560 4
3072 5
1024 6
8192 7
4608 8
14336 9
1024 10
1024 11
8192 12
3072 13
2048 14
2048 15
1024 16
8192 17
1536 18
6144 19
1536 20
2560 21
512 22
4608 23
512 24
6144 25
1536 26
3072 27
1536 28
1536 29
1024 30
2560 31
512 32
2048 33
4096 34
512 35
1536 36
1024 37
2560 38
1024 39
5120 40
512 41
5120 42
512 43
3584 44
4608 45
1536 46
5632 47
1024 48
3072 49
512 50
4096 51
1024 52
3072 53
2560 54
11776 55
9728 55
1024 56
5120 57
1536 58
512 59
2048 60
512 61
6144 62
3584 63
512 64
2560 65
512 66
9728 67
2048 68
2048 69
1024 70
3584 70
512 71
1536 70
11776 71
512 72
4608 73
4096 74
10240 72
8704 71
1536 71
512 72
2560 71
1024 71
1024 72
3072 73
4608 70
5632 69
2048 66
2048 67
6656 68
7680 69
2048 66
2560 60
5632 60
5632 58
1536 57
2048 54
1024 53
6144 49
3072 44
512 41
7168 37
2048 36
1536 33
4096 28
2048 29
6656 22
2560 21
4096 19
512 18
1536 17
5632 15
2560 13
512 11
3072 10
1536 8
1024 3
512 3
6144 1
512 2
11264 3
1024 4
512 5
512 6
1024 7
3072 8
2560 9
1536 10
6144 11
6144 12
5632 13
14336 14
1536 15
4608 16
3584 17
1024 18
512 19
2048 20
1536 18
1024 14
4096 13
512 14
1536 8
1024 9
13312 4
5632 1
4608 1
5632 2
6144 3
2048 4
2048 5
1024 6
512 7
1024 8
512 9
512 10
1536 11
5632 12
3584 13
4096 14
512 15
7680 16
4608 17
2560 18
8704 19
1536 20
11776 21
2048 22
4096 23
8192 24
1024 25
7168 26
1024 27
2048 28
2048 6
1536 7
4096 8
7168 9
2048 10
5632 11
512 12
2048 13
4096 14
4096 15
