1 277232
1 283737
0 283737
1 300712
2 306758
1 306758
1 315108
0 315108
1 319058
1 326824
4 352675
3 352675
2 352675
3 364971
2 364971
15 446977
14 446977
13 446977
12 446977
11 446977
10 446977
9 446977
8 446977
8 455018
7 455018
6 455018
5 455018
6 481099
5 481099
4 481099
4 490127
3 490127
2 490127
5 510986
4 510986
3 510986
3 520634
2 520634
4 535641
3 535641
2 535641
3 549289
2 549289
1 562147
1 576975
6 620125
5 620125
4 620125
3 625175
2 625175
12 704114
11 704114
10 704114
9 704114
8 704114
7 704114
6 704114
6 719219
5 719219
4 719219
5 725156
4 725156
3 725156
4 747817
3 747817
2 747817
1 747817
1 753913
2 761687
1 761687
8 785976
7 785976
6 785976
5 785976
4 785976
3 785976
2 785976
14 850552
13 850552
12 850552
11 850552
10 850552
9 850552
14 878543
13 878543
12 878543
11 878543
10 878543
9 878543
8 878543
7 878543
6 878543
5 878543
5 886966
4 886966
3 896476
2 896476
5 931958
4 931958
3 931958
2 933319
1 933319
2 943714
2 956054
3 975185
2 975185
1 976147
10 1048746
9 1048746
8 1048746
7 1048746
6 1048746
13 1136999
12 1136999
11 1136999
10 1136999
9 1136999
8 1136999
7 1136999
14 1184072
13 1184072
12 1184072
11 1184072
10 1184072
9 1184072
8 1184072
9 1195511
8 1195511
7 1195511
11 1242038
10 1242038
9 1242038
8 1242038
7 1242038
6 1242038
6 1265721
5 1265721
4 1265721
3 1270690
3 1285910
2 1285910
5 1309735
4 1309735
6 1338530
5 1338530
4 1338530
3 1338530
9 1395969
8 1395969
7 1395969
6 1395969
5 1395969
6 1414605
5 1414605
4 1414605
6 1426697
5 1426697
4 1426697
3 1426697
2 1426697
1 1431063
8 1500938
7 1500938
6 1500938
5 1500938
14 1604331
13 1604331
12 1604331
11 1604331
10 1604331
9 1604331
13 1650158
12 1650158
11 1650158
10 1650158
9 1650158
8 1650158
7 1652319
6 1652319
5 1652319
4 1652319
3 1652319
3 1655686
2 1655686
3 1680383
2 1680383
5 1711734
4 1711734
3 1711734
13 1765188
12 1765188
11 1765188
10 1765188
9 1765188
8 1765188
7 1765188
8 1772558
7 1772558
6 1772558
5 1772558
4 1772558
6 1786569
5 1786569
4 1786569
10 1817227
9 1817227
8 1817227
7 1817227
6 1817227
13 1864914
12 1864914
11 1864914
10 1864914
9 1864914
8 1864914
7 1864914
8 1886639
7 1886639
6 1886639
5 1886639
4 1886639
3 1886639
3 1889096
2 1889096
1 1892003
19 2051573
18 2051573
17 2051573
16 2051573
15 2051573
14 2051573
13 2051573
12 2051573
11 2051573
10 2051573
15 2075264
14 2075264
13 2075264
12 2075264
11 2075264
10 2075264
9 2075264
8 2075264
8 2096136
7 2096136
6 2096136
5 2096136
7 2106820
6 2106820
5 2106820
4 2106820
6 2154180
5 2154180
4 2154180
3 2154180
2 2154180
7 2191711
6 2191711
5 2191711
5 2197548
4 2197548
3 2197548
4 2214174
3 2214174
5 2246191
4 2246191
3 2246191
14 2336614
13 2336614
12 2336614
11 2336614
10 2336614
16 2399280
15 2399280
14 2399280
13 2399280
12 2399280
11 2399280
10 2399280
14 2439615
13 2439615
12 2439615
11 2439615
10 2439615
9 2439615
18 2511752
17 2511752
16 2511752
15 2511752
14 2511752
13 2511752
12 2511752
11 2511752
10 2511752
9 2511752
8 2511752
7 2511752
6 2511752
10 2544490
9 2544490
8 2544490
7 2544490
6 2544490
5 2544490
9 2580850
8 2580850
7 2580850
6 2580850
5 2580850
4 2580850
3 2580850
10 2629742
9 2629742
8 2629742
7 2629742
6 2629742
5 2631102
4 2631102
3 2631102
15 2684661
14 2684661
13 2684661
12 2684661
11 2684661
10 2684661
9 2684661
8 2684661
7 2684661
6 2684661
5 2684661
15 2756001
14 2756001
13 2756001
12 2756001
11 2756001
10 2756001
9 2756001
8 2756001
7 2756001
6 2756001
5 2756001
4 2756001
25 2936606
24 2936606
23 2936606
22 2936606
21 2936606
20 2936606
19 2936606
18 2936606
17 2936606
16 2936606
15 2936606
14 2936606
18 2963846
17 2963846
16 2963846
15 2963846
14 2963846
13 2963846
12 2963846
11 2963846
10 2963846
9 2963846
8 2963846
7 2963846
6 2963846
5 2963846
7 2970816
6 2970816
5 2970816
4 2970816
9 3023113
8 3023113
7 3023113
6 3023113
15 3106986
14 3106986
13 3106986
12 3106986
11 3106986
10 3106986
9 3106986
8 3106986
16 3170347
15 3170347
14 3170347
13 3170347
12 3170347
11 3170347
10 3170347
14 3187927
13 3187927
12 3187927
11 3187927
10 3187927
9 3187927
8 3187927
7 3187927
8 3212019
7 3212019
6 3212019
5 3212019
5 3215233
4 3215233
3 3215233
6 3248427
5 3248427
4 3248427
3 3248427
2 3248427
4 3279204
3 3279204
2 3279204
1 3279204
7 3326256
6 3326256
9 3368070
8 3368070
7 3368070
6 3368070
5 3368070
12 3451695
11 3451695
10 3451695
9 3451695
8 3451695
7 3451695
6 3451695
5 3451695
4 3451695
5 3478616
4 3478616
3 3478616
15 3560708
14 3560708
13 3560708
12 3560708
11 3560708
10 3560708
9 3560708
11 3587294
10 3587294
9 3587294
8 3587294
7 3587294
6 3587294
30 3738294
29 3738294
28 3738294
27 3738294
26 3738294
25 3738294
24 3738294
23 3738294
22 3738294
21 3738294
20 3738294
19 3738294
18 3738294
17 3738294
16 3738294
15 3757726
14 3757726
13 3757726
12 3757726
11 3757726
10 3757726
9 3757726
8 3757726
27 3871698
26 3871698
25 3871698
24 3871698
23 3871698
22 3871698
21 3871698
20 3871698
19 3871698
18 3871698
17 3871698
16 3871698
15 3871698
29 3967192
28 3967192
27 3967192
26 3967192
25 3967192
24 3967192
23 3967192
22 3967192
21 3967192
20 3967192
19 3967192
18 3967192
17 3967192
16 3967192
15 3967192
47 4195570
46 4195570
45 4195570
44 4195570
43 4195570
42 4195570
41 4195570
40 4195570
39 4195570
38 4195570
37 4195570
36 4195570
35 4195570
34 4195570
33 4195570
32 4195570
31 4195570
30 4195570
29 4195570
28 4195570
27 4195570
26 4195570
25 4195570
24 4195570
23 4195570
22 4195570
21 4195570
20 4195570
19 4195570
18 4195570
17 4195570
16 4195570
15 4195570
14 4195570
19 4256730
18 4256730
17 4256730
16 4256730
15 4256730
14 4256730
13 4256730
12 4256730
11 4256730
10 4264262
9 4264262
8 4264262
7 4264262
6 4264262
24 4404247
23 4404247
22 4404247
21 4404247
20 4404247
19 4404247
18 4404247
17 4404247
16 4404247
15 4404247
14 4404247
13 4404247
12 4404247
11 4404247
10 4404247
9 4404247
8 4404247
10 4433317
9 4433317
8 4433317
7 4433317
6 4433317
13 4486584
12 4486584
11 4486584
10 4486584
9 4486584
8 4486584
7 4486584
6 4486584
5 4486584
4 4486584
3 4486584
18 4597765
17 4597765
16 4597765
15 4597765
14 4597765
13 4597765
12 4597765
11 4597765
10 4597765
16 4635364
15 4635364
14 4635364
13 4635364
12 4635364
11 4635364
10 4635364
9 4635364
33 4784311
32 4784311
31 4784311
30 4784311
29 4784311
28 4784311
27 4784311
26 4784311
25 4784311
24 4784311
23 4784311
22 4784311
21 4784311
20 4784311
19 4784311
18 4784311
17 4784311
16 4784311
15 4784311
14 4784311
13 4784311
12 4784311
11 4784311
10 4784311
32 4952270
31 4952270
30 4952270
29 4952270
28 4952270
27 4952270
26 4952270
25 4952270
24 4952270
23 4952270
22 4952270
21 4952270
20 4952270
19 4952270
18 4952270
25 4995261
24 4995261
23 4995261
22 4995261
21 4995261
20 4995261
19 4995261
18 4995261
17 4995261
16 4995261
15 4995261
14 4995261
13 4995261
12 4995261
11 4995261
10 4995261
9 4995261
21 5062171
20 5062171
19 5062171
18 5062171
17 5062171
16 5062171
15 5062171
14 5062171
13 5062171
12 5062171
11 5062171
31 5210281
30 5210281
29 5210281
28 5210281
27 5210281
26 5210281
25 5210281
24 5210281
23 5210281
22 5210281
21 5210281
20 5210281
19 5210281
18 5210281
18 5213042
17 5213042
16 5213042
15 5213042
14 5213042
13 5213042
12 5213042
11 5213042
10 5213042
9 5213042
8 5213042
7 5213042
6 5213042
45 5450869
44 5450869
43 5450869
42 5450869
41 5450869
40 5450869
39 5450869
38 5450869
37 5450869
36 5450869
35 5450869
34 5450869
33 5450869
32 5450869
31 5450869
30 5450869
29 5450869
28 5450869
27 5450869
26 5450869
25 5450869
33 5512617
32 5512617
31 5512617
30 5512617
29 5512617
28 5512617
27 5512617
26 5512617
25 5512617
24 5512617
23 5512617
22 5512617
21 5512617
20 5512617
19 5512617
28 5567641
27 5567641
26 5567641
25 5567641
24 5567641
23 5567641
22 5567641
21 5567641
20 5567641
19 5567641
18 5567641
17 5567641
16 5567641
15 5567641
22 5611018
21 5611018
20 5611018
19 5611018
18 5611018
17 5611018
16 5611018
15 5611018
14 5611018
13 5611018
12 5611018
11 5611018
12 5618931
11 5618931
10 5618931
9 5618931
8 5618931
7 5618931
20 5714710
19 5714710
18 5714710
17 5714710
16 5714710
15 5714710
14 5714710
13 5714710
20 5775039
19 5775039
18 5775039
17 5775039
16 5775039
15 5775039
14 5775039
13 5775039
12 5775039
11 5775039
81 6192074
80 6192074
79 6192074
78 6192074
77 6192074
76 6192074
75 6192074
74 6192074
73 6192074
72 6192074
71 6192074
70 6192074
69 6192074
68 6192074
67 6192074
66 6192074
65 6192074
64 6192074
63 6192074
62 6192074
61 6192074
60 6192074
59 6192074
58 6192074
57 6192074
56 6192074
55 6192074
54 6192074
53 6192074
52 6192074
51 6192074
50 6192074
49 6192074
48 6192074
47 6192074
46 6192074
45 6192074
44 6192074
43 6192074
42 6192074
41 6192074
40 6192074
39 6192074
38 6192074
37 6192074
36 6192074
35 6192074
34 6192074
33 6192074
32 6192074
31 6192074
30 6192074
29 6192074
28 6192074
27 6192074
26 6192074
25 6192074
24 6192074
43 6300668
42 6300668
41 6300668
40 6300668
39 6300668
38 6300668
37 6300668
36 6300668
35 6300668
34 6300668
33 6300668
32 6300668
31 6300668
30 6300668
29 6300668
28 6300668
27 6300668
26 6300668
25 6300668
24 6300668
23 6300668
22 6300668
21 6300668
20 6300668
19 6300668
18 6300668
17 6300668
16 6300668
15 6300668
14 6300668
13 6300668
12 6300668
40 6470331
39 6470331
38 6470331
37 6470331
36 6470331
35 6470331
34 6470331
33 6470331
32 6470331
31 6470331
30 6470331
29 6470331
28 6470331
27 6470331
26 6470331
25 6470331
24 6470331
23 6470331
22 6470331
21 6470331
20 6470331
19 6470331
18 6470331
17 6470331
16 6470331
15 6470331
14 6470331
13 6470331
12 6470331
41 6768089
40 6768089
39 6768089
38 6768089
37 6768089
36 6768089
35 6768089
34 6768089
33 6768089
32 6768089
31 6768089
30 6768089
29 6768089
28 6768089
27 6768089
26 6768089
25 6768089
24 6768089
23 6768089
22 6768089
38 6881116
37 6881116
36 6881116
35 6881116
34 6881116
33 6881116
32 6881116
31 6881116
30 6881116
29 6881116
28 6881116
27 6881116
26 6881116
25 6881116
24 6881116
23 6881116
22 6881116
21 6881116
20 6881116
19 6881116
18 6881116
17 6881116
16 6881116
15 6881116
14 6881116
13 6881116
12 6881116
23 6962934
22 6962934
21 6962934
20 6962934
19 6962934
18 6962934
17 6962934
16 6962934
15 6962934
14 6962934
13 6962934
12 6962934
11 6962934
10 6962934
9 6962934
8 6962934
7 6962934
24 7116698
23 7116698
22 7116698
21 7116698
20 7116698
19 7116698
18 7116698
17 7116698
16 7116698
15 7116698
14 7116698
13 7116698
17 7157295
16 7157295
15 7157295
14 7157295
13 7157295
12 7157295
11 7157295
10 7157295
9 7157295
30 7346946
29 7346946
28 7346946
27 7346946
26 7346946
25 7346946
24 7346946
23 7346946
22 7346946
21 7346946
20 7346946
19 7346946
18 7346946
17 7346946
16 7346946
15 7346946
14 7346946
13 7346946
12 7346946
11 7346946
10 7346946
21 7462141
20 7462141
19 7462141
18 7462141
17 7462141
16 7462141
15 7462141
14 7462141
13 7462141
12 7462141
11 7462141
10 7462141
9 7462141
8 7462141
7 7462141
6 7462141
6 7466555
5 7466555
4 7466555
3 7466555
2 7466555
4 7491519
3 7491519
2 7491519
21 7636225
20 7636225
19 7636225
18 7636225
17 7636225
16 7636225
15 7636225
14 7636225
13 7636225
12 7636225
11 7636225
10 7636225
9 7636225
8 7636225
7 7636225
6 7636225
18 7723514
17 7723514
16 7723514
15 7723514
14 7723514
13 7723514
12 7723514
11 7723514
10 7723514
9 7723514
8 7723514
7 7723514
6 7723514
5 7723514
6 7739345
5 7739345
4 7739345
23 7876375
22 7876375
21 7876375
20 7876375
19 7876375
18 7876375
17 7876375
16 7876375
15 7876375
14 7876375
13 7876375
12 7876375
11 7876375
10 7876375
9 7876375
8 7876375
7 7876375
6 7876375
5 7883170
4 7883170
3 7883170
2 7884314
31 8072123
30 8072123
29 8072123
28 8072123
27 8072123
26 8072123
25 8072123
24 8072123
23 8072123
22 8072123
21 8072123
20 8072123
19 8072123
18 8072123
17 8072123
16 8072123
15 8072123
14 8072123
13 8072123
12 8072123
11 8072123
10 8072123
9 8072123
26 8177385
25 8177385
24 8177385
23 8177385
22 8177385
21 8177385
20 8177385
19 8177385
18 8177385
17 8177385
16 8177385
15 8177385
14 8177385
13 8177385
12 8177385
11 8177385
10 8177385
9 8177385
8 8177385
7 8177385
11 8221308
10 8221308
9 8221308
8 8221308
7 8221308
16 8321296
15 8321296
14 8321296
13 8321296
12 8321296
11 8321296
10 8321296
9 8321296
17 8376406
16 8376406
15 8376406
14 8376406
13 8376406
12 8376406
11 8376406
10 8376406
27 8508891
26 8508891
25 8508891
24 8508891
23 8508891
22 8508891
21 8508891
20 8508891
19 8508891
18 8508891
17 8508891
16 8508891
15 8508891
39 8671231
38 8671231
37 8671231
36 8671231
35 8671231
34 8671231
33 8671231
32 8671231
31 8671231
30 8671231
29 8671231
28 8671231
27 8671231
26 8671231
25 8671231
24 8671231
23 8671231
22 8671231
29 8755242
28 8755242
27 8755242
26 8755242
25 8755242
24 8755242
23 8755242
22 8755242
21 8755242
20 8755242
19 8755242
18 8755242
17 8755242
46 9004708
45 9004708
44 9004708
43 9004708
42 9004708
41 9004708
40 9004708
39 9004708
38 9004708
37 9004708
36 9004708
35 9004708
34 9004708
33 9004708
32 9004708
31 9004708
30 9004708
29 9004708
28 9004708
27 9004708
39 9106992
38 9106992
37 9106992
36 9106992
35 9106992
34 9106992
33 9106992
32 9106992
31 9106992
30 9106992
29 9106992
28 9106992
27 9106992
26 9106992
25 9106992
24 9106992
23 9106992
22 9106992
27 9122845
26 9122845
25 9122845
24 9122845
23 9122845
22 9122845
21 9122845
20 9122845
19 9122845
18 9122845
17 9122845
16 9122845
15 9122845
14 9122845
13 9122845
12 9122845
11 9122845
10 9122845
9 9122845
8 9122845
7 9122845
9 9148719
8 9148719
7 9148719
6 9148719
5 9148719
53 9479857
52 9479857
51 9479857
50 9479857
49 9479857
48 9479857
47 9479857
46 9479857
45 9479857
44 9479857
43 9479857
42 9479857
41 9479857
40 9479857
39 9479857
38 9479857
37 9479857
36 9479857
35 9479857
34 9479857
33 9479857
32 9479857
31 9479857
30 9479857
29 9479857
95 9893657
94 9893657
93 9893657
92 9893657
91 9893657
90 9893657
89 9893657
88 9893657
87 9893657
86 9893657
85 9893657
84 9893657
83 9893657
82 9893657
81 9893657
80 9893657
79 9893657
78 9893657
77 9893657
76 9893657
75 9893657
74 9893657
73 9893657
72 9893657
71 9893657
70 9893657
69 9893657
68 9893657
67 9893657
66 9893657
65 9893657
64 9893657
63 9893657
62 9893657
61 9893657
60 9893657
59 9893657
58 9893657
57 9893657
56 9893657
55 9893657
54 9893657
53 9893657
52 9893657
51 9893657
50 9893657
49 9893657
48 9893657
47 9893657
46 9893657
45 9893657
44 9893657
43 9893657
42 9893657
41 9893657
40 9893657
39 9893657
38 9893657
37 9893657
36 9893657
35 9893657
34 9893657
33 9893657
32 9893657
31 9893657
30 9893657
29 9893657
28 9893657
40 9974434
39 9974434
38 9974434
37 9974434
36 9974434
35 9974434
34 9974434
33 9974434
32 9974434
31 9974434
30 9974434
29 9974434
28 9974434
27 9974434
26 9974434
25 9974434
24 9974434
23 9974434
22 9974434
21 9974434
20 9974434
19 9974434
18 9974434
17 9974434
16 9974434
15 9974434
14 9974434
13 9974434
45 10220526
44 10220526
43 10220526
42 10220526
41 10220526
40 10220526
39 10220526
38 10220526
37 10220526
36 10220526
35 10220526
34 10220526
33 10220526
32 10220526
31 10220526
30 10220526
29 10220526
28 10220526
27 10220526
26 10220526
62 10496185
61 10496185
60 10496185
59 10496185
58 10496185
57 10496185
56 10496185
55 10496185
54 10496185
53 10496185
52 10496185
51 10496185
50 10496185
49 10496185
48 10496185
47 10496185
46 10496185
45 10496185
44 10496185
43 10496185
42 10496185
41 10496185
40 10496185
39 10496185
38 10496185
37 10496185
36 10496185
35 10496185
34 10496185
36 10522553
35 10522553
34 10522553
33 10522553
32 10522553
31 10522553
30 10522553
29 10522553
28 10522553
27 10522553
26 10522553
25 10522553
24 10522553
23 10522553
22 10522553
21 10522553
20 10522553
73 10896293
72 10896293
71 10896293
70 10896293
69 10896293
68 10896293
67 10896293
66 10896293
65 10896293
64 10896293
63 10896293
62 10896293
61 10896293
60 10896293
59 10896293
58 10896293
57 10896293
56 10896293
55 10896293
54 10896293
53 10896293
52 10896293
51 10896293
50 10896293
49 10896293
48 10896293
47 10896293
46 10896293
45 10896293
44 10896293
43 10896293
42 10896293
41 10896293
40 10896293
39 10896293
75 11151749
74 11151749
73 11151749
72 11151749
71 11151749
70 11151749
69 11151749
68 11151749
67 11151749
66 11151749
65 11151749
64 11151749
63 11151749
62 11151749
61 11151749
60 11151749
59 11151749
58 11151749
57 11151749
56 11151749
55 11151749
54 11151749
53 11151749
52 11151749
51 11151749
50 11151749
49 11151749
48 11151749
47 11151749
46 11151749
45 11151749
44 11151749
43 11151749
42 11151749
41 11151749
40 11151749
39 11151749
38 11151749
37 11151749
36 11151749
35 11151749
34 11151749
33 11151749
32 11151749
31 11151749
30 11151749
29 11151749
28 11151749
27 11151749
26 11151749
25 11151749
24 11151749
56 11360856
55 11360856
54 11360856
53 11360856
52 11360856
51 11360856
50 11360856
49 11360856
48 11360856
47 11360856
46 11360856
45 11360856
44 11360856
43 11360856
42 11360856
41 11360856
40 11360856
39 11360856
38 11360856
37 11360856
36 11360856
35 11360856
34 11360856
33 11360856
32 11360856
31 11360856
47 11461498
46 11461498
45 11461498
44 11461498
43 11461498
42 11461498
41 11461498
40 11461498
39 11461498
38 11461498
37 11461498
36 11461498
35 11461498
34 11461498
33 11461498
32 11461498
31 11461498
30 11461498
29 11461498
28 11461498
27 11461498
26 11461498
25 11461498
40 11579753
39 11579753
38 11579753
37 11579753
36 11579753
35 11579753
34 11579753
33 11579753
32 11579753
31 11579753
30 11579753
29 11579753
28 11579753
27 11579753
26 11579753
25 11579753
24 11579753
23 11579753
22 11579753
21 11579753
27 11635601
26 11635601
25 11635601
24 11635601
23 11635601
22 11635601
21 11635601
20 11635601
19 11635601
18 11635601
17 11635601
16 11635601
41 11807826
40 11807826
39 11807826
38 11807826
37 11807826
36 11807826
35 11807826
34 11807826
33 11807826
32 11807826
31 11807826
30 11807826
29 11807826
28 11807826
27 11807826
26 11807826
25 11807826
24 11807826
33 11888840
32 11888840
31 11888840
30 11888840
29 11888840
28 11888840
27 11888840
26 11888840
25 11888840
24 11888840
23 11888840
22 11888840
21 11888840
20 11888840
19 11888840
18 11888840
52 12205590
51 12205590
50 12205590
49 12205590
48 12205590
47 12205590
46 12205590
45 12205590
44 12205590
43 12205590
42 12205590
41 12205590
40 12205590
39 12205590
38 12205590
37 12205590
36 12205590
35 12205590
34 12205590
33 12205590
32 12205590
31 12205590
30 12205590
29 12205590
28 12205590
27 12205590
26 12205590
25 12205590
24 12205590
23 12205590
22 12205590
21 12205590
20 12205590
19 12205590
18 12205590
17 12205590
16 12205590
56 12475880
55 12475880
54 12475880
53 12475880
52 12475880
51 12475880
50 12475880
49 12475880
48 12475880
47 12475880
46 12475880
45 12475880
44 12475880
43 12475880
42 12475880
41 12475880
40 12475880
39 12475880
38 12475880
37 12475880
36 12475880
35 12475880
34 12475880
33 12475880
32 12475880
31 12475880
30 12475880
29 12475880
28 12475880
27 12475880
26 12475880
25 12475880
24 12475880
23 12475880
22 12475880
21 12475880
20 12475880
19 12475880
18 12475880
17 12475880
120 13166840
119 13166840
118 13166840
117 13166840
116 13166840
115 13166840
114 13166840
113 13166840
112 13166840
111 13166840
110 13166840
109 13166840
108 13166840
107 13166840
106 13166840
105 13166840
104 13166840
103 13166840
102 13166840
101 13166840
100 13166840
99 13166840
98 13166840
97 13166840
96 13166840
95 13166840
94 13166840
93 13166840
92 13166840
91 13166840
90 13166840
89 13166840
88 13166840
87 13166840
86 13166840
85 13166840
84 13166840
83 13166840
82 13166840
81 13166840
80 13166840
79 13166840
78 13166840
77 13166840
76 13166840
75 13166840
74 13166840
73 13166840
72 13166840
71 13166840
70 13166840
69 13166840
71 13184127
70 13184127
69 13184127
68 13184127
67 13184127
66 13184127
65 13184127
64 13184127
63 13184127
62 13184127
61 13184127
60 13184127
59 13184127
58 13184127
57 13184127
56 13184127
55 13184127
54 13184127
53 13184127
52 13184127
51 13184127
50 13184127
49 13184127
48 13184127
47 13184127
46 13184127
45 13184127
44 13184127
43 13184127
42 13184127
41 13184127
40 13184127
39 13184127
130 13915363
129 13915363
128 13915363
127 13915363
126 13915363
125 13915363
124 13915363
123 13915363
122 13915363
121 13915363
120 13915363
119 13915363
118 13915363
117 13915363
116 13915363
115 13915363
114 13915363
113 13915363
112 13915363
111 13915363
110 13915363
109 13915363
108 13915363
107 13915363
106 13915363
105 13915363
104 13915363
103 13915363
102 13915363
101 13915363
100 13915363
99 13915363
98 13915363
97 13915363
96 13915363
95 13915363
94 13915363
93 13915363
92 13915363
91 13915363
90 13915363
89 13915363
88 13915363
87 13915363
86 13915363
85 13915363
84 13915363
83 13915363
82 13915363
81 13915363
80 13915363
79 13915363
78 13915363
77 13915363
76 13915363
75 13915363
74 13915363
73 13915363
72 13915363
71 13915363
85 13988111
84 13988111
83 13988111
82 13988111
81 13988111
80 13988111
79 13988111
78 13988111
77 13988111
76 13988111
75 13988111
74 13988111
73 13988111
72 13988111
71 13988111
70 13988111
69 13988111
68 13988111
67 13988111
66 13988111
65 13988111
64 13988111
63 13988111
62 13988111
61 13988111
60 13988111
59 13988111
58 13988111
57 13988111
56 13988111
55 13988111
54 13988111
53 13988111
52 13988111
51 13988111
50 13988111
49 13988111
48 13988111
47 13988111
46 13988111
45 13988111
72 14154183
71 14154183
70 14154183
69 14154183
68 14154183
67 14154183
66 14154183
65 14154183
64 14154183
63 14154183
62 14154183
61 14154183
60 14154183
59 14154183
58 14154183
57 14154183
56 14154183
55 14154183
54 14154183
53 14154183
52 14154183
51 14154183
50 14154183
49 14154183
48 14154183
47 14154183
46 14154183
45 14154183
44 14154183
43 14154183
42 14154183
41 14154183
40 14154183
39 14154183
61 14306088
60 14306088
59 14306088
58 14306088
57 14306088
56 14306088
55 14306088
54 14306088
53 14306088
52 14306088
51 14306088
50 14306088
49 14306088
48 14306088
47 14306088
46 14306088
45 14306088
44 14306088
43 14306088
42 14306088
41 14306088
40 14306088
39 14306088
38 14306088
37 14306088
36 14306088
35 14306088
34 14306088
33 14306088
104 14888467
103 14888467
102 14888467
101 14888467
100 14888467
99 14888467
98 14888467
97 14888467
96 14888467
95 14888467
94 14888467
93 14888467
92 14888467
91 14888467
90 14888467
89 14888467
88 14888467
87 14888467
86 14888467
85 14888467
84 14888467
83 14888467
82 14888467
81 14888467
80 14888467
79 14888467
78 14888467
77 14888467
76 14888467
75 14888467
74 14888467
73 14888467
72 14888467
71 14888467
70 14888467
69 14888467
68 14888467
67 14888467
66 14888467
65 14888467
64 14888467
63 14888467
62 14888467
61 14888467
125 15436421
124 15436421
123 15436421
122 15436421
121 15436421
120 15436421
119 15436421
118 15436421
117 15436421
116 15436421
115 15436421
114 15436421
113 15436421
112 15436421
111 15436421
110 15436421
109 15436421
108 15436421
107 15436421
106 15436421
105 15436421
104 15436421
103 15436421
102 15436421
101 15436421
100 15436421
99 15436421
98 15436421
97 15436421
96 15436421
95 15436421
94 15436421
93 15436421
92 15436421
91 15436421
90 15436421
89 15436421
88 15436421
87 15436421
86 15436421
85 15436421
84 15436421
83 15436421
82 15436421
81 15436421
80 15436421
79 15436421
78 15436421
77 15436421
76 15436421
75 15436421
74 15436421
73 15436421
72 15436421
71 15436421
70 15436421
69 15436421
71 15447779
70 15447779
69 15447779
68 15447779
67 15447779
66 15447779
65 15447779
64 15447779
63 15447779
62 15447779
61 15447779
60 15447779
59 15447779
58 15447779
57 15447779
56 15447779
55 15447779
54 15447779
53 15447779
52 15447779
51 15447779
50 15447779
49 15447779
48 15447779
47 15447779
46 15447779
45 15447779
44 15447779
43 15447779
42 15447779
41 15447779
40 15447779
39 15447779
38 15447779
37 15447779
36 15447779
35 15447779
34 15447779
33 15447779
32 15447779
31 15447779
30 15447779
29 15447779
28 15447779
27 15447779
26 15447779
25 15447779
24 15447779
23 15447779
22 15447779
21 15447779
20 15447779
58 15673660
57 15673660
56 15673660
55 15673660
54 15673660
53 15673660
52 15673660
51 15673660
50 15673660
49 15673660
48 15673660
47 15673660
46 15673660
45 15673660
44 15673660
43 15673660
42 15673660
41 15673660
40 15673660
39 15673660
38 15673660
37 15673660
36 15673660
35 15673660
34 15673660
33 15673660
32 15673660
31 15673660
68 15948714
67 15948714
66 15948714
65 15948714
64 15948714
63 15948714
62 15948714
61 15948714
60 15948714
59 15948714
58 15948714
57 15948714
56 15948714
55 15948714
54 15948714
53 15948714
52 15948714
51 15948714
50 15948714
49 15948714
48 15948714
47 15948714
46 15948714
45 15948714
44 15948714
43 15948714
42 15948714
41 15948714
40 15948714
39 15948714
125 16677443
124 16677443
123 16677443
122 16677443
121 16677443
120 16677443
119 16677443
118 16677443
117 16677443
116 16677443
115 16677443
114 16677443
113 16677443
112 16677443
111 16677443
110 16677443
109 16677443
108 16677443
107 16677443
106 16677443
105 16677443
104 16677443
103 16677443
102 16677443
101 16677443
100 16677443
99 16677443
98 16677443
97 16677443
96 16677443
95 16677443
94 16677443
93 16677443
92 16677443
91 16677443
90 16677443
89 16677443
88 16677443
87 16677443
86 16677443
85 16677443
84 16677443
83 16677443
82 16677443
81 16677443
80 16677443
79 16677443
78 16677443
77 16677443
76 16677443
75 16677443
74 16677443
73 16677443
72 16677443
71 16677443
70 16677443
69 16677443
68 16677443
84 16772742
83 16772742
82 16772742
81 16772742
80 16772742
79 16772742
78 16772742
77 16772742
76 16772742
75 16772742
74 16772742
73 16772742
72 16772742
71 16772742
70 16772742
69 16772742
68 16772742
67 16772742
66 16772742
65 16772742
64 16772742
63 16772742
62 16772742
61 16772742
60 16772742
59 16772742
58 16772742
57 16772742
56 16772742
55 16772742
54 16772742
53 16772742
52 16772742
51 16772742
50 16772742
49 16772742
48 16772742
47 16772742
46 16773305
45 16773305
44 16773305
43 16773305
42 16773305
41 16773305
40 16773305
39 16773305
38 16773305
37 16773305
36 16773305
35 16773305
34 16773305
33 16773305
32 16773305
31 16773305
30 16773305
29 16773305
28 16773305
27 16773305
26 16773305
25 16773305
24 16773305
23 16773305
22 16773305
21 16773305
20 16773305
19 16773305
18 16773305
17 16773305
16 16773305
15 16773305
14 16773305
13 16773305
48 16985112
47 16985112
46 16985112
45 16985112
44 16985112
43 16985112
42 16985112
41 16985112
40 16985112
39 16985112
38 16985112
37 16985112
36 16985112
35 16985112
34 16985112
33 16985112
32 16985112
31 16985112
30 16985112
29 16985112
28 16985112
27 16985112
26 16985112
57 17198246
56 17198246
55 17198246
54 17198246
53 17198246
52 17198246
51 17198246
50 17198246
49 17198246
48 17198246
47 17198246
46 17198246
45 17198246
44 17198246
43 17198246
42 17198246
41 17198246
40 17198246
39 17198246
38 17198246
37 17198246
36 17198246
35 17198246
34 17198246
33 17198246
32 17198246
31 17198246
30 17198246
67 17527072
66 17527072
65 17527072
64 17527072
63 17527072
62 17527072
61 17527072
60 17527072
59 17527072
58 17527072
57 17527072
56 17527072
55 17527072
54 17527072
53 17527072
52 17527072
51 17527072
50 17527072
49 17527072
48 17527072
47 17527072
46 17527072
45 17527072
44 17527072
43 17527072
42 17527072
41 17527072
40 17527072
39 17527072
38 17527072
37 17527072
36 17527072
78 17899819
77 17899819
76 17899819
75 17899819
74 17899819
73 17899819
72 17899819
71 17899819
70 17899819
69 17899819
68 17899819
67 17899819
66 17899819
65 17899819
64 17899819
63 17899819
62 17899819
61 17899819
60 17899819
59 17899819
58 17899819
57 17899819
56 17899819
55 17899819
54 17899819
53 17899819
52 17899819
51 17899819
50 17899819
49 17899819
48 17899819
47 17899819
46 17899819
45 17899819
44 17899819
43 17899819
42 17899819
41 17899819
40 17899819
39 17899819
38 17899819
37 17899819
36 17899819
35 17899819
34 17899819
33 17899819
32 17899819
31 17899819
30 17899819
29 17899819
28 17899819
27 17899819
26 17899819
25 17899819
24 17899819
23 17899819
99 18479887
98 18479887
97 18479887
96 18479887
95 18479887
94 18479887
93 18479887
92 18479887
91 18479887
90 18479887
89 18479887
88 18479887
87 18479887
86 18479887
85 18479887
84 18479887
83 18479887
82 18479887
81 18479887
80 18479887
79 18479887
78 18479887
77 18479887
76 18479887
75 18479887
74 18479887
73 18479887
72 18479887
71 18479887
70 18479887
69 18479887
68 18479887
67 18479887
66 18479887
65 18479887
64 18479887
63 18479887
62 18479887
61 18479887
60 18479887
59 18479887
58 18479887
57 18479887
56 18479887
55 18479887
110 18894103
109 18894103
108 18894103
107 18894103
106 18894103
105 18894103
104 18894103
103 18894103
102 18894103
101 18894103
100 18894103
99 18894103
98 18894103
97 18894103
96 18894103
95 18894103
94 18894103
93 18894103
92 18894103
91 18894103
90 18894103
89 18894103
88 18894103
87 18894103
86 18894103
85 18894103
84 18894103
83 18894103
82 18894103
81 18894103
80 18894103
79 18894103
78 18894103
77 18894103
76 18894103
75 18894103
74 18894103
73 18894103
72 18894103
71 18894103
70 18894103
69 18894103
68 18894103
67 18894103
66 18894103
65 18894103
64 18894103
63 18894103
62 18894103
61 18894103
60 18894103
88 19051093
87 19051093
86 19051093
85 19051093
84 19051093
83 19051093
82 19051093
81 19051093
80 19051093
79 19051093
78 19051093
77 19051093
76 19051093
75 19051093
74 19051093
73 19051093
72 19051093
71 19051093
70 19051093
69 19051093
68 19051093
67 19051093
66 19051093
65 19051093
64 19051093
63 19051093
62 19051093
61 19051093
60 19051093
59 19051093
58 19051093
57 19051093
56 19051093
55 19051093
54 19051093
53 19051093
52 19051093
51 19051093
50 19051093
49 19051093
48 19051093
84 19320626
83 19320626
82 19320626
81 19320626
80 19320626
79 19320626
78 19320626
77 19320626
76 19320626
75 19320626
74 19320626
73 19320626
72 19320626
71 19320626
70 19320626
69 19320626
68 19320626
67 19320626
66 19320626
65 19320626
64 19320626
63 19320626
62 19320626
61 19320626
60 19320626
59 19320626
58 19320626
57 19320626
56 19320626
55 19320626
54 19320626
53 19320626
52 19320626
51 19320626
50 19320626
49 19320626
48 19320626
47 19320626
46 19320626
45 19320626
45 19330220
44 19330220
43 19330220
42 19330220
41 19330220
40 19330220
39 19330220
38 19330220
37 19330220
36 19330220
35 19330220
34 19330220
33 19330220
32 19330220
31 19330220
30 19330220
29 19330220
28 19330220
27 19330220
82 19747456
81 19747456
80 19747456
79 19747456
78 19747456
77 19747456
76 19747456
75 19747456
74 19747456
73 19747456
72 19747456
71 19747456
70 19747456
69 19747456
68 19747456
67 19747456
66 19747456
65 19747456
64 19747456
63 19747456
62 19747456
61 19747456
60 19747456
59 19747456
58 19747456
57 19747456
56 19747456
55 19747456
54 19747456
53 19747456
52 19747456
51 19747456
50 19747456
49 19747456
48 19747456
47 19747456
107 20240674
106 20240674
105 20240674
104 20240674
103 20240674
102 20240674
101 20240674
100 20240674
99 20240674
98 20240674
97 20240674
96 20240674
95 20240674
94 20240674
93 20240674
92 20240674
91 20240674
90 20240674
89 20240674
88 20240674
87 20240674
86 20240674
85 20240674
84 20240674
83 20240674
82 20240674
81 20240674
80 20240674
79 20240674
78 20240674
77 20240674
76 20240674
75 20240674
74 20240674
73 20240674
72 20240674
71 20240674
70 20240674
69 20240674
68 20240674
67 20240674
66 20240674
65 20240674
64 20240674
63 20240674
62 20240674
61 20240674
60 20240674
59 20240674
58 20240674
57 20240674
114 20696557
113 20696557
112 20696557
111 20696557
110 20696557
109 20696557
108 20696557
107 20696557
106 20696557
105 20696557
104 20696557
103 20696557
102 20696557
101 20696557
100 20696557
99 20696557
98 20696557
97 20696557
96 20696557
95 20696557
94 20696557
93 20696557
92 20696557
91 20696557
90 20696557
89 20696557
88 20696557
87 20696557
86 20696557
85 20696557
84 20696557
83 20696557
82 20696557
81 20696557
80 20696557
79 20696557
78 20696557
77 20696557
76 20696557
75 20696557
74 20696557
73 20696557
72 20696557
71 20696557
70 20696557
69 20696557
68 20696557
67 20696557
66 20696557
65 20696557
64 20696557
63 20696557
62 20696557
111 21005991
110 21005991
109 21005991
108 21005991
107 21005991
106 21005991
105 21005991
104 21005991
103 21005991
102 21005991
101 21005991
100 21005991
99 21005991
98 21005991
97 21005991
96 21005991
95 21005991
94 21005991
93 21005991
92 21005991
91 21005991
90 21005991
89 21005991
88 21005991
87 21005991
86 21005991
85 21005991
84 21005991
83 21005991
82 21005991
81 21005991
80 21005991
79 21005991
78 21005991
77 21005991
76 21005991
75 21005991
74 21005991
73 21005991
72 21005991
71 21005991
70 21005991
69 21005991
68 21005991
67 21005991
66 21005991
65 21005991
64 21005991
63 21005991
62 21005991
61 21005991
60 21005991
59 21005991
98 21244568
97 21244568
96 21244568
95 21244568
94 21244568
93 21244568
92 21244568
91 21244568
90 21244568
89 21244568
88 21244568
87 21244568
86 21244568
85 21244568
84 21244568
83 21244568
82 21244568
81 21244568
80 21244568
79 21244568
78 21244568
77 21244568
76 21244568
75 21244568
74 21244568
73 21244568
72 21244568
71 21244568
70 21244568
69 21244568
68 21244568
67 21244568
66 21244568
65 21244568
64 21244568
63 21244568
62 21244568
61 21244568
60 21244568
59 21244568
58 21244568
57 21244568
56 21244568
55 21244568
54 21244568
53 21244568
52 21244568
51 21244568
50 21244568
49 21244568
48 21244568
47 21244568
46 21244568
45 21244568
44 21244568
43 21244568
42 21244568
41 21244568
40 21244568
39 21244568
38 21244568
37 21244568
36 21244568
35 21244568
34 21244568
33 21244568
32 21244568
31 21244568
30 21244568
29 21244568
71 21505505
70 21505505
69 21505505
68 21505505
67 21505505
66 21505505
65 21505505
64 21505505
63 21505505
62 21505505
61 21505505
60 21505505
59 21505505
58 21505505
57 21505505
56 21505505
55 21505505
54 21505505
53 21505505
52 21505505
51 21505505
50 21505505
49 21505505
48 21505505
47 21505505
46 21505505
45 21505505
44 21505505
43 21505505
42 21505505
41 21505505
40 21505505
39 21505505
38 21505505
37 21505505
36 21505505
35 21505505
34 21505505
33 21505505
32 21505505
31 21505505
30 21505505
29 21505505
28 21505505
27 21505505
26 21505505
25 21505505
24 21505505
23 21505505
22 21505505
21 21505505
20 21505505
19 21505505
52 21739359
51 21739359
50 21739359
49 21739359
48 21739359
47 21739359
46 21739359
45 21739359
44 21739359
43 21739359
42 21739359
41 21739359
40 21739359
39 21739359
38 21739359
37 21739359
36 21739359
35 21739359
34 21739359
33 21739359
32 21739359
31 21739359
30 21739359
29 21739359
28 21739359
46 21850689
45 21850689
44 21850689
43 21850689
42 21850689
41 21850689
40 21850689
39 21850689
38 21850689
37 21850689
36 21850689
35 21850689
34 21850689
33 21850689
32 21850689
31 21850689
30 21850689
29 21850689
28 21850689
27 21850689
26 21850689
25 21850689
24 21850689
40 21975968
39 21975968
38 21975968
37 21975968
36 21975968
35 21975968
34 21975968
33 21975968
32 21975968
31 21975968
30 21975968
29 21975968
28 21975968
27 21975968
26 21975968
25 21975968
24 21975968
23 21975968
22 21975968
55 22255440
54 22255440
53 22255440
52 22255440
51 22255440
50 22255440
49 22255440
48 22255440
47 22255440
46 22255440
45 22255440
44 22255440
43 22255440
42 22255440
41 22255440
40 22255440
39 22255440
38 22255440
37 22255440
36 22255440
35 22255440
34 22255440
33 22255440
32 22255440
31 22255440
54 22436503
53 22436503
52 22436503
51 22436503
50 22436503
49 22436503
48 22436503
47 22436503
46 22436503
45 22436503
44 22436503
43 22436503
42 22436503
41 22436503
40 22436503
39 22436503
38 22436503
37 22436503
36 22436503
35 22436503
34 22436503
33 22436503
32 22436503
31 22436503
30 22436503
29 22436503
28 22436503
27 22436503
26 22436503
25 22436503
24 22436503
23 22436503
22 22436503
21 22436503
20 22436503
19 22436503
18 22436503
17 22436503
46 22618628
45 22618628
44 22618628
43 22618628
42 22618628
41 22618628
40 22618628
39 22618628
38 22618628
37 22618628
36 22618628
35 22618628
34 22618628
33 22618628
32 22618628
31 22618628
30 22618628
29 22618628
28 22618628
27 22618628
26 22618628
25 22618628
24 22618628
101 23206809
100 23206809
99 23206809
98 23206809
97 23206809
96 23206809
95 23206809
94 23206809
93 23206809
92 23206809
91 23206809
90 23206809
89 23206809
88 23206809
87 23206809
86 23206809
85 23206809
84 23206809
83 23206809
82 23206809
81 23206809
80 23206809
79 23206809
78 23206809
77 23206809
76 23206809
75 23206809
74 23206809
73 23206809
72 23206809
71 23206809
70 23206809
69 23206809
68 23206809
67 23206809
66 23206809
65 23206809
64 23206809
63 23206809
62 23206809
61 23206809
60 23206809
59 23206809
58 23206809
57 23206809
56 23206809
69 23274155
68 23274155
67 23274155
66 23274155
65 23274155
64 23274155
63 23274155
62 23274155
61 23274155
60 23274155
59 23274155
58 23274155
57 23274155
56 23274155
55 23274155
54 23274155
53 23274155
52 23274155
51 23274155
50 23274155
49 23274155
48 23274155
47 23274155
46 23274155
45 23274155
44 23274155
43 23274155
42 23274155
41 23274155
40 23274155
39 23274155
38 23274155
74 23528490
73 23528490
72 23528490
71 23528490
70 23528490
69 23528490
68 23528490
67 23528490
66 23528490
65 23528490
64 23528490
63 23528490
62 23528490
61 23528490
60 23528490
59 23528490
58 23528490
57 23528490
56 23528490
55 23528490
54 23528490
53 23528490
52 23528490
51 23528490
50 23528490
49 23528490
48 23528490
47 23528490
46 23528490
45 23528490
44 23528490
43 23528490
42 23528490
41 23528490
40 23528490
116 24151067
115 24151067
114 24151067
113 24151067
112 24151067
111 24151067
110 24151067
109 24151067
108 24151067
107 24151067
106 24151067
105 24151067
104 24151067
103 24151067
102 24151067
101 24151067
100 24151067
99 24151067
98 24151067
97 24151067
96 24151067
95 24151067
94 24151067
93 24151067
92 24151067
91 24151067
90 24151067
89 24151067
88 24151067
87 24151067
86 24151067
85 24151067
84 24151067
83 24151067
82 24151067
81 24151067
80 24151067
79 24151067
78 24151067
77 24151067
76 24151067
75 24151067
74 24151067
73 24151067
72 24151067
71 24151067
70 24151067
69 24151067
68 24151067
67 24151067
66 24151067
65 24151067
64 24151067
63 24151067
62 24151067
61 24151067
60 24151067
59 24151067
58 24151067
57 24151067
56 24151067
55 24151067
54 24151067
53 24151067
52 24151067
51 24151067
50 24151067
49 24151067
48 24151067
47 24151067
46 24151067
45 24151067
44 24151067
43 24151067
42 24151067
41 24151067
40 24151067
39 24151067
38 24151067
37 24151067
36 24151067
35 24151067
34 24151067
33 24151067
89 24554726
88 24554726
87 24554726
86 24554726
85 24554726
84 24554726
83 24554726
82 24554726
81 24554726
80 24554726
79 24554726
78 24554726
77 24554726
76 24554726
75 24554726
74 24554726
73 24554726
72 24554726
71 24554726
70 24554726
69 24554726
68 24554726
67 24554726
66 24554726
65 24554726
64 24554726
63 24554726
62 24554726
61 24554726
60 24554726
59 24554726
58 24554726
57 24554726
56 24554726
55 24554726
54 24554726
53 24554726
52 24554726
51 24554726
50 24554726
49 24554726
48 24554726
47 24554726
46 24554726
45 24554726
44 24554726
43 24554726
42 24554726
41 24554726
40 24554726
39 24554726
38 24554726
37 24554726
36 24554726
35 24554726
34 24554726
33 24554726
32 24554726
31 24554726
30 24554726
29 24554726
28 24554726
27 24554726
26 24554726
64 24787730
63 24787730
62 24787730
61 24787730
60 24787730
59 24787730
58 24787730
57 24787730
56 24787730
55 24787730
54 24787730
53 24787730
52 24787730
51 24787730
50 24787730
49 24787730
48 24787730
47 24787730
46 24787730
45 24787730
44 24787730
43 24787730
42 24787730
41 24787730
40 24787730
39 24787730
38 24787730
37 24787730
36 24787730
85 25228718
84 25228718
83 25228718
82 25228718
81 25228718
80 25228718
79 25228718
78 25228718
77 25228718
76 25228718
75 25228718
74 25228718
73 25228718
72 25228718
71 25228718
70 25228718
69 25228718
68 25228718
67 25228718
66 25228718
65 25228718
64 25228718
63 25228718
62 25228718
61 25228718
60 25228718
59 25228718
58 25228718
57 25228718
56 25228718
55 25228718
54 25228718
53 25228718
52 25228718
51 25228718
50 25228718
49 25228718
90 25558609
89 25558609
88 25558609
87 25558609
86 25558609
85 25558609
84 25558609
83 25558609
82 25558609
81 25558609
80 25558609
79 25558609
78 25558609
77 25558609
76 25558609
75 25558609
74 25558609
73 25558609
72 25558609
71 25558609
70 25558609
69 25558609
68 25558609
67 25558609
66 25558609
65 25558609
64 25558609
63 25558609
62 25558609
61 25558609
60 25558609
59 25558609
58 25558609
57 25558609
56 25558609
55 25558609
54 25558609
53 25558609
52 25558609
51 25558609
50 25558609
49 25558609
48 25558609
103 25964420
102 25964420
101 25964420
100 25964420
99 25964420
98 25964420
97 25964420
96 25964420
95 25964420
94 25964420
93 25964420
92 25964420
91 25964420
90 25964420
89 25964420
88 25964420
87 25964420
86 25964420
85 25964420
84 25964420
83 25964420
82 25964420
81 25964420
80 25964420
79 25964420
78 25964420
77 25964420
76 25964420
75 25964420
74 25964420
73 25964420
72 25964420
71 25964420
70 25964420
69 25964420
68 25964420
67 25964420
66 25964420
65 25964420
64 25964420
63 25964420
62 25964420
61 25964420
60 25964420
59 25964420
58 25964420
57 25964420
56 25964420
55 25964420
54 25964420
53 25964420
52 25964420
51 25964420
50 25964420
49 25964420
48 25964420
47 25964420
46 25964420
45 25964420
44 25964420
43 25964420
42 25964420
41 25964420
40 25964420
39 25964420
38 25964420
37 25964420
36 25964420
35 25964420
34 25964420
33 25964420
32 25964420
31 25964420
77 26285961
76 26285961
75 26285961
74 26285961
73 26285961
72 26285961
71 26285961
70 26285961
69 26285961
68 26285961
67 26285961
66 26285961
65 26285961
64 26285961
63 26285961
62 26285961
61 26285961
60 26285961
59 26285961
58 26285961
57 26285961
56 26285961
55 26285961
54 26285961
53 26285961
52 26285961
51 26285961
50 26285961
49 26285961
48 26285961
47 26285961
46 26285961
45 26285961
44 26285961
43 26285961
42 26285961
41 26285961
40 26285961
39 26285961
38 26285961
37 26285961
36 26285961
35 26285961
34 26285961
33 26285961
32 26285961
31 26285961
30 26285961
29 26285961
28 26285961
27 26285961
26 26285961
25 26285961
24 26285961
23 26285961
22 26285961
21 26285961
53 26471148
52 26471148
51 26471148
50 26471148
49 26471148
48 26471148
47 26471148
46 26471148
45 26471148
44 26471148
43 26471148
42 26471148
41 26471148
40 26471148
39 26471148
38 26471148
37 26471148
36 26471148
35 26471148
34 26471148
33 26471148
32 26471148
31 26471148
30 26471148
53 26660504
52 26660504
51 26660504
50 26660504
49 26660504
48 26660504
47 26660504
46 26660504
45 26660504
44 26660504
43 26660504
42 26660504
41 26660504
40 26660504
39 26660504
38 26660504
37 26660504
36 26660504
35 26660504
34 26660504
33 26660504
32 26660504
31 26660504
30 26660504
29 26660504
77 27078336
76 27078336
75 27078336
74 27078336
73 27078336
72 27078336
71 27078336
70 27078336
69 27078336
68 27078336
67 27078336
66 27078336
65 27078336
64 27078336
63 27078336
62 27078336
61 27078336
60 27078336
59 27078336
58 27078336
57 27078336
56 27078336
55 27078336
54 27078336
53 27078336
52 27078336
51 27078336
50 27078336
49 27078336
48 27078336
47 27078336
46 27078336
45 27078336
44 27078336
43 27078336
42 27078336
41 27078336
40 27078336
39 27078336
38 27078336
37 27078336
36 27078336
35 27078336
34 27078336
33 27078336
32 27078336
31 27078336
30 27078336
29 27078336
28 27078336
27 27078336
26 27078336
25 27078336
24 27078336
23 27078336
22 27078336
21 27078336
63 27336595
62 27336595
61 27336595
60 27336595
59 27336595
58 27336595
57 27336595
56 27336595
55 27336595
54 27336595
53 27336595
52 27336595
51 27336595
50 27336595
49 27336595
48 27336595
47 27336595
46 27336595
45 27336595
44 27336595
43 27336595
42 27336595
41 27336595
40 27336595
39 27336595
38 27336595
37 27336595
36 27336595
35 27336595
66 27616010
65 27616010
64 27616010
63 27616010
62 27616010
61 27616010
60 27616010
59 27616010
58 27616010
57 27616010
56 27616010
55 27616010
54 27616010
53 27616010
52 27616010
51 27616010
50 27616010
49 27616010
48 27616010
47 27616010
46 27616010
45 27616010
44 27616010
43 27616010
42 27616010
41 27616010
40 27616010
39 27616010
38 27616010
37 27616010
36 27616010
35 27616010
34 27616010
33 27616010
32 27616010
31 27616010
30 27616010
29 27616010
28 27616010
27 27616010
26 27616010
25 27616010
24 27616010
23 27616010
22 27616010
21 27616010
20 27616010
19 27616010
18 27616010
17 27616010
49 27783919
48 27783919
47 27783919
46 27783919
45 27783919
44 27783919
43 27783919
42 27783919
41 27783919
40 27783919
39 27783919
38 27783919
37 27783919
36 27783919
35 27783919
34 27783919
33 27783919
32 27783919
31 27783919
30 27783919
29 27783919
28 27783919
27 27783919
98 28461747
97 28461747
96 28461747
95 28461747
94 28461747
93 28461747
92 28461747
91 28461747
90 28461747
89 28461747
88 28461747
87 28461747
86 28461747
85 28461747
84 28461747
83 28461747
82 28461747
81 28461747
80 28461747
79 28461747
78 28461747
77 28461747
76 28461747
75 28461747
74 28461747
73 28461747
72 28461747
71 28461747
70 28461747
69 28461747
68 28461747
67 28461747
66 28461747
65 28461747
64 28461747
63 28461747
62 28461747
61 28461747
60 28461747
59 28461747
58 28461747
57 28461747
56 28461747
69 28555415
68 28555415
67 28555415
66 28555415
65 28555415
64 28555415
63 28555415
62 28555415
61 28555415
60 28555415
59 28555415
58 28555415
57 28555415
56 28555415
55 28555415
54 28555415
53 28555415
52 28555415
51 28555415
50 28555415
49 28555415
48 28555415
47 28555415
46 28555415
45 28555415
44 28555415
43 28555415
42 28555415
41 28555415
40 28555415
39 28555415
38 28555415
37 28555415
69 28797741
68 28797741
67 28797741
66 28797741
65 28797741
64 28797741
63 28797741
62 28797741
61 28797741
60 28797741
59 28797741
58 28797741
57 28797741
56 28797741
55 28797741
54 28797741
53 28797741
52 28797741
51 28797741
50 28797741
49 28797741
48 28797741
47 28797741
46 28797741
45 28797741
44 28797741
43 28797741
42 28797741
41 28797741
40 28797741
39 28797741
38 28797741
37 28797741
36 28797741
35 28797741
34 28797741
33 28797741
32 28797741
31 28797741
30 28797741
29 28797741
28 28797741
27 28797741
26 28797741
25 28797741
24 28797741
23 28797741
22 28797741
21 28797741
38 28896520
37 28896520
36 28896520
35 28896520
34 28896520
33 28896520
32 28896520
31 28896520
30 28896520
29 28896520
28 28896520
27 28896520
26 28896520
25 28896520
24 28896520
23 28896520
22 28896520
58 29149040
57 29149040
56 29149040
55 29149040
54 29149040
53 29149040
52 29149040
51 29149040
50 29149040
49 29149040
48 29149040
47 29149040
46 29149040
45 29149040
44 29149040
43 29149040
42 29149040
41 29149040
40 29149040
39 29149040
38 29149040
37 29149040
36 29149040
35 29149040
34 29149040
33 29149040
32 29149040
31 29149040
30 29149040
62 29398608
61 29398608
60 29398608
59 29398608
58 29398608
57 29398608
56 29398608
55 29398608
54 29398608
53 29398608
52 29398608
51 29398608
50 29398608
49 29398608
48 29398608
47 29398608
46 29398608
45 29398608
44 29398608
43 29398608
42 29398608
41 29398608
40 29398608
39 29398608
38 29398608
37 29398608
36 29398608
35 29398608
34 29398608
33 29398608
32 29398608
31 29398608
30 29398608
29 29398608
28 29398608
27 29398608
26 29398608
25 29398608
24 29398608
23 29398608
22 29398608
21 29398608
20 29398608
19 29398608
18 29398608
46 29596225
45 29596225
44 29596225
43 29596225
42 29596225
41 29596225
40 29596225
39 29596225
38 29596225
37 29596225
36 29596225
35 29596225
34 29596225
33 29596225
32 29596225
31 29596225
30 29596225
29 29596225
28 29596225
27 29596225
26 29596225
25 29596225
24 29596225
23 29596225
22 29596225
21 29596225
20 29596225
19 29596225
18 29596225
17 29596225
16 29596225
15 29596225
50 29878858
49 29878858
48 29878858
47 29878858
46 29878858
45 29878858
44 29878858
43 29878858
42 29878858
41 29878858
40 29878858
39 29878858
38 29878858
37 29878858
36 29878858
35 29878858
34 29878858
33 29878858
32 29878858
31 29878858
30 29878858
29 29878858
28 29878858
27 29878858
31 29899641
30 29899641
29 29899641
28 29899641
27 29899641
26 29899641
25 29899641
24 29899641
23 29899641
22 29899641
21 29899641
20 29899641
19 29899641
18 29899641
17 29899641
16 29899641
60 30271704
59 30271704
58 30271704
57 30271704
56 30271704
55 30271704
54 30271704
53 30271704
52 30271704
51 30271704
50 30271704
49 30271704
48 30271704
47 30271704
46 30271704
45 30271704
44 30271704
43 30271704
42 30271704
41 30271704
40 30271704
39 30271704
38 30271704
37 30271704
36 30271704
35 30271704
34 30271704
33 30271704
77 30643765
76 30643765
75 30643765
74 30643765
73 30643765
72 30643765
71 30643765
70 30643765
69 30643765
68 30643765
67 30643765
66 30643765
65 30643765
64 30643765
63 30643765
62 30643765
61 30643765
60 30643765
59 30643765
58 30643765
57 30643765
56 30643765
55 30643765
54 30643765
53 30643765
52 30643765
51 30643765
50 30643765
49 30643765
48 30643765
47 30643765
46 30643765
45 30643765
44 30643765
52 30687150
51 30687150
50 30687150
49 30687150
48 30687150
47 30687150
46 30687150
45 30687150
44 30687150
43 30687150
42 30687150
41 30687150
40 30687150
39 30687150
38 30687150
37 30687150
36 30687150
35 30687150
34 30687150
33 30687150
32 30687150
31 30687150
30 30687150
29 30687150
28 30687150
27 30687150
31 30720123
30 30720123
29 30720123
28 30720123
27 30720123
26 30720123
25 30720123
24 30720123
23 30720123
22 30720123
21 30720123
20 30720123
19 30720123
18 30720123
31 30790333
30 30790333
29 30790333
28 30790333
27 30790333
26 30790333
25 30790333
24 30790333
23 30790333
22 30790333
21 30790333
20 30790333
19 30790333
18 30790333
17 30790333
16 30790333
15 30790333
14 30790333
13 30790333
12 30790333
11 30790333
10 30790333
9 30790333
8 30790333
24 30875227
23 30875227
22 30875227
21 30875227
20 30875227
19 30875227
18 30875227
17 30875227
16 30875227
15 30875227
14 30875227
13 30875227
12 30875227
11 30875227
10 30875227
9 30875227
8 30875227
7 30875227
71 31394138
70 31394138
69 31394138
68 31394138
67 31394138
66 31394138
65 31394138
64 31394138
63 31394138
62 31394138
61 31394138
60 31394138
59 31394138
58 31394138
57 31394138
56 31394138
55 31394138
54 31394138
53 31394138
52 31394138
51 31394138
50 31394138
49 31394138
48 31394138
47 31394138
46 31394138
45 31394138
44 31394138
43 31394138
42 31394138
41 31394138
40 31394138
39 31394138
38 31394138
122 32089251
121 32089251
120 32089251
119 32089251
118 32089251
117 32089251
116 32089251
115 32089251
114 32089251
113 32089251
112 32089251
111 32089251
110 32089251
109 32089251
108 32089251
107 32089251
106 32089251
105 32089251
104 32089251
103 32089251
102 32089251
101 32089251
100 32089251
99 32089251
98 32089251
97 32089251
96 32089251
95 32089251
94 32089251
93 32089251
92 32089251
91 32089251
90 32089251
89 32089251
88 32089251
87 32089251
86 32089251
85 32089251
84 32089251
83 32089251
82 32089251
81 32089251
80 32089251
79 32089251
78 32089251
77 32089251
76 32089251
75 32089251
74 32089251
73 32089251
72 32089251
71 32089251
70 32089251
69 32089251
68 32089251
67 32089251
66 32089251
65 32089251
64 32089251
63 32089251
62 32089251
61 32089251
60 32089251
59 32089251
58 32089251
57 32089251
56 32089251
55 32089251
54 32089251
53 32089251
52 32089251
51 32089251
50 32089251
49 32089251
48 32089251
47 32089251
46 32089251
45 32089251
44 32089251
43 32089251
42 32089251
41 32089251
40 32089251
39 32089251
38 32089251
37 32089251
36 32089251
45 32136982
44 32136982
43 32136982
42 32136982
41 32136982
40 32136982
39 32136982
38 32136982
37 32136982
36 32136982
35 32136982
34 32136982
33 32136982
32 32136982
31 32136982
30 32136982
29 32136982
28 32136982
27 32136982
26 32136982
25 32136982
24 32136982
23 32136982
22 32136982
21 32136982
20 32136982
19 32136982
18 32136982
17 32136982
16 32136982
15 32136982
14 32136982
13 32136982
79 32607552
78 32607552
77 32607552
76 32607552
75 32607552
74 32607552
73 32607552
72 32607552
71 32607552
70 32607552
69 32607552
68 32607552
67 32607552
66 32607552
65 32607552
64 32607552
63 32607552
62 32607552
61 32607552
60 32607552
59 32607552
58 32607552
57 32607552
56 32607552
55 32607552
54 32607552
53 32607552
52 32607552
51 32607552
50 32607552
49 32607552
48 32607552
47 32607552
46 32607552
45 32607552
44 32607552
52 32652154
51 32652154
50 32652154
49 32652154
48 32652154
47 32652154
46 32652154
45 32652154
44 32652154
43 32652154
42 32652154
41 32652154
40 32652154
39 32652154
38 32652154
37 32652154
36 32652154
35 32652154
34 32652154
33 32652154
32 32652154
31 32652154
30 32652154
55 32815098
54 32815098
53 32815098
52 32815098
51 32815098
50 32815098
49 32815098
48 32815098
47 32815098
46 32815098
45 32815098
44 32815098
43 32815098
42 32815098
41 32815098
40 32815098
39 32815098
38 32815098
37 32815098
36 32815098
35 32815098
34 32815098
33 32815098
32 32815098
31 32815098
30 32815098
107 33458254
106 33458254
105 33458254
104 33458254
103 33458254
102 33458254
101 33458254
100 33458254
99 33458254
98 33458254
97 33458254
96 33458254
95 33458254
94 33458254
93 33458254
92 33458254
91 33458254
90 33458254
89 33458254
88 33458254
87 33458254
86 33458254
85 33458254
84 33458254
83 33458254
82 33458254
81 33458254
80 33458254
79 33458254
78 33458254
77 33458254
76 33458254
75 33458254
74 33458254
73 33458254
72 33458254
71 33458254
70 33458254
69 33458254
68 33458254
67 33458254
66 33458254
65 33458254
64 33458254
63 33458254
62 33458254
61 33458254
60 33458254
59 33458254
60 33473117
59 33473117
58 33473117
57 33473117
56 33473117
55 33473117
54 33473117
53 33473117
52 33473117
51 33473117
50 33473117
49 33473117
48 33473117
47 33473117
46 33473117
45 33473117
44 33473117
43 33473117
42 33473117
41 33473117
40 33473117
39 33473117
38 33473117
37 33473117
36 33473117
35 33473117
34 33473117
38 33502236
37 33502236
36 33502236
35 33502236
34 33502236
33 33502236
32 33502236
31 33502236
30 33502236
29 33502236
28 33502236
27 33502236
26 33502236
25 33502236
24 33502236
23 33502236
22 33502236
21 33502236
20 33502236
19 33502236
18 33502236
17 33502236
16 33502236
15 33502236
14 33502236
13 33502236
12 33502236
11 33502236
19 33566220
18 33566220
17 33566220
16 33566220
15 33566220
14 33566220
13 33566220
12 33566220
11 33566220
10 33566220
57 33841460
56 33841460
55 33841460
54 33841460
53 33841460
52 33841460
51 33841460
50 33841460
49 33841460
48 33841460
47 33841460
46 33841460
45 33841460
44 33841460
43 33841460
42 33841460
41 33841460
40 33841460
39 33841460
38 33841460
37 33841460
36 33841460
35 33841460
34 33841460
33 33841460
32 33841460
31 33841460
46 33934237
45 33934237
44 33934237
43 33934237
42 33934237
41 33934237
40 33934237
39 33934237
38 33934237
37 33934237
36 33934237
35 33934237
34 33934237
33 33934237
32 33934237
31 33934237
30 33934237
29 33934237
28 33934237
27 33934237
26 33934237
25 33934237
43 34101905
42 34101905
41 34101905
40 34101905
39 34101905
38 34101905
37 34101905
36 34101905
35 34101905
34 34101905
33 34101905
32 34101905
31 34101905
30 34101905
29 34101905
28 34101905
27 34101905
26 34101905
25 34101905
24 34101905
23 34101905
60 34429061
59 34429061
58 34429061
57 34429061
56 34429061
55 34429061
54 34429061
53 34429061
52 34429061
51 34429061
50 34429061
49 34429061
48 34429061
47 34429061
46 34429061
45 34429061
44 34429061
43 34429061
42 34429061
41 34429061
40 34429061
39 34429061
38 34429061
37 34429061
36 34429061
35 34429061
34 34429061
70 34732444
69 34732444
68 34732444
67 34732444
66 34732444
65 34732444
64 34732444
63 34732444
62 34732444
61 34732444
60 34732444
59 34732444
58 34732444
57 34732444
56 34732444
55 34732444
54 34732444
53 34732444
52 34732444
51 34732444
50 34732444
49 34732444
48 34732444
47 34732444
46 34732444
45 34732444
44 34732444
43 34732444
42 34732444
41 34732444
40 34732444
39 34732444
38 34732444
44 34774462
43 34774462
42 34774462
41 34774462
40 34774462
39 34774462
38 34774462
37 34774462
36 34774462
35 34774462
34 34774462
33 34774462
32 34774462
31 34774462
30 34774462
29 34774462
28 34774462
27 34774462
26 34774462
25 34774462
24 34774462
23 34774462
22 34774462
21 34774462
20 34774462
19 34774462
18 34774462
17 34774462
16 34774462
15 34774462
14 34774462
13 34774462
53 35067955
52 35067955
51 35067955
50 35067955
49 35067955
48 35067955
47 35067955
46 35067955
45 35067955
44 35067955
43 35067955
42 35067955
41 35067955
40 35067955
39 35067955
38 35067955
37 35067955
36 35067955
35 35067955
34 35067955
33 35067955
32 35067955
31 35067955
30 35067955
49 35198866
48 35198866
47 35198866
46 35198866
45 35198866
44 35198866
43 35198866
42 35198866
41 35198866
40 35198866
39 35198866
38 35198866
37 35198866
36 35198866
35 35198866
34 35198866
33 35198866
32 35198866
31 35198866
30 35198866
29 35198866
28 35198866
27 35198866
26 35198866
25 35198866
24 35198866
23 35198866
22 35198866
21 35198866
20 35198866
19 35198866
18 35198866
17 35198866
16 35198866
15 35198866
14 35198866
24 35266462
23 35266462
22 35266462
21 35266462
20 35266462
19 35266462
18 35266462
17 35266462
16 35266462
15 35266462
14 35266462
20 35307604
19 35307604
18 35307604
17 35307604
16 35307604
15 35307604
14 35307604
13 35307604
12 35307604
11 35307604
43 35575079
42 35575079
41 35575079
40 35575079
39 35575079
38 35575079
37 35575079
36 35575079
35 35575079
34 35575079
33 35575079
32 35575079
31 35575079
30 35575079
29 35575079
28 35575079
27 35575079
26 35575079
25 35575079
24 35575079
24 35585123
23 35585123
22 35585123
21 35585123
20 35585123
19 35585123
18 35585123
17 35585123
16 35585123
15 35585123
14 35585123
49 35863133
48 35863133
47 35863133
46 35863133
45 35863133
44 35863133
43 35863133
42 35863133
41 35863133
40 35863133
39 35863133
38 35863133
37 35863133
36 35863133
35 35863133
34 35863133
33 35863133
32 35863133
31 35863133
30 35863133
29 35863133
28 35863133
27 35863133
26 35863133
25 35863133
24 35863133
23 35863133
22 35863133
21 35863133
20 35863133
19 35863133
18 35863133
17 35863133
16 35863133
15 35863133
24 35919926
23 35919926
22 35919926
21 35919926
20 35919926
19 35919926
18 35919926
17 35919926
16 35919926
15 35919926
14 35919926
13 35919926
12 35919926
11 35919926
10 35919926
9 35919926
8 35919926
41 36213347
40 36213347
39 36213347
38 36213347
37 36213347
36 36213347
35 36213347
34 36213347
33 36213347
32 36213347
31 36213347
30 36213347
29 36213347
28 36213347
27 36213347
26 36213347
25 36213347
24 36213347
23 36213347
22 36213347
21 36213347
20 36213347
19 36213347
18 36213347
17 36213347
16 36213347
15 36213347
14 36213347
13 36213347
12 36213347
11 36213347
37 36390472
36 36390472
35 36390472
34 36390472
33 36390472
32 36390472
31 36390472
30 36390472
29 36390472
28 36390472
27 36390472
26 36390472
25 36390472
24 36390472
23 36390472
22 36390472
21 36390472
58 36759559
57 36759559
56 36759559
55 36759559
54 36759559
53 36759559
52 36759559
51 36759559
50 36759559
49 36759559
48 36759559
47 36759559
46 36759559
45 36759559
44 36759559
43 36759559
42 36759559
41 36759559
40 36759559
39 36759559
38 36759559
37 36759559
36 36759559
35 36759559
34 36759559
33 36759559
32 36759559
31 36759559
30 36759559
29 36759559
28 36759559
27 36759559
26 36759559
25 36759559
24 36759559
23 36759559
22 36759559
21 36759559
20 36759559
19 36759559
18 36759559
17 36759559
27 36810481
26 36810481
25 36810481
24 36810481
23 36810481
22 36810481
21 36810481
20 36810481
19 36810481
18 36810481
17 36810481
16 36810481
15 36810481
14 36810481
13 36810481
12 36810481
11 36810481
10 36810481
9 36810481
8 36810481
11 36835829
10 36835829
9 36835829
8 36835829
7 36835829
6 36835829
20 36933610
19 36933610
18 36933610
17 36933610
16 36933610
15 36933610
14 36933610
13 36933610
12 36933610
11 36933610
22 37007693
21 37007693
20 37007693
19 37007693
18 37007693
17 37007693
16 37007693
15 37007693
14 37007693
13 37007693
12 37007693
27 37144015
26 37144015
25 37144015
24 37144015
23 37144015
22 37144015
21 37144015
20 37144015
19 37144015
18 37144015
17 37144015
27 37196490
26 37196490
25 37196490
24 37196490
23 37196490
22 37196490
21 37196490
20 37196490
19 37196490
18 37196490
17 37196490
16 37196490
15 37196490
37 37410984
36 37410984
35 37410984
34 37410984
33 37410984
32 37410984
31 37410984
30 37410984
29 37410984
28 37410984
27 37410984
26 37410984
25 37410984
24 37410984
23 37410984
22 37410984
21 37410984
20 37410984
19 37410984
18 37410984
17 37410984
16 37410984
15 37410984
14 37410984
13 37410984
12 37410984
11 37410984
21 37458583
20 37458583
19 37458583
18 37458583
17 37458583
16 37458583
15 37458583
14 37458583
13 37458583
12 37458583
11 37458583
10 37458583
9 37458583
8 37458583
7 37458583
6 37458583
26 37628896
25 37628896
24 37628896
23 37628896
22 37628896
21 37628896
20 37628896
19 37628896
18 37628896
17 37628896
16 37628896
15 37628896
14 37628896
13 37628896
12 37628896
11 37628896
10 37628896
9 37628896
8 37628896
7 37628896
31 37794599
30 37794599
29 37794599
28 37794599
27 37794599
26 37794599
25 37794599
24 37794599
23 37794599
22 37794599
21 37794599
20 37794599
19 37794599
18 37794599
17 37794599
16 37794599
15 37794599
14 37794599
13 37794599
12 37794599
11 37794599
10 37794599
9 37795784
8 37795784
7 37795784
6 37795784
5 37795784
4 37795784
3 37795784
23 37929960
22 37929960
21 37929960
20 37929960
19 37929960
18 37929960
17 37929960
16 37929960
15 37929960
14 37929960
13 37929960
26 38054007
25 38054007
24 38054007
23 38054007
22 38054007
21 38054007
20 38054007
19 38054007
18 38054007
17 38054007
16 38054007
15 38054007
14 38054007
13 38054007
12 38054007
11 38054007
10 38054007
9 38054007
27 38205045
26 38205045
25 38205045
24 38205045
23 38205045
22 38205045
21 38205045
20 38205045
19 38205045
18 38205045
17 38205045
16 38205045
15 38205045
14 38205045
13 38205045
12 38205045
11 38205045
10 38205045
9 38205045
8 38205045
8 38212594
7 38212594
6 38212594
5 38212594
10 38241225
9 38241225
8 38241225
7 38241225
6 38241225
10 38269645
9 38269645
8 38269645
7 38269645
6 38269645
37 38532748
36 38532748
35 38532748
34 38532748
33 38532748
32 38532748
31 38532748
30 38532748
29 38532748
28 38532748
27 38532748
26 38532748
25 38532748
24 38532748
23 38532748
22 38532748
21 38532748
20 38532748
19 38532748
35 38668301
34 38668301
33 38668301
32 38668301
31 38668301
30 38668301
29 38668301
28 38668301
27 38668301
26 38668301
25 38668301
24 38668301
23 38668301
22 38668301
21 38668301
20 38668301
19 38668301
20 38680792
19 38680792
18 38680792
17 38680792
16 38680792
15 38680792
14 38680792
13 38680792
12 38680792
11 38680792
15 38696320
14 38696320
13 38696320
12 38696320
11 38696320
10 38696320
9 38696320
8 38696320
7 38696320
6 38696320
5 38696320
19 38807550
18 38807550
17 38807550
16 38807550
15 38807550
14 38807550
13 38807550
12 38807550
11 38807550
10 38807550
9 38807550
8 38807550
7 38807550
6 38807550
6 38809664
5 38809664
4 38809664
3 38809664
16 38918154
15 38918154
14 38918154
13 38918154
12 38918154
11 38918154
10 38918154
9 38918154
8 38918154
13 38951461
12 38951461
11 38951461
10 38951461
9 38951461
8 38951461
7 38951461
38 39261653
37 39261653
36 39261653
35 39261653
34 39261653
33 39261653
32 39261653
31 39261653
30 39261653
29 39261653
28 39261653
27 39261653
26 39261653
25 39261653
24 39261653
23 39261653
22 39261653
36 39355381
35 39355381
34 39355381
33 39355381
32 39355381
31 39355381
30 39355381
29 39355381
28 39355381
27 39355381
26 39355381
25 39355381
24 39355381
23 39355381
22 39355381
21 39355381
20 39355381
19 39355381
31 39482015
30 39482015
29 39482015
28 39482015
27 39482015
26 39482015
25 39482015
24 39482015
23 39482015
22 39482015
21 39482015
20 39482015
29 39543667
28 39543667
27 39543667
26 39543667
25 39543667
24 39543667
23 39543667
22 39543667
21 39543667
20 39543667
19 39543667
18 39543667
17 39543667
16 39543667
15 39543667
36 39728400
35 39728400
34 39728400
33 39728400
32 39728400
31 39728400
30 39728400
29 39728400
28 39728400
27 39728400
26 39728400
25 39728400
24 39728400
23 39728400
22 39728400
21 39728400
20 39728400
19 39728400
46 39957710
45 39957710
44 39957710
43 39957710
42 39957710
41 39957710
40 39957710
39 39957710
38 39957710
37 39957710
36 39957710
35 39957710
34 39957710
33 39957710
32 39957710
31 39957710
30 39957710
29 39957710
28 39957710
27 39957710
26 39957710
25 39957710
24 39957710
23 39957710
22 39957710
21 39957710
20 39957710
19 39957710
18 39957710
17 39957710
16 39957710
15 39957710
16 39962859
15 39962859
14 39962859
13 39962859
12 39962859
11 39962859
10 39962859
9 39962859
8 39962859
7 39962859
6 39962859
5 39962859
4 39962859
4 39966004
3 39966004
2 39966004
27 40098426
26 40098426
25 40098426
24 40098426
23 40098426
22 40098426
21 40098426
20 40098426
19 40098426
18 40098426
17 40098426
16 40098426
15 40098426
14 40098426
13 40098426
12 40098426
11 40098426
10 40098426
9 40098426
21 40168658
20 40168658
19 40168658
18 40168658
17 40168658
16 40168658
15 40168658
14 40168658
13 40168658
12 40168658
11 40168658
10 40168658
9 40168658
8 40168658
7 40168658
6 40168658
5 40168658
6 40182086
5 40182086
4 40182086
5 40190943
4 40190943
3 40190943
2 40190943
11 40260226
10 40260226
9 40260226
8 40260226
7 40260226
6 40260226
5 40260226
50 40689622
49 40689622
48 40689622
47 40689622
46 40689622
45 40689622
44 40689622
43 40689622
42 40689622
41 40689622
40 40689622
39 40689622
38 40689622
37 40689622
36 40689622
35 40689622
34 40689622
33 40689622
32 40689622
31 40689622
30 40689622
29 40689622
28 40689622
27 40689622
26 40689622
25 40689622
24 40689622
23 40689622
22 40689622
21 40689622
20 40689622
19 40689622
18 40689622
17 40689622
18 40707733
17 40707733
16 40707733
15 40707733
14 40707733
13 40707733
12 40707733
11 40707733
10 40707733
9 40707733
8 40707733
7 40707733
6 40707733
5 40707733
9 40729719
8 40729719
7 40729719
6 40729719
29 40924898
28 40924898
27 40924898
26 40924898
25 40924898
24 40924898
23 40924898
22 40924898
21 40924898
20 40924898
19 40924898
18 40924898
17 40924898
16 40924898
15 40924898
14 40924898
13 40924898
12 40924898
11 40924898
10 40924898
9 40924898
9 40934057
8 40934057
7 40934057
6 40934057
18 40987551
17 40987551
16 40987551
15 40987551
14 40987551
13 40987551
12 40987551
11 40987551
16 41029505
15 41029505
14 41029505
13 41029505
12 41029505
11 41029505
10 41029505
9 41029505
17 41075858
16 41075858
15 41075858
14 41075858
13 41075858
12 41075858
11 41075858
10 41075858
9 41075858
8 41075858
7 41075858
6 41075858
5 41075858
47 41470301
46 41470301
45 41470301
44 41470301
43 41470301
42 41470301
41 41470301
40 41470301
39 41470301
38 41470301
37 41470301
36 41470301
35 41470301
34 41470301
33 41470301
32 41470301
31 41470301
30 41470301
29 41470301
28 41470301
27 41470301
26 41470301
25 41470301
40 41553059
39 41553059
38 41553059
37 41553059
36 41553059
35 41553059
34 41553059
33 41553059
32 41553059
31 41553059
30 41553059
29 41553059
28 41553059
27 41553059
26 41553059
25 41553059
24 41553059
23 41556120
22 41556120
21 41556120
20 41556120
19 41556120
18 41556120
17 41556120
16 41556120
15 41556120
14 41556120
13 41556120
12 41556120
11 41556120
10 41556120
9 41556120
8 41556120
7 41556120
6 41556120
21 41667262
20 41667262
19 41667262
18 41667262
17 41667262
16 41667262
15 41667262
14 41667262
13 41667262
12 41667262
11 41667262
28 41791462
27 41791462
26 41791462
25 41791462
24 41791462
23 41791462
22 41791462
21 41791462
20 41791462
19 41791462
18 41791462
17 41791462
16 41791462
15 41791462
14 41791462
13 41791462
12 41791462
11 41791462
10 41791462
9 41791462
8 41791462
19 41868373
18 41868373
17 41868373
16 41868373
15 41868373
14 41868373
13 41868373
12 41868373
11 41868373
10 41868373
19 41945466
18 41945466
17 41945466
16 41945466
15 41945466
14 41945466
13 41945466
12 41945466
11 41945466
10 41945466
23 42070267
22 42070267
21 42070267
20 42070267
19 42070267
18 42070267
17 42070267
16 42070267
15 42070267
14 42070267
13 42070267
12 42070267
11 42070267
10 42070267
9 42070267
8 42070267
7 42070267
22 42202126
21 42202126
20 42202126
19 42202126
18 42202126
17 42202126
16 42202126
15 42202126
14 42202126
13 42202126
12 42202126
11 42202126
10 42202126
9 42202126
8 42202126
7 42202126
6 42202126
36 42431294
35 42431294
34 42431294
33 42431294
32 42431294
31 42431294
30 42431294
29 42431294
28 42431294
27 42431294
26 42431294
25 42431294
24 42431294
23 42431294
22 42431294
21 42431294
38 42545694
37 42545694
36 42545694
35 42545694
34 42545694
33 42545694
32 42545694
31 42545694
30 42545694
29 42545694
28 42545694
27 42545694
26 42545694
25 42545694
24 42545694
23 42545694
22 42545694
21 42545694
20 42545694
19 42545694
25 42580189
24 42580189
23 42580189
22 42580189
21 42580189
20 42580189
19 42580189
18 42580189
17 42580189
16 42580189
15 42580189
14 42580189
33 42748056
32 42748056
31 42748056
30 42748056
29 42748056
28 42748056
27 42748056
26 42748056
25 42748056
24 42748056
23 42748056
22 42748056
21 42748056
20 42748056
19 42748056
18 42748056
17 42748056
16 42748056
15 42748056
14 42748056
13 42748056
12 42748056
11 42748056
10 42748056
9 42748056
45 43030693
44 43030693
43 43030693
42 43030693
41 43030693
40 43030693
39 43030693
38 43030693
37 43030693
36 43030693
35 43030693
34 43030693
33 43030693
32 43030693
31 43030693
30 43030693
29 43030693
28 43030693
27 43030693
26 43030693
25 43030693
24 43030693
56 43300247
55 43300247
54 43300247
53 43300247
52 43300247
51 43300247
50 43300247
49 43300247
48 43300247
47 43300247
46 43300247
45 43300247
44 43300247
43 43300247
42 43300247
41 43300247
40 43300247
39 43300247
38 43300247
37 43300247
36 43300247
35 43300247
34 43300247
33 43300247
32 43300247
31 43300247
30 43300247
29 43300247
28 43300247
27 43300247
26 43300247
25 43300247
24 43300247
23 43300247
22 43300247
21 43300247
20 43300247
19 43300247
18 43300247
17 43300247
47 43545202
46 43545202
45 43545202
44 43545202
43 43545202
42 43545202
41 43545202
40 43545202
39 43545202
38 43545202
37 43545202
36 43545202
35 43545202
34 43545202
33 43545202
32 43545202
31 43545202
30 43545202
29 43545202
28 43545202
27 43545202
26 43545202
25 43545202
61 43809494
60 43809494
59 43809494
58 43809494
57 43809494
56 43809494
55 43809494
54 43809494
53 43809494
52 43809494
51 43809494
50 43809494
49 43809494
48 43809494
47 43809494
46 43809494
45 43809494
44 43809494
43 43809494
42 43809494
41 43809494
40 43809494
39 43809494
38 43809494
37 43809494
36 43809494
35 43809494
34 43809494
52 43949213
51 43949213
50 43949213
49 43949213
48 43949213
47 43949213
46 43949213
45 43949213
44 43949213
43 43949213
42 43949213
41 43949213
40 43949213
39 43949213
38 43949213
37 43949213
36 43949213
35 43949213
34 43949213
33 43949213
32 43949213
31 43949213
43 44016623
42 44016623
41 44016623
40 44016623
39 44016623
38 44016623
37 44016623
36 44016623
35 44016623
34 44016623
33 44016623
32 44016623
31 44016623
30 44016623
29 44016623
28 44016623
27 44016623
26 44016623
25 44016623
24 44016623
23 44016623
22 44016623
77 44475277
76 44475277
75 44475277
74 44475277
73 44475277
72 44475277
71 44475277
70 44475277
69 44475277
68 44475277
67 44475277
66 44475277
65 44475277
64 44475277
63 44475277
62 44475277
61 44475277
60 44475277
59 44475277
58 44475277
57 44475277
56 44475277
55 44475277
54 44475277
53 44475277
52 44475277
51 44475277
50 44475277
49 44475277
48 44475277
47 44475277
46 44475277
45 44475277
44 44475277
43 44475277
42 44475277
41 44475277
40 44475277
39 44475277
38 44475277
37 44475277
36 44475277
35 44475277
34 44475277
33 44475277
32 44475277
31 44475277
30 44475277
29 44475277
28 44475277
27 44475277
26 44475277
25 44475277
24 44475277
23 44475277
22 44475277
38 44563073
37 44563073
36 44563073
35 44563073
34 44563073
33 44563073
32 44563073
31 44563073
30 44563073
29 44563073
28 44563073
27 44563073
26 44563073
25 44563073
24 44563073
23 44563073
22 44563073
21 44563073
20 44563073
19 44563073
18 44563073
17 44563073
16 44563073
15 44563073
14 44563073
13 44563073
12 44563073
11 44563073
10 44563073
38 44726382
37 44726382
36 44726382
35 44726382
34 44726382
33 44726382
32 44726382
31 44726382
30 44726382
29 44726382
28 44726382
27 44726382
26 44726382
25 44726382
24 44726382
23 44726382
22 44726382
56 45049546
55 45049546
54 45049546
53 45049546
52 45049546
51 45049546
50 45049546
49 45049546
48 45049546
47 45049546
46 45049546
45 45049546
44 45049546
43 45049546
42 45049546
41 45049546
40 45049546
39 45049546
38 45049546
37 45049546
36 45049546
35 45049546
34 45049546
81 45444286
80 45444286
79 45444286
78 45444286
77 45444286
76 45444286
75 45444286
74 45444286
73 45444286
72 45444286
71 45444286
70 45444286
69 45444286
68 45444286
67 45444286
66 45444286
65 45444286
64 45444286
63 45444286
62 45444286
61 45444286
60 45444286
59 45444286
58 45444286
57 45444286
56 45444286
55 45444286
54 45444286
53 45444286
52 45444286
51 45444286
50 45444286
49 45444286
48 45444286
47 45444286
46 45444286
45 45444286
121 46042567
120 46042567
119 46042567
118 46042567
117 46042567
116 46042567
115 46042567
114 46042567
113 46042567
112 46042567
111 46042567
110 46042567
109 46042567
108 46042567
107 46042567
106 46042567
105 46042567
104 46042567
103 46042567
102 46042567
101 46042567
100 46042567
99 46042567
98 46042567
97 46042567
96 46042567
95 46042567
94 46042567
93 46042567
92 46042567
91 46042567
90 46042567
89 46042567
88 46042567
87 46042567
86 46042567
85 46042567
84 46042567
83 46042567
82 46042567
81 46042567
80 46042567
79 46042567
78 46042567
77 46042567
76 46042567
75 46042567
74 46042567
73 46042567
72 46042567
71 46042567
70 46042567
69 46042567
68 46042567
67 46042567
66 46042567
65 46042567
64 46042567
63 46042567
62 46042567
61 46042567
60 46042567
59 46042567
58 46042567
57 46042567
56 46042567
55 46042567
54 46042567
53 46042567
52 46042567
51 46042567
50 46042567
49 46042567
48 46042567
47 46042567
46 46042567
45 46042567
44 46042567
43 46042567
42 46042567
41 46042567
40 46042567
39 46042567
38 46042567
37 46042567
36 46042567
35 46042567
51 46145838
50 46145838
49 46145838
48 46145838
47 46145838
46 46145838
45 46145838
44 46145838
43 46145838
42 46145838
41 46145838
40 46145838
39 46145838
38 46145838
37 46145838
36 46145838
35 46145838
34 46145838
33 46145838
32 46145838
31 46145838
30 46145838
29 46145838
28 46145838
27 46145838
26 46145838
25 46145838
24 46145838
23 46145838
22 46145838
21 46145838
20 46145838
19 46145838
18 46145838
17 46145838
16 46145838
74 46515766
73 46515766
72 46515766
71 46515766
70 46515766
69 46515766
68 46515766
67 46515766
66 46515766
65 46515766
64 46515766
63 46515766
62 46515766
61 46515766
60 46515766
59 46515766
58 46515766
57 46515766
56 46515766
55 46515766
54 46515766
53 46515766
52 46515766
51 46515766
50 46515766
49 46515766
48 46515766
47 46515766
46 46515766
45 46515766
44 46515766
43 46515766
42 46515766
41 46515766
40 46515766
39 46515766
38 46515766
37 46515766
36 46515766
35 46515766
34 46515766
33 46515766
32 46515766
31 46515766
30 46515766
29 46515766
28 46515766
27 46515766
26 46515766
25 46515766
24 46515766
23 46515766
22 46515766
21 46515766
69 46860521
68 46860521
67 46860521
66 46860521
65 46860521
64 46860521
63 46860521
62 46860521
61 46860521
60 46860521
59 46860521
58 46860521
57 46860521
56 46860521
55 46860521
54 46860521
53 46860521
52 46860521
51 46860521
50 46860521
49 46860521
48 46860521
47 46860521
46 46860521
45 46860521
44 46860521
43 46860521
42 46860521
41 46860521
40 46860521
39 46860521
38 46860521
37 46860521
36 46860521
35 46860521
34 46860521
33 46860521
32 46860521
31 46860521
30 46860521
29 46860521
28 46860521
27 46860521
26 46860521
25 46860521
24 46860521
23 46860521
22 46860521
21 46860521
93 47420668
92 47420668
91 47420668
90 47420668
89 47420668
88 47420668
87 47420668
86 47420668
85 47420668
84 47420668
83 47420668
82 47420668
81 47420668
80 47420668
79 47420668
78 47420668
77 47420668
76 47420668
75 47420668
74 47420668
73 47420668
72 47420668
71 47420668
70 47420668
69 47420668
68 47420668
67 47420668
66 47420668
65 47420668
64 47420668
63 47420668
62 47420668
61 47420668
60 47420668
59 47420668
58 47420668
57 47420668
56 47420668
55 47420668
54 47420668
53 47420668
52 47420668
51 47420668
50 47420668
49 47420668
48 47420668
47 47420668
46 47420668
45 47420668
44 47420668
43 47420668
42 47420668
41 47420668
40 47420668
39 47420668
38 47420668
37 47420668
36 47420668
35 47420668
34 47420668
33 47420668
32 47420668
31 47420668
30 47420668
29 47420668
28 47420668
69 47673550
68 47673550
67 47673550
66 47673550
65 47673550
64 47673550
63 47673550
62 47673550
61 47673550
60 47673550
59 47673550
58 47673550
57 47673550
56 47673550
55 47673550
54 47673550
53 47673550
52 47673550
51 47673550
50 47673550
49 47673550
48 47673550
47 47673550
46 47673550
45 47673550
44 47673550
43 47673550
42 47673550
41 47673550
40 47673550
39 47673550
38 47673550
37 47673550
36 47673550
83 48038871
82 48038871
81 48038871
80 48038871
79 48038871
78 48038871
77 48038871
76 48038871
75 48038871
74 48038871
73 48038871
72 48038871
71 48038871
70 48038871
69 48038871
68 48038871
67 48038871
66 48038871
65 48038871
64 48038871
63 48038871
62 48038871
61 48038871
60 48038871
59 48038871
58 48038871
57 48038871
56 48038871
55 48038871
54 48038871
53 48038871
52 48038871
51 48038871
50 48038871
49 48038871
48 48038871
47 48038871
46 48038871
45 48038871
61 48119482
60 48119482
59 48119482
58 48119482
57 48119482
56 48119482
55 48119482
54 48119482
53 48119482
52 48119482
51 48119482
50 48119482
49 48119482
48 48119482
47 48119482
46 48119482
45 48119482
44 48119482
43 48119482
42 48119482
41 48119482
40 48119482
39 48119482
38 48119482
37 48119482
36 48119482
35 48119482
34 48119482
33 48119482
32 48119482
31 48119482
30 48119482
29 48119482
28 48119482
27 48119482
26 48119482
25 48119482
24 48119482
23 48119482
22 48119482
21 48119482
20 48119482
19 48119482
18 48119482
48 48316967
47 48316967
46 48316967
45 48316967
44 48316967
43 48316967
42 48316967
41 48316967
40 48316967
39 48316967
38 48316967
37 48316967
36 48316967
35 48316967
34 48316967
33 48316967
32 48316967
31 48316967
30 48316967
29 48316967
28 48316967
27 48316967
26 48316967
97 49013363
96 49013363
95 49013363
94 49013363
93 49013363
92 49013363
91 49013363
90 49013363
89 49013363
88 49013363
87 49013363
86 49013363
85 49013363
84 49013363
83 49013363
82 49013363
81 49013363
80 49013363
79 49013363
78 49013363
77 49013363
76 49013363
75 49013363
74 49013363
73 49013363
72 49013363
71 49013363
70 49013363
69 49013363
68 49013363
67 49013363
66 49013363
65 49013363
64 49013363
63 49013363
62 49013363
61 49013363
60 49013363
59 49013363
58 49013363
57 49013363
56 49013363
55 49013363
66 49079328
65 49079328
64 49079328
63 49079328
62 49079328
61 49079328
60 49079328
59 49079328
58 49079328
57 49079328
56 49079328
55 49079328
54 49079328
53 49079328
52 49079328
51 49079328
50 49079328
49 49079328
48 49079328
47 49079328
46 49079328
45 49079328
44 49079328
43 49079328
42 49079328
41 49079328
40 49079328
39 49079328
38 49079328
37 49079328
36 49079328
35 49079328
34 49079328
33 49079328
32 49079328
31 49079328
30 49079328
29 49079328
28 49079328
27 49079328
26 49079328
25 49079328
24 49079328
23 49079328
22 49079328
21 49079328
20 49079328
19 49079328
18 49079328
47 49242969
46 49242969
45 49242969
44 49242969
43 49242969
42 49242969
41 49242969
40 49242969
39 49242969
38 49242969
37 49242969
36 49242969
35 49242969
34 49242969
33 49242969
32 49242969
31 49242969
30 49242969
29 49242969
28 49242969
27 49242969
26 49242969
55 49448175
54 49448175
53 49448175
52 49448175
51 49448175
50 49448175
49 49448175
48 49448175
47 49448175
46 49448175
45 49448175
44 49448175
43 49448175
42 49448175
41 49448175
40 49448175
39 49448175
38 49448175
37 49448175
36 49448175
35 49448175
34 49448175
33 49448175
32 49448175
31 49448175
30 49448175
38 49489297
37 49489297
36 49489297
35 49489297
34 49489297
33 49489297
32 49489297
31 49489297
30 49489297
29 49489297
28 49489297
27 49489297
26 49489297
25 49489297
24 49489297
23 49489297
22 49489297
21 49489297
20 49489297
19 49489297
31 49559297
30 49559297
29 49559297
28 49559297
27 49559297
26 49559297
25 49559297
24 49559297
23 49559297
22 49559297
21 49559297
20 49559297
19 49559297
18 49559297
17 49559297
16 49559297
29 49692918
28 49692918
27 49692918
26 49692918
25 49692918
24 49692918
23 49692918
22 49692918
21 49692918
20 49692918
19 49692918
18 49692918
17 49692918
42 49941396
41 49941396
40 49941396
39 49941396
38 49941396
37 49941396
36 49941396
35 49941396
34 49941396
33 49941396
32 49941396
31 49941396
30 49941396
29 49941396
28 49941396
27 49941396
26 49941396
25 49941396
24 49941396
23 49945770
22 49945770
21 49945770
20 49945770
19 49945770
18 49945770
17 49945770
16 49945770
15 49945770
14 49945770
13 49945770
23 50014940
22 50014940
21 50014940
20 50014940
19 50014940
18 50014940
17 50014940
16 50014940
15 50014940
14 50014940
13 50014940
12 50014940
11 50014940
10 50014940
9 50014940
8 50014940
19 50079558
18 50079558
17 50079558
16 50079558
15 50079558
14 50079558
13 50079558
12 50079558
38 50309861
37 50309861
36 50309861
35 50309861
34 50309861
33 50309861
32 50309861
31 50309861
30 50309861
29 50309861
28 50309861
27 50309861
26 50309861
25 50309861
24 50309861
23 50309861
22 50309861
37 50450575
36 50450575
35 50450575
34 50450575
33 50450575
32 50450575
31 50450575
30 50450575
29 50450575
28 50450575
27 50450575
26 50450575
25 50450575
24 50450575
23 50450575
22 50450575
21 50450575
20 50450575
19 50450575
18 50450575
17 50450575
16 50450575
15 50450575
14 50450575
13 50450575
12 50450575
11 50450575
10 50450575
78 51030846
77 51030846
76 51030846
75 51030846
74 51030846
73 51030846
72 51030846
71 51030846
70 51030846
69 51030846
68 51030846
67 51030846
66 51030846
65 51030846
64 51030846
63 51030846
62 51030846
61 51030846
60 51030846
59 51030846
58 51030846
57 51030846
56 51030846
55 51030846
54 51030846
53 51030846
52 51030846
51 51030846
50 51030846
49 51030846
48 51030846
47 51030846
46 51030846
45 51030846
44 51030846
43 51030846
42 51030846
41 51030846
66 51159758
65 51159758
64 51159758
63 51159758
62 51159758
61 51159758
60 51159758
59 51159758
58 51159758
57 51159758
56 51159758
55 51159758
54 51159758
53 51159758
52 51159758
51 51159758
50 51159758
49 51159758
48 51159758
47 51159758
46 51159758
45 51159758
44 51159758
43 51159758
42 51159758
41 51159758
40 51159758
39 51159758
38 51159758
37 51159758
36 51159758
70 51437856
69 51437856
68 51437856
67 51437856
66 51437856
65 51437856
64 51437856
63 51437856
62 51437856
61 51437856
60 51437856
59 51437856
58 51437856
57 51437856
56 51437856
55 51437856
54 51437856
53 51437856
52 51437856
51 51437856
50 51437856
49 51437856
48 51437856
47 51437856
46 51437856
45 51437856
44 51437856
43 51437856
42 51437856
41 51437856
40 51437856
39 51437856
38 51437856
37 51437856
36 51437856
35 51437856
34 51437856
33 51437856
32 51437856
31 51437856
30 51437856
29 51437856
28 51437856
27 51437856
26 51437856
25 51437856
24 51437856
23 51437856
22 51437856
21 51437856
20 51437856
19 51439467
18 51439467
17 51439467
16 51439467
15 51439467
14 51439467
13 51439467
12 51439467
11 51439467
10 51439467
9 51439467
8 51439467
7 51439467
6 51439467
6 51443256
5 51443256
4 51443256
3 51443256
2 51443256
5 51463145
4 51463145
3 51463145
5 51482047
4 51482047
3 51482047
37 51706756
36 51706756
35 51706756
34 51706756
33 51706756
32 51706756
31 51706756
30 51706756
29 51706756
28 51706756
27 51706756
26 51706756
25 51706756
24 51706756
23 51706756
22 51706756
21 51706756
20 51706756
34 52122659
33 52122659
32 52122659
31 52122659
30 52122659
29 52122659
28 52122659
27 52122659
26 52122659
25 52122659
24 52122659
23 52122659
22 52122659
21 52122659
20 52122659
19 52122659
18 52122659
17 52122659
16 52122659
15 52122659
14 52122659
13 52122659
12 52122659
11 52122659
10 52122659
9 52163271
8 52163271
7 52163271
6 52163271
5 52163271
4 52163271
3 52163271
2 52641373
1 52647812
0 52817744
