4608 45259849
3072 46679198
9216 51661577
1024 52489111
5120 63132954
1536 76136741
16384 157951990
16384 158609513
14336 158913753
5632 176478059
5632 22966205
3072 23025396
512 31740450
16384 47483099
9728 54697229
4608 69742426
4096 70701798
1536 72632181
16384 73612909
11776 78795395
6144 78944730
1536 82310647
16384 83961112
16384 84143915
1536 94762382
14848 96991749
3072 97274225
5632 22966205
3072 23025396
512 31740450
16384 47483099
9728 54697229
4608 69742426
4096 70701798
1536 72632181
16384 73612909
11776 78795395
6144 78944730
1536 82310647
16384 83961112
16384 84143915
1536 94762382
14848 96991749
3072 97274225
9728 20160485
1536 53198380
11776 58334915
3584 67009330
