1 154846
0 154965
0 172203
0 172741
0 180203
2 204801
1 204801
0 209309
0 215206
2 220503
11 260144
10 260144
9 260144
8 260144
7 260144
6 260144
8 267824
7 267824
6 267824
5 267824
5 273088
4 273088
6 293936
5 293936
4 293936
3 293936
3 302248
2 302248
1 303626
2 306478
1 306478
2 317792
1 317792
3 340216
2 340216
1 341527
3 363394
2 363394
2 364214
1 364214
5 386289
4 386289
3 386289
5 420283
4 420283
3 420283
2 420283
2 425979
1 425979
0 426338
0 432484
0 445562
0 453330
7 508588
6 508588
5 508588
4 508588
3 509020
2 509020
1 522180
2 572453
3 581343
3 587091
2 587091
3 596081
2 596081
1 597695
2 618314
1 618314
4 644626
3 644626
4 652124
3 652124
2 652124
2 659633
3 680114
2 683744
1 683744
1 690015
7 726674
6 726674
5 726674
4 726674
5 736251
4 736251
3 736251
3 737928
2 737928
2 740269
1 740269
1 752667
12 822527
11 822527
10 822527
9 822527
8 822527
7 822527
8 844135
7 844135
6 844135
5 844135
4 844972
3 844972
5 857877
4 857877
12 913560
11 913560
10 913560
9 913560
8 913560
7 913560
6 914373
5 914373
4 914373
5 926466
4 926466
3 926466
2 926466
3 942382
2 942382
1 944064
13 1055697
12 1055697
11 1055697
10 1055697
9 1055697
8 1055697
7 1055697
12 1089472
11 1089472
10 1089472
9 1089472
8 1089472
7 1089472
6 1089472
5 1089472
4 1089472
3 1089472
5 1118202
6 1134582
5 1134582
4 1134582
6 1160302
5 1160302
4 1160302
3 1160302
6 1174490
5 1174490
4 1174490
12 1238070
11 1238070
10 1238070
9 1238070
8 1238070
7 1238070
6 1246219
5 1246219
4 1246219
3 1251188
2 1251188
10 1313673
9 1313673
8 1313673
7 1313673
6 1313673
9 1341313
8 1341313
7 1341313
6 1341313
5 1341313
4 1341313
3 1341313
5 1365979
4 1365979
3 1365979
6 1391197
5 1391197
4 1391197
4 1397761
3 1397761
9 1439627
8 1439627
7 1439627
6 1439627
5 1439627
11 1480504
10 1480504
9 1480504
8 1480504
7 1480504
6 1480504
12 1523984
11 1523984
10 1523984
9 1523984
8 1523984
13 1587009
12 1587009
11 1587009
10 1587009
9 1587009
8 1587009
7 1587009
18 1659453
17 1659453
16 1659453
15 1659453
14 1659453
13 1659453
12 1659453
11 1659453
15 1692412
14 1692412
13 1692412
12 1692412
11 1692412
10 1692412
9 1692412
8 1692412
8 1700888
7 1700888
6 1700888
5 1700888
4 1700888
3 1700888
2 1700888
6 1743138
5 1743138
4 1743138
3 1743138
2 1743138
8 1781091
7 1781091
6 1781091
5 1781091
4 1781091
3 1782115
2 1782115
1 1782115
6 1836905
5 1836905
4 1836905
3 1836905
2 1836905
10 1942398
9 1942398
8 1942398
7 1942398
6 1942398
6 1969213
5 1969213
4 1969213
7 2006634
6 2006634
5 2006634
4 2006634
12 2106152
11 2106152
10 2106152
9 2106152
8 2106152
7 2106152
8 2116555
7 2116555
6 2116555
5 2116555
4 2116555
3 2119024
2 2119024
4 2146082
3 2146082
4 2161247
3 2161247
2 2161247
3 2167348
2 2167348
12 2254389
11 2254389
10 2254389
9 2254389
8 2254389
7 2254389
8 2273750
7 2273750
6 2273750
5 2273750
8 2294598
7 2294598
6 2294598
5 2294598
4 2294598
3 2294598
2 2303289
4 2332165
3 2332165
2 2338434
5 2355566
4 2355566
3 2355566
11 2414979
10 2414979
9 2414979
8 2414979
7 2414979
6 2418211
5 2418211
4 2418211
11 2447505
10 2447505
9 2447505
8 2447505
7 2447505
6 2447505
6 2456382
5 2456382
4 2456382
3 2456382
2 2456382
3 2457709
2 2457709
4 2485559
3 2485559
15 2563685
14 2563685
13 2563685
12 2563685
11 2563685
10 2563685
9 2563685
12 2591261
11 2591261
10 2591261
9 2591261
8 2591261
7 2591261
6 2591261
5 2591261
4 2591261
5 2616058
4 2616058
3 2616058
2 2616058
23 2751890
22 2751890
21 2751890
20 2751890
19 2751890
18 2751890
17 2751890
16 2751890
15 2751890
14 2751890
13 2751890
12 2756659
11 2756659
10 2756659
9 2756659
8 2756659
7 2756659
7 2767342
6 2767342
5 2767342
4 2767342
3 2767342
2 2767342
8 2816546
7 2816546
6 2816546
5 2816546
4 2816546
3 2816546
2 2816546
12 2858721
11 2858721
10 2858721
9 2858721
8 2858721
7 2858721
8 2875383
7 2875383
6 2875383
5 2875383
4 2875383
7 2922717
6 2922717
5 2922717
4 2922717
4 2928399
3 2928399
8 2974684
7 2974684
6 2974684
5 2974684
4 2974684
3 2974684
2 2974684
16 3077138
15 3077138
14 3077138
13 3077138
12 3077138
11 3077138
10 3077138
17 3135558
16 3135558
15 3135558
14 3135558
13 3135558
12 3135558
11 3135558
10 3135558
11 3145201
10 3145201
9 3145201
8 3145201
7 3145201
20 3254575
19 3254575
18 3254575
17 3254575
16 3254575
15 3254575
14 3254575
13 3254575
12 3254575
13 3276197
12 3276197
11 3276197
10 3276197
9 3276197
8 3276197
7 3276197
47 3483322
46 3483322
45 3483322
44 3483322
43 3483322
42 3483322
41 3483322
40 3483322
39 3483322
38 3483322
37 3483322
36 3483322
35 3483322
34 3483322
33 3483322
32 3483322
31 3483322
30 3483322
29 3483322
28 3483322
27 3483322
26 3483322
25 3483322
24 3483322
23 3483322
22 3483322
21 3483322
20 3483322
19 3483322
18 3483322
17 3483322
16 3483322
15 3483322
14 3483322
18 3518376
17 3518376
16 3518376
15 3518376
14 3518376
13 3518376
12 3518376
11 3518376
10 3518376
9 3518376
8 3518376
7 3518376
6 3518376
5 3518376
6 3531315
5 3531315
4 3531315
5 3545036
4 3545036
3 3545036
2 3545036
8 3605315
7 3605315
6 3605315
5 3605315
4 3605315
3 3605315
14 3699514
13 3699514
12 3699514
11 3699514
10 3699514
9 3699514
8 3699514
7 3699514
6 3699514
5 3699514
23 3841714
22 3841714
21 3841714
20 3841714
19 3841714
18 3841714
17 3841714
16 3841714
15 3841714
14 3841714
13 3841714
16 3875985
15 3875985
14 3875985
13 3875985
12 3875985
11 3875985
10 3875985
9 3875985
28 3996462
27 3996462
26 3996462
25 3996462
24 3996462
23 3996462
22 3996462
21 3996462
20 3996462
19 3996462
18 3996462
17 3996462
16 3996462
25 4047644
24 4047644
23 4047644
22 4047644
21 4047644
20 4047644
19 4047644
18 4047644
17 4047644
16 4047644
15 4047644
14 4047644
17 4073761
16 4073761
15 4073761
14 4073761
13 4073761
12 4073761
11 4073761
10 4073761
9 4073761
14 4116136
13 4116136
12 4116136
11 4116136
10 4116136
9 4116136
8 4116136
16 4201763
15 4201763
14 4201763
13 4201763
12 4201763
11 4201763
10 4201763
9 4205384
8 4205384
7 4205384
6 4205384
5 4205384
9 4236559
8 4236559
7 4236559
6 4236559
5 4236559
38 4479482
37 4479482
36 4479482
35 4479482
34 4479482
33 4479482
32 4479482
31 4479482
30 4479482
29 4479482
28 4479482
27 4479482
26 4479482
25 4479482
24 4479482
23 4479482
22 4479482
21 4479482
27 4547198
26 4547198
25 4547198
24 4547198
23 4547198
22 4547198
21 4547198
20 4547198
19 4547198
18 4547198
17 4547198
16 4547198
15 4547198
14 4547198
13 4547198
12 4547198
11 4547198
10 4547198
9 4547198
8 4547198
28 4713382
27 4713382
26 4713382
25 4713382
24 4713382
23 4713382
22 4713382
21 4713382
20 4713382
19 4713382
18 4713382
17 4713382
16 4713382
15 4713382
14 4713382
13 4713382
12 4713382
11 4713382
10 4713382
9 4713382
17 4791559
16 4791559
15 4791559
14 4791559
13 4791559
12 4791559
11 4791559
10 4791559
21 4875347
20 4875347
19 4875347
18 4875347
17 4875347
16 4875347
15 4875347
14 4875347
13 4875347
12 4875347
11 4875347
10 4875347
9 4875347
8 4875347
7 4875347
6 4875347
5 4875347
35 5041497
34 5041497
33 5041497
32 5041497
31 5041497
30 5041497
29 5041497
28 5041497
27 5041497
26 5041497
25 5041497
24 5041497
23 5041497
22 5041497
21 5041497
20 5041497
19 5041497
18 5045397
17 5045397
16 5045397
15 5045397
14 5045397
13 5045397
12 5045397
11 5045397
10 5045397
9 5045397
8 5045397
7 5045397
6 5045397
5 5045397
11 5087576
10 5087576
9 5087576
8 5087576
7 5087576
6 5087576
20 5197043
19 5197043
18 5197043
17 5197043
16 5197043
15 5197043
14 5197043
13 5197043
12 5197043
11 5197043
10 5197043
9 5197043
8 5197043
7 5197043
6 5197043
9 5221912
8 5221912
7 5221912
6 5221912
28 5394987
27 5394987
26 5394987
25 5394987
24 5394987
23 5394987
22 5394987
21 5394987
20 5394987
19 5394987
18 5394987
17 5394987
39 5589310
38 5589310
37 5589310
36 5589310
35 5589310
34 5589310
33 5589310
32 5589310
31 5589310
30 5589310
29 5589310
28 5589310
27 5589310
26 5589310
25 5589310
24 5589310
23 5589310
22 5589310
21 5589310
20 5589310
19 5589310
18 5589310
17 5589310
16 5589310
15 5589310
14 5589310
13 5589310
37 5754867
36 5754867
35 5754867
34 5754867
33 5754867
32 5754867
31 5754867
30 5754867
29 5754867
28 5754867
27 5754867
26 5754867
25 5754867
24 5754867
23 5754867
22 5754867
21 5754867
27 5799763
26 5799763
25 5799763
24 5799763
23 5799763
22 5799763
21 5799763
20 5799763
19 5799763
18 5799763
17 5799763
16 5799763
15 5799763
14 5799763
64 6225595
63 6225595
62 6225595
61 6225595
60 6225595
59 6225595
58 6225595
57 6225595
56 6225595
55 6225595
54 6225595
53 6225595
52 6225595
51 6225595
50 6225595
49 6225595
48 6225595
47 6225595
46 6225595
45 6225595
44 6225595
43 6225595
42 6225595
41 6225595
40 6225595
39 6225595
38 6225595
37 6225595
36 6225595
35 6225595
34 6225595
33 6225595
32 6225595
31 6225595
30 6225595
29 6225595
28 6225595
27 6225595
26 6225595
25 6225595
24 6225595
23 6225595
22 6225595
21 6225595
20 6225595
19 6225595
18 6225595
18 6228478
17 6228478
16 6228478
15 6228478
14 6228478
13 6228478
12 6228478
11 6228478
10 6228478
9 6228478
8 6228478
7 6228478
6 6228478
5 6228478
44 6594928
43 6594928
42 6594928
41 6594928
40 6594928
39 6594928
38 6594928
37 6594928
36 6594928
35 6594928
34 6594928
33 6594928
32 6594928
31 6594928
30 6594928
29 6594928
28 6594928
27 6594928
26 6594928
25 6594928
24 6594928
23 6594928
29 6670831
28 6670831
27 6670831
26 6670831
25 6670831
24 6670831
23 6670831
22 6670831
21 6670831
20 6670831
19 6670831
18 6670831
17 6670831
40 6839016
39 6839016
38 6839016
37 6839016
36 6839016
35 6839016
34 6839016
33 6839016
32 6839016
31 6839016
30 6839016
29 6839016
28 6839016
27 6839016
26 6839016
25 6839016
24 6839016
23 6839016
22 6839016
38 6977805
37 6977805
36 6977805
35 6977805
34 6977805
33 6977805
32 6977805
31 6977805
30 6977805
29 6977805
28 6977805
27 6977805
26 6977805
25 6977805
24 6977805
23 6977805
22 6977805
21 6977805
20 6977805
19 6977805
18 6977805
17 6977805
16 6977805
15 6977805
14 6977805
13 6977805
16 7020751
15 7020751
14 7020751
13 7020751
12 7020751
11 7020751
10 7020751
9 7020751
16 7083500
15 7083500
14 7083500
13 7083500
12 7083500
11 7083500
10 7083500
9 7083500
8 7083500
7 7083500
6 7083500
5 7083500
4 7083500
20 7216401
19 7216401
18 7216401
17 7216401
16 7216401
15 7216401
14 7216401
13 7216401
12 7216401
11 7216401
10 7219834
9 7219834
8 7219834
7 7219834
24 7295690
23 7295690
22 7295690
21 7295690
20 7295690
19 7295690
18 7295690
17 7295690
16 7295690
15 7295690
14 7295690
13 7295690
12 7300865
11 7300865
10 7300865
9 7300865
8 7300865
7 7300865
6 7300865
5 7300865
4 7300865
7 7347944
6 7347944
5 7347944
4 7347944
6 7371567
5 7371567
5 7399196
4 7399196
3 7399196
10 7454044
9 7454044
8 7454044
7 7454044
6 7454044
8 7483975
7 7483975
6 7483975
5 7483975
26 7681292
25 7681292
24 7681292
23 7681292
22 7681292
21 7681292
20 7681292
19 7681292
18 7681292
17 7681292
16 7681292
15 7681292
14 7681292
15 7694222
14 7694222
13 7694222
12 7694222
11 7694222
10 7694222
9 7694222
8 7694222
7 7694222
6 7694222
5 7694222
4 7694222
7 7729647
6 7729647
5 7729647
4 7729647
10 7765904
9 7765904
8 7765904
7 7765904
6 7765904
16 7859961
15 7859961
14 7859961
13 7859961
12 7859961
11 7859961
10 7859961
15 7895962
14 7895962
13 7895962
12 7895962
11 7895962
10 7895962
57 8211973
56 8211973
55 8211973
54 8211973
53 8211973
52 8211973
51 8211973
50 8211973
49 8211973
48 8211973
47 8211973
46 8211973
45 8211973
44 8211973
43 8211973
42 8211973
41 8211973
40 8211973
39 8211973
38 8211973
37 8211973
36 8211973
35 8211973
34 8211973
33 8211973
32 8211973
31 8211973
30 8211973
29 8211973
28 8211973
27 8211973
26 8211973
25 8211973
24 8211973
23 8211973
22 8211973
21 8211973
20 8211973
19 8211973
18 8211973
17 8211973
19 8243770
18 8243770
17 8243770
16 8243770
15 8243770
14 8243770
13 8243770
12 8243770
11 8243770
22 8299547
21 8299547
20 8299547
19 8299547
18 8299547
17 8299547
16 8299547
15 8299547
14 8299547
13 8299547
26 8434065
25 8434065
24 8434065
23 8434065
22 8434065
21 8434065
20 8434065
19 8434065
18 8434065
17 8434065
16 8434065
15 8434065
14 8434065
13 8434065
12 8434065
11 8434065
10 8434065
9 8434065
8 8434065
29 8631431
28 8631431
27 8631431
26 8631431
25 8631431
24 8631431
23 8631431
22 8631431
21 8631431
20 8631431
19 8631431
18 8631431
17 8631431
16 8631431
15 8631431
89 9129044
88 9129044
87 9129044
86 9129044
85 9129044
84 9129044
83 9129044
82 9129044
81 9129044
80 9129044
79 9129044
78 9129044
77 9129044
76 9129044
75 9129044
74 9129044
73 9129044
72 9129044
71 9129044
70 9129044
69 9129044
68 9129044
67 9129044
66 9129044
65 9129044
64 9129044
63 9129044
62 9129044
61 9129044
60 9129044
59 9129044
58 9129044
57 9129044
56 9129044
55 9129044
54 9129044
53 9129044
52 9129044
51 9129044
50 9129044
49 9129044
48 9129044
47 9129044
46 9129044
45 9129044
44 9129044
43 9129044
42 9129044
41 9129044
40 9129044
39 9129044
38 9129044
37 9129044
36 9129044
35 9129044
34 9129044
33 9129044
32 9129044
31 9129044
30 9129044
29 9129044
28 9129044
27 9129044
26 9129044
49 9284015
48 9284015
47 9284015
46 9284015
45 9284015
44 9284015
43 9284015
42 9284015
41 9284015
40 9284015
39 9284015
38 9284015
37 9284015
36 9284015
35 9284015
34 9284015
33 9284015
32 9284015
31 9284015
30 9284015
29 9284015
51 9391043
50 9391043
49 9391043
48 9391043
47 9391043
46 9391043
45 9391043
44 9391043
43 9391043
42 9391043
41 9391043
40 9391043
39 9391043
38 9391043
37 9391043
36 9391043
35 9391043
34 9391043
33 9391043
32 9391043
31 9391043
30 9391043
29 9391043
28 9391043
27 9391043
26 9391043
25 9391043
24 9391043
23 9391043
22 9391043
21 9391043
20 9391043
19 9391043
18 9391043
17 9391043
16 9391043
16 9397838
15 9397838
14 9397838
13 9397838
12 9397838
11 9397838
10 9397838
9 9397838
36 9561139
35 9561139
34 9561139
33 9561139
32 9561139
31 9561139
30 9561139
29 9561139
28 9561139
27 9561139
26 9561139
25 9561139
24 9561139
23 9561139
22 9561139
21 9561139
20 9561139
19 9561139
18 9561139
17 9561139
16 9561139
15 9561139
14 9561139
13 9561139
12 9561139
11 9561139
27 9663036
26 9663036
25 9663036
24 9663036
23 9663036
22 9663036
21 9663036
20 9663036
19 9663036
18 9663036
17 9663036
16 9663036
15 9663036
14 9663036
63 10035211
62 10035211
61 10035211
60 10035211
59 10035211
58 10035211
57 10035211
56 10035211
55 10035211
54 10035211
53 10035211
52 10035211
51 10035211
50 10035211
49 10035211
48 10035211
47 10035211
46 10035211
45 10035211
44 10035211
43 10035211
42 10035211
41 10035211
40 10035211
39 10035211
38 10035211
37 10035211
36 10035211
35 10035211
34 10035211
33 10035211
32 10035211
31 10035211
30 10035211
29 10035211
28 10035211
27 10035211
26 10035211
25 10035211
24 10035211
23 10035211
22 10035211
21 10035211
20 10035211
40 10209398
39 10209398
38 10209398
37 10209398
36 10209398
35 10209398
34 10209398
33 10209398
32 10209398
31 10209398
30 10209398
29 10209398
28 10209398
27 10209398
26 10209398
25 10209398
24 10209398
23 10209398
22 10209398
69 10510645
68 10510645
67 10510645
66 10510645
65 10510645
64 10510645
63 10510645
62 10510645
61 10510645
60 10510645
59 10510645
58 10510645
57 10510645
56 10510645
55 10510645
54 10510645
53 10510645
52 10510645
51 10510645
50 10510645
49 10510645
48 10510645
47 10510645
46 10510645
45 10510645
44 10510645
43 10510645
42 10510645
41 10510645
40 10510645
39 10510645
54 10646961
53 10646961
52 10646961
51 10646961
50 10646961
49 10646961
48 10646961
47 10646961
46 10646961
45 10646961
44 10646961
43 10646961
42 10646961
41 10646961
40 10646961
39 10646961
38 10646961
37 10646961
36 10646961
35 10646961
34 10646961
33 10646961
32 10646961
31 10646961
97 11162136
96 11162136
95 11162136
94 11162136
93 11162136
92 11162136
91 11162136
90 11162136
89 11162136
88 11162136
87 11162136
86 11162136
85 11162136
84 11162136
83 11162136
82 11162136
81 11162136
80 11162136
79 11162136
78 11162136
77 11162136
76 11162136
75 11162136
74 11162136
73 11162136
72 11162136
71 11162136
70 11162136
69 11162136
68 11162136
67 11162136
66 11162136
65 11162136
64 11162136
63 11162136
62 11162136
61 11162136
60 11162136
59 11162136
58 11162136
57 11162136
56 11162136
55 11162136
54 11162136
53 11162136
52 11162136
51 11162136
78 11349470
77 11349470
76 11349470
75 11349470
74 11349470
73 11349470
72 11349470
71 11349470
70 11349470
69 11349470
68 11349470
67 11349470
66 11349470
65 11349470
64 11349470
63 11349470
62 11349470
61 11349470
60 11349470
59 11349470
58 11349470
57 11349470
56 11349470
55 11349470
54 11349470
53 11349470
52 11349470
51 11349470
50 11349470
49 11349470
48 11349470
47 11349470
46 11349470
45 11349470
44 11349470
43 11349470
42 11349470
76 11584164
75 11584164
74 11584164
73 11584164
72 11584164
71 11584164
70 11584164
69 11584164
68 11584164
67 11584164
66 11584164
65 11584164
64 11584164
63 11584164
62 11584164
61 11584164
60 11584164
59 11584164
58 11584164
57 11584164
56 11584164
55 11584164
54 11584164
53 11584164
52 11584164
51 11584164
50 11584164
49 11584164
48 11584164
47 11584164
46 11584164
45 11584164
44 11584164
43 11584164
42 11584164
41 11584164
40 11584164
39 11584164
38 11584164
37 11584164
36 11584164
35 11584164
34 11584164
33 11584164
32 11584164
31 11584164
30 11584164
29 11584164
28 11584164
27 11584164
26 11584164
25 11584164
24 11584164
23 11584164
22 11584164
21 11584164
22 11596817
21 11596817
20 11596817
19 11596817
18 11596817
17 11596817
16 11596817
15 11596817
14 11596817
13 11596817
12 11596817
14 11625396
13 11625396
12 11625396
11 11625396
10 11625396
9 11625396
65 12051307
64 12051307
63 12051307
62 12051307
61 12051307
60 12051307
59 12051307
58 12051307
57 12051307
56 12051307
55 12051307
54 12051307
53 12051307
52 12051307
51 12051307
50 12051307
49 12051307
48 12051307
47 12051307
46 12051307
45 12051307
44 12051307
43 12051307
42 12051307
41 12051307
40 12051307
39 12051307
38 12051307
37 12051307
36 12051307
35 12051307
39 12070537
38 12070537
37 12070537
36 12070537
35 12070537
34 12070537
33 12070537
32 12070537
31 12070537
30 12070537
29 12070537
28 12070537
27 12070537
26 12070537
25 12070537
24 12070537
23 12070537
22 12070537
21 12070537
20 12070537
19 12070537
18 12070537
17 12070537
16 12070537
15 12070537
14 12070537
13 12070537
12 12070537
48 12365688
47 12365688
46 12365688
45 12365688
44 12365688
43 12365688
42 12365688
41 12365688
40 12365688
39 12365688
38 12365688
37 12365688
36 12365688
35 12365688
34 12365688
33 12365688
32 12365688
31 12365688
30 12365688
29 12365688
28 12365688
27 12365688
26 12365688
25 12365688
24 12365688
23 12365688
22 12365688
21 12365688
20 12365688
19 12365688
18 12365688
17 12365688
16 12365688
26 12437458
25 12437458
24 12437458
23 12437458
22 12437458
21 12437458
20 12437458
19 12437458
18 12437458
17 12437458
16 12437458
15 12437458
14 12437458
13 12437458
16 12477830
15 12477830
14 12477830
13 12477830
12 12477830
11 12477830
10 12477830
9 12477830
8 12477830
10 12502535
9 12502535
8 12502535
7 12502535
6 12502535
5 12502535
4 12502535
33 12731445
32 12731445
31 12731445
30 12731445
29 12731445
28 12731445
27 12731445
26 12731445
25 12731445
24 12731445
23 12731445
22 12731445
21 12731445
20 12731445
19 12731445
18 12731445
17 12731445
16 12731445
15 12731445
14 12731445
13 12731445
12 12731445
11 12731445
10 12731445
9 12731445
20 12825681
19 12825681
18 12825681
17 12825681
16 12825681
15 12825681
14 12825681
13 12825681
12 12825681
11 12825681
10 12825681
9 12825681
8 12825681
7 12825681
13 12866262
12 12866262
11 12866262
10 12866262
9 12866262
8 12866262
7 12866262
6 12866262
5 12866262
4 12866262
20 13002936
19 13002936
18 13002936
17 13002936
16 13002936
15 13002936
14 13002936
13 13002936
12 13002936
12 13008437
11 13008437
10 13008437
9 13008437
8 13008437
7 13008437
17 13102748
16 13102748
15 13102748
14 13102748
13 13102748
12 13102748
11 13102748
10 13102748
9 13102748
8 13102748
7 13102748
6 13102748
5 13102748
7 13129464
6 13129464
5 13129464
4 13129464
28 13326647
27 13326647
26 13326647
25 13326647
24 13326647
23 13326647
22 13326647
21 13326647
20 13326647
19 13326647
18 13326647
17 13326647
16 13326647
23 13373101
22 13373101
21 13373101
20 13373101
19 13373101
18 13373101
17 13373101
16 13373101
15 13373101
14 13373101
13 13373101
12 13373101
11 13373101
10 13373101
9 13373101
33 13594063
32 13594063
31 13594063
30 13594063
29 13594063
28 13594063
27 13594063
26 13594063
25 13594063
24 13594063
23 13594063
22 13594063
21 13594063
20 13594063
19 13594063
18 13594063
17 13594063
20 13639909
19 13639909
18 13639909
17 13639909
16 13639909
15 13639909
14 13639909
13 13639909
16 13689764
15 13689764
14 13689764
13 13689764
12 13689764
11 13689764
10 13689764
9 13689764
20 13796860
19 13796860
18 13796860
17 13796860
16 13796860
15 13796860
14 13796860
13 13796860
12 13796860
11 13796860
10 13796860
9 13796860
8 13796860
7 13796860
6 13796860
20 13904659
19 13904659
18 13904659
17 13904659
16 13904659
15 13904659
14 13904659
13 13904659
12 13904659
14 13924558
13 13924558
12 13924558
11 13924558
10 13924558
9 13924558
8 13924558
7 13924558
6 13924558
5 13924558
40 14124873
39 14124873
38 14124873
37 14124873
36 14124873
35 14124873
34 14124873
33 14124873
32 14124873
31 14124873
30 14124873
29 14124873
28 14124873
27 14124873
26 14124873
25 14124873
24 14124873
23 14124873
22 14124873
44 14303958
43 14303958
42 14303958
41 14303958
40 14303958
39 14303958
38 14303958
37 14303958
36 14303958
35 14303958
34 14303958
33 14303958
32 14303958
31 14303958
30 14303958
29 14303958
28 14303958
27 14303958
26 14303958
25 14303958
24 14303958
23 14303958
22 14303958
21 14303958
20 14303958
19 14303958
18 14303958
17 14303958
16 14303958
15 14303958
14 14303958
13 14303958
19 14361801
18 14361801
17 14361801
16 14361801
15 14361801
14 14361801
13 14361801
12 14361801
11 14361801
10 14361801
9 14361801
8 14361801
7 14361801
6 14361801
12 14442731
11 14442731
10 14442731
9 14442731
8 14442731
7 14442731
16 14511940
15 14511940
14 14511940
13 14511940
12 14511940
11 14511940
10 14511940
9 14511940
26 14646692
25 14646692
24 14646692
23 14646692
22 14646692
21 14646692
20 14646692
19 14646692
18 14646692
17 14646692
16 14646692
15 14646692
14 14646692
13 14646692
12 14646692
11 14646692
10 14646692
9 14646692
25 14805884
24 14805884
23 14805884
22 14805884
21 14805884
20 14805884
19 14805884
18 14805884
17 14805884
16 14805884
15 14805884
14 14805884
24 14877276
23 14877276
22 14877276
21 14877276
20 14877276
19 14877276
18 14877276
17 14877276
16 14877276
15 14877276
14 14877276
26 14991690
25 14991690
24 14991690
23 14991690
22 14991690
21 14991690
20 14991690
19 14991690
18 14991690
17 14991690
16 14991690
15 14991690
14 14991690
15 15001209
14 15001209
13 15001209
12 15001209
11 15001209
10 15001209
9 15001209
13 15036493
12 15036493
11 15036493
10 15036493
9 15036493
8 15036493
7 15036493
6 15036493
5 15036493
4 15036493
11 15080784
10 15080784
9 15080784
8 15080784
7 15080784
19 15195127
18 15195127
17 15195127
16 15195127
15 15195127
14 15195127
13 15195127
12 15195127
11 15195127
10 15195127
9 15195127
8 15195127
7 15195127
6 15195127
5 15195127
33 15455916
32 15455916
31 15455916
30 15455916
29 15455916
28 15455916
27 15455916
26 15455916
25 15455916
24 15455916
23 15455916
22 15455916
21 15455916
20 15455916
19 15455916
18 15455916
18 15457548
17 15457548
16 15457548
15 15457548
14 15457548
13 15457548
12 15457548
11 15457548
24 15522700
23 15522700
22 15522700
21 15522700
20 15522700
19 15522700
18 15522700
17 15522700
16 15522700
15 15522700
14 15522700
13 15522700
44 15722908
43 15722908
42 15722908
41 15722908
40 15722908
39 15722908
38 15722908
37 15722908
36 15722908
35 15722908
34 15722908
33 15722908
32 15722908
31 15722908
30 15722908
29 15722908
28 15722908
27 15722908
26 15722908
25 15722908
24 15722908
23 15722908
22 15722908
21 15722908
20 15722908
19 15722908
18 15722908
17 15722908
16 15722908
15 15722908
14 15722908
16 15750239
15 15750239
14 15750239
13 15750239
12 15750239
11 15750239
10 15750239
17 15820885
16 15820885
15 15820885
14 15820885
13 15820885
12 15820885
11 15820885
10 15820885
9 15820885
8 15820885
7 15820885
6 15820885
11 15869327
10 15869327
9 15869327
8 15869327
7 15869327
6 15869327
5 15869327
9 15914381
8 15914381
7 15914381
6 15914381
5 15914381
4 15914381
3 15914381
35 16174822
34 16174822
33 16174822
32 16174822
31 16174822
30 16174822
29 16174822
28 16174822
27 16174822
26 16174822
25 16174822
24 16174822
23 16174822
22 16174822
21 16174822
20 16174822
28 16261267
27 16261267
26 16261267
25 16261267
24 16261267
23 16261267
22 16261267
21 16261267
20 16261267
19 16261267
18 16261267
17 16261267
16 16261267
15 16261267
14 16261267
13 16261267
12 16261267
11 16261267
10 16261267
9 16261267
8 16261267
25 16408583
24 16408583
23 16408583
22 16408583
21 16408583
20 16408583
19 16408583
18 16408583
17 16408583
16 16408583
15 16408583
14 16408583
41 16653897
40 16653897
39 16653897
38 16653897
37 16653897
36 16653897
35 16653897
34 16653897
33 16653897
32 16653897
31 16653897
30 16653897
29 16653897
28 16653897
27 16653897
26 16653897
25 16653897
24 16653897
43 16764566
42 16764566
41 16764566
40 16764566
39 16764566
38 16764566
37 16764566
36 16764566
35 16764566
34 16764566
33 16764566
32 16764566
31 16764566
30 16764566
29 16764566
28 16764566
27 16764566
26 16764566
25 16764566
42 16931486
41 16931486
40 16931486
39 16931486
38 16931486
37 16931486
36 16931486
35 16931486
34 16931486
33 16931486
32 16931486
31 16931486
30 16931486
29 16931486
28 16931486
27 16931486
26 16931486
25 16931486
24 16931486
23 16931486
22 16931486
21 16931486
20 16931486
19 16931486
18 16931486
17 16931486
16 16931486
15 16931486
14 16931486
13 16931486
12 16931486
12 16948535
11 16948535
10 16948535
9 16948535
8 16948535
7 16948535
29 17098520
28 17098520
27 17098520
26 17098520
25 17098520
24 17098520
23 17098520
22 17098520
21 17098520
20 17098520
19 17098520
18 17098520
17 17098520
16 17098520
15 17098520
14 17098520
13 17098520
12 17098520
11 17098520
10 17098520
9 17098520
8 17098520
28 17208482
27 17208482
26 17208482
25 17208482
24 17208482
23 17208482
22 17208482
21 17208482
20 17208482
19 17208482
18 17208482
17 17208482
16 17208482
15 17208482
14 17208482
13 17208482
12 17208482
11 17208482
10 17208482
9 17208482
8 17208482
37 17406528
36 17406528
35 17406528
34 17406528
33 17406528
32 17406528
31 17406528
30 17406528
29 17406528
28 17406528
27 17406528
26 17406528
25 17406528
24 17406528
23 17406528
22 17406528
21 17406528
20 17406528
19 17406528
18 17406528
17 17406528
16 17406528
15 17406528
14 17406528
13 17406528
12 17406528
11 17406528
34 17580087
33 17580087
32 17580087
31 17580087
30 17580087
29 17580087
28 17580087
27 17580087
26 17580087
25 17580087
24 17580087
23 17580087
22 17580087
21 17580087
20 17580087
19 17580087
18 17580087
24 17651066
23 17651066
22 17651066
21 17651066
20 17651066
19 17651066
18 17651066
17 17651066
16 17651066
15 17651066
14 17651066
20 17710972
19 17710972
18 17710972
17 17710972
16 17710972
15 17710972
14 17710972
13 17710972
12 17710972
11 17710972
10 17710972
9 17710972
8 17710972
7 17710972
6 17710972
29 17892641
28 17892641
27 17892641
26 17892641
25 17892641
24 17892641
23 17892641
22 17892641
21 17892641
20 17892641
19 17892641
18 17892641
17 17892641
19 17907130
18 17907130
17 17907130
16 17907130
15 17907130
14 17907130
13 17907130
12 17907130
11 17907130
32 18060422
31 18060422
30 18060422
29 18060422
28 18060422
27 18060422
26 18060422
25 18060422
24 18060422
23 18060422
22 18060422
21 18060422
20 18060422
19 18060422
18 18060422
17 18060422
16 18060422
15 18060422
14 18060422
13 18060422
12 18060422
11 18060422
10 18060422
9 18060422
37 18218474
36 18218474
35 18218474
34 18218474
33 18218474
32 18218474
31 18218474
30 18218474
29 18218474
28 18218474
27 18218474
26 18218474
25 18218474
24 18218474
23 18218474
22 18218474
21 18218474
20 18218474
19 18218474
18 18218474
17 18218474
16 18218474
15 18218474
14 18218474
13 18218474
23 18279930
22 18279930
21 18279930
20 18279930
19 18279930
18 18279930
17 18279930
16 18279930
15 18279930
14 18279930
13 18279930
82 18764463
81 18764463
80 18764463
79 18764463
78 18764463
77 18764463
76 18764463
75 18764463
74 18764463
73 18764463
72 18764463
71 18764463
70 18764463
69 18764463
68 18764463
67 18764463
66 18764463
65 18764463
64 18764463
63 18764463
62 18764463
61 18764463
60 18764463
59 18764463
58 18764463
57 18764463
56 18764463
55 18764463
54 18764463
53 18764463
52 18764463
51 18764463
50 18764463
49 18764463
48 18764463
47 18764463
46 18764463
45 18764463
44 18764463
117 19220598
116 19220598
115 19220598
114 19220598
113 19220598
112 19220598
111 19220598
110 19220598
109 19220598
108 19220598
107 19220598
106 19220598
105 19220598
104 19220598
103 19220598
102 19220598
101 19220598
100 19220598
99 19220598
98 19220598
97 19220598
96 19220598
95 19220598
94 19220598
93 19220598
92 19220598
91 19220598
90 19220598
89 19220598
88 19220598
87 19220598
86 19220598
85 19220598
84 19220598
83 19220598
82 19220598
81 19220598
80 19220598
79 19220598
78 19220598
77 19220598
76 19220598
75 19220598
74 19220598
73 19220598
72 19220598
71 19220598
70 19220598
69 19220598
68 19220598
67 19220598
66 19220598
65 19220598
64 19220598
63 19220598
62 19220598
61 19220598
61 19223402
60 19223402
59 19223402
58 19223402
57 19223402
56 19223402
55 19223402
54 19223402
53 19223402
52 19223402
51 19223402
50 19223402
49 19223402
48 19223402
47 19223402
46 19223402
45 19223402
44 19223402
43 19223402
42 19223402
41 19223402
40 19223402
39 19223402
38 19223402
37 19223402
36 19223402
35 19223402
34 19223402
81 19608908
80 19608908
79 19608908
78 19608908
77 19608908
76 19608908
75 19608908
74 19608908
73 19608908
72 19608908
71 19608908
70 19608908
69 19608908
68 19608908
67 19608908
66 19608908
65 19608908
64 19608908
63 19608908
62 19608908
61 19608908
60 19608908
59 19608908
58 19608908
57 19608908
56 19608908
55 19608908
54 19608908
53 19608908
52 19608908
51 19608908
50 19608908
49 19608908
48 19608908
47 19608908
46 19608908
45 19608908
44 19608908
43 19608908
42 19608908
41 19608908
40 19608908
39 19608908
38 19608908
37 19608908
36 19608908
35 19608908
34 19608908
33 19608908
32 19608908
31 19608908
30 19608908
29 19608908
28 19608908
27 19608908
26 19608908
25 19608908
24 19608908
23 19608908
24 19628619
23 19628619
22 19628619
21 19628619
20 19628619
19 19628619
18 19628619
17 19628619
16 19628619
15 19628619
14 19628619
13 19628619
12 19628619
11 19628619
10 19628619
9 19628619
8 19628619
7 19628619
57 19997824
56 19997824
55 19997824
54 19997824
53 19997824
52 19997824
51 19997824
50 19997824
49 19997824
48 19997824
47 19997824
46 19997824
45 19997824
44 19997824
43 19997824
42 19997824
41 19997824
40 19997824
39 19997824
38 19997824
37 19997824
36 19997824
35 19997824
34 19997824
33 19997824
41 20070370
40 20070370
39 20070370
38 20070370
37 20070370
36 20070370
35 20070370
34 20070370
33 20070370
32 20070370
31 20070370
30 20070370
29 20070370
28 20070370
27 20070370
26 20070370
25 20070370
24 20070370
23 20070370
22 20070370
21 20070370
20 20070370
19 20070370
18 20070370
17 20070370
16 20070370
15 20070370
14 20070370
13 20070370
12 20070370
35 20217474
34 20217474
33 20217474
32 20217474
31 20217474
30 20217474
29 20217474
28 20217474
27 20217474
26 20217474
25 20217474
24 20217474
23 20217474
22 20217474
21 20217474
32 20353309
31 20353309
30 20353309
29 20353309
28 20353309
27 20353309
26 20353309
25 20353309
24 20353309
23 20353309
22 20353309
21 20353309
20 20353309
19 20353309
18 20353309
17 20353309
16 20353309
15 20353309
14 20353309
13 20353309
12 20353309
11 20353309
10 20353309
9 20353309
8 20595189
7 20595189
6 20595189
5 20595189
4 20595189
3 20595189
2 20698622
1 20698622
0 20753538
