3072 29986506
11264 33211693
9728 72672012
6656 73924690
6656 26582839
7168 46756837
14848 47724693
11264 64904085
7680 93630668
6144 98511660
11264 100378286
8192 106665295
4608 116992748
3072 122811133
8192 123168710
3584 124426582
5120 125212180
4608 127764926
3072 131627111
12800 131814031
2560 139887505
6144 140176503
14848 141449673
4096 148865681
4096 165970717
512 169387710
1024 177940835
8192 186444561
5120 190572507
9216 190625566
12800 193364208
6144 196092989
4608 202469105
6144 202600110
11776 204651699
7680 208830399
16384 220987806
3072 228227263
512 229205829
15872 232504875
1024 232628267
512 237281698
2048 243046042
16384 243764615
4096 253449416
5120 256839953
5120 27656340
12288 46452991
5632 72580583
2048 77145207
1024 83424160
12288 94316002
2560 94545515
6144 123407456
4096 134223316
4096 134298378
15360 138924621
4096 146177010
6144 151956044
6656 153115072
512 154750876
9728 155411053
1024 155582476
8704 171055536
4096 176443428
4608 178653820
9728 182616643
10240 190211140
6656 190604233
12288 205444757
6656 206916997
16384 211372414
2048 215408488
5120 215508653
512 231337623
4608 236483222
512 238563845
3072 242226612
4096 243169529
9728 266124579
2560 276638589
3072 277201424
3072 286866879
16384 291059035
11776 293741090
512 296335499
10752 297324194
4608 299905239
12800 305539402
1536 305539402
5632 308831009
8704 314483160
512 317028033
512 318425570
512 328346646
5120 328431811
7168 329885920
1536 344478779
5632 32514253
3072 32546654
512 45362696
16384 69064538
9728 79454603
4608 102059913
4096 104204932
1536 106921026
16384 108109240
11776 116140739
6144 116299235
1536 121661269
16384 123625821
16384 123625821
1536 140315610
14848 142997201
3072 144184233
