3447467 5647844 3 6822721
49886268 6027564 3 7195995
15092219 6416785 3 7403820
23182748 6433441 3 7422627
29668498 12882976 3 13682619
9585682 12945143 3 13711474
47244219 18412130 3 19172889
37711474 18728265 3 19175229
11913161 18743894 3 19182264
7552235 18749492 3 19183537
1783192 18751052 3 19198183
9294008 18796323 3 19211091
27709259 18808798 3 19227470
49678180 18816674 3 19228004
15383259 18867145 3 19231452
4938953 18874592 3 19232260
57312485 18906953 3 19323380
22095710 18937923 3 19325205
22095711 18937923 3 19341959
32928383 18938802 3 19345328
32524115 18961521 3 19362570
27714180 18962301 3 19364100
17097865 18963653 3 19456592
5086686 19062609 3 19765339
53409534 19082690 3 19783528
40281605 19612988 3 20316141
47419726 19754615 3 20342882
39514222 19757685 3 20363417
866261 19765339 3 20380119
17824341 19939800 3 20648561
11460557 19940005 3 20661337
44880142 19956646 3 20767856
23236174 19992881 3 20776583
23669886 20009092 3 20782882
47927070 20042120 3 20942687
40792446 20093220 3 20984608
12545582 20312879 3 21002898
4164974 20320273 3 21060846
58842808 27860718 3 28760487
8693616 30488438 3 31673056
37583024 30548538 3 31688028
11698672 30772052 3 32376826
37406000 30928884 3 32382176
48875632 31470563 3 33043952
55687856 31522398 3 33078319
4171728 31667937 3 33088303
33283184 31806382 3 33102848
60355920 32320798 3 33131244
29445727 32366896 3 33135584
42124037 32376514 3 33143108
17531349 32519354 3 33163263
52851856 32590243 3 33164779
52851857 32590243 3 33175214
22031056 32600045 3 33177450
1635088 32616099 3 33752940
17122399 32824400 3 33994737
54886389 32857765 3 34007956
29488912 32941738 3 34016286
10002672 32990053 3 34048629
43027199 33131244 3 34059580
46643056 33297218 3 34060426
31530789 33423689 3 34060433
20848880 33480783 3 34070091
32545973 33527510 3 34092255
38712607 33535226 3 34097208
8497818 33552642 3 34102300
61195239 33555934 3 34103540
40730650 33597475 3 34105568
14344757 33603970 3 34108884
47666672 34163445 3 35813090
48767760 34583506 3 35819592
57794640 34803792 3 35826953
10904777 45034136 3 46004315
54234621 45258651 3 46012516
33315773 45325906 3 46014822
52823208 45334478 3 46068669
41960189 50350860 3 51570042
18732349 50569621 3 51607264
1065085 50710493 3 51628975
35290300 50741774 3 51646942
35290301 50741774 3 51650427
10047613 50753802 3 51653241
61273724 51266286 3 52380656
13812764 51301691 3 52385767
17549124 51776523 3 52662204
32041020 51932712 3 52671878
31417069 54946724 3 55838419
43702349 55044400 3 55927214
41358477 55095434 3 55975790
4600656 55232929 3 55982697
4521421 55522317 3 55988152
46645945 55642871 3 56037999
16516442 55646320 3 56042943
39571581 59926111 3 60646784
6345525 59929408 3 60651479
53596811 59988227 3 60673550
32915467 60023821 3 60675890
8297195 60050196 3 60682023
42908349 60057039 3 60810036
32001405 60093648 3 61013955
38799957 60248513 3 61069971
45958517 60259323 3 61137982
857405 60331050 3 61202581
59871901 60359738 3 61216648
39880725 60420099 3 61228865
16847837 60465948 3 61230046
11473117 60530589 3 61246927
45505309 60553078 3 61254176
20590237 60562135 3 61332120
21691093 60574730 3 61380231
60399261 60617468 3 62111647
56988125 60790814 3 62114192
28317269 60864966 3 62123680
51805277 60967479 3 62128748
29599094 76751133 3 77623319
16832150 77058654 3 77671564
9483430 77128586 3 77743851
32854391 77152309 3 77755347
18649452 77236870 3 77756631
13843718 77265839 3 77761256
54909878 77305229 3 77768677
1635500 77309536 3 77769632
51829757 77313942 3 77778213
5794244 77350341 3 77785147
22560017 77380992 3 77798963
34169136 77417755 3 77810136
34169137 77417755 3 77817597
31779438 77465474 3 77832927
25717949 77471698 3 77855873
19132600 77475861 3 78021139
28172262 77481114 3 78024313
583729 77487725 3 78224823
49856017 77610053 3 78424460
39586193 77662729 3 78757418
35131926 77678731 3 78766115
18423249 77855873 3 78771850
40994065 77936377 3 78780309
39192081 78021139 3 78796427
22008612 78043474 3 78798519
15217584 78081916 3 78799142
15217585 78081916 3 78801307
61465200 78128976 3 78819221
35342632 78144304 3 78823383
54038294 78168152 3 78823584
17370184 78254713 3 78842010
13476074 78330501 3 78853688
24548022 78334657 3 78856427
4744464 78348470 3 78861865
4744465 78348470 3 78887445
11853296 78372499 3 79012637
54380164 78379370 3 79015893
50563198 78396945 3 79019927
55994832 78424460 3 79023720
8319446 78456673 3 79031509
3797524 78490890 3 79052261
52321649 78515989 3 79075320
29459060 78524062 3 79084894
13522388 78532616 3 79089044
38226000 78589495 3 79616810
47281172 78591336 3 79618419
3277072 78644738 3 79643689
50389812 78717417 3 79662573
28303092 78720586 3 79682140
46387632 78823383 3 79711083
1432695 86549273 2 89135173
41381728 91877595 3 92637348
51202976 91933404 3 92642248
53679488 92810259 3 93761148
17566976 92991505 3 93849263
44615488 93246798 3 93907816
19375343 106145614 2 113444542
14415578 112790957 3 113512690
20750358 114129335 3 115039447
3126358 114279930 3 115050508
58898899 114396469 3 115054794
55603858 114457305 3 115056705
55603859 114457305 3 115056917
30191154 114492158 3 115070719
21898166 114500775 3 115147203
21898167 114500775 3 115310390
13040086 114542225 3 115328656
52322262 114563163 3 115351484
3993047 114586374 3 115361385
5930774 114613673 3 115364733
28886931 114692757 3 115397711
33985813 114742813 3 115398803
57013299 114744685 3 115413198
41157522 114756361 3 115427619
9362453 114762736 3 115444329
1550707 114910981 3 115454865
15511696 114920218 3 115460539
17659822 114923973 3 115467204
52924877 114939616 3 115486269
54372113 114971706 3 115505078
48846357 115021119 3 115656017
38525527 115039447 3 115691107
14443319 115066523 3 115700708
2052853 115123081 3 115775322
4978256 115124214 3 115786340
10614864 115135497 3 115794372
54700854 115146151 3 115795538
4731827 115147203 3 115797116
21800181 115204961 3 115810365
42512182 115213208 3 115836161
6170663 115271194 3 115888039
44632237 115304367 3 115891625
15166814 115310390 3 115894482
30398231 115345735 3 115905050
8478919 115427619 3 116447333
15887559 115571801 3 116804902
45672496 115826914 3 116812735
53593680 115836161 3 116814444
16277063 116017701 3 116815965
49081077 116097244 3 116816454
1844071 116122087 3 116853874
1307829 116192934 3 116861353
42882325 116216806 3 116866524
29268494 116269773 3 116871593
3899839 116326646 3 116888355
27324536 116397116 3 116891461
57890654 116436036 3 116949922
59098032 116445100 3 116955843
8729269 116461727 3 116966321
34767829 116480397 3 117009213
2212959 116526846 3 117026273
7215368 116571729 3 117029403
52427359 116620031 3 117126085
40792184 116656734 3 117127151
49207719 116679999 3 117133412
17810866 116708803 3 117134330
40314199 116714300 3 117136000
40314200 116714300 3 117191923
2147431 116734822 3 117252187
38754398 116763465 3 117299311
43991984 117373227 3 118383979
31401136 117431781 3 118484077
28833333 117632608 3 118517663
32318389 117701991 3 118536159
851729 117724990 3 118544311
33629141 117799885 3 118636750
8734340 117817628 3 118643746
43903317 117829293 3 118680199
35358033 117898264 3 118685735
56795876 117903013 3 118699973
58335969 117989650 3 118704814
38142545 117991608 3 118718073
5862229 118046048 3 118733495
42551777 118174324 3 118735441
5083344 118215564 3 118744830
8175393 118280966 3 118746253
34598466 118329419 3 118752657
61514296 118348203 3 118756679
53917095 129314314 3 129944133
2953942 129970541 3 130748331
4726390 130089723 3 130754687
4434975 130210526 3 130823590
52854133 141363257 3 142635419
47926293 141416379 3 142643268
51758008 141789512 3 142658754
7433632 142935844 3 143885851
9593952 143047147 3 143889844
2168287 143116558 3 143891872
2168288 143116558 3 143902872
44203935 143191144 3 143917100
55101887 143352769 3 143937852
29364119 143423202 3 143960591
56417193 143485095 3 144014179
7603624 143491856 3 144022396
48106250 143499344 3 144027769
55898815 143505494 3 144036320
30685412 143743024 3 144564711
32791780 143891872 3 144566008
60848682 143902872 3 144582366
21970698 144164910 3 145151617
52895612 146281005 3 147269815
25885572 146467536 3 147296059
32337028 146486530 3 147298498
12477372 146540538 3 147417476
8093028 146541523 3 147419865
5313572 146546569 3 147422698
40115716 146660842 3 147429905
25738220 146816406 3 147441856
42391532 146854357 3 147460011
37512605 149200324 3 150235883
40331389 149520075 3 150242941
44703869 149564934 3 150303276
8045917 149583056 3 150721640
58269779 157921367 3 158943755
2996243 158131059 3 158951707
24681427 158160317 3 158987389
55569177 158223850 3 158998604
46071202 158520349 3 159021528
24703056 158537281 3 159029206
2731200 158555673 3 159030945
13544129 158579302 3 159033516
2238387 158791787 3 159637711
43190817 158853861 3 159723439
3411137 158943755 3 159851227
37547808 158944428 3 159918190
46215033 158998604 3 159926688
15154643 159021528 3 159928484
9242415 168894078 3 169499400
19758287 169112719 3 169991707
30298767 169174768 3 170005612
43603407 169189253 3 170010850
13832657 169206259 3 170013647
49432483 170086975 3 171437747
12700152 170497534 3 171527710
24098040 170609587 3 171649237
57319252 176605665 3 177215171
24245871 189773571 3 191265025
44867919 189983836 3 191355692
56742223 190275365 3 191358754
56742224 190275365 3 191369141
12727951 190276974 3 191372718
10190864 190283378 3 191381877
61755279 190297181 3 191385836
50812656 190302175 3 191390089
46195696 190386829 3 191493524
53229456 190481281 3 191514187
38504401 190742783 3 191532651
58809 191000662 3 191538053
26791471 191009274 3 191538237
48596535 191012960 3 191579054
11935568 191032704 3 191589524
11935569 191032704 3 191592643
1232592 191116841 3 191608756
43001905 191123127 3 191860363
23177062 194751168 3 195761084
13101696 195101994 3 195777635
40362551 195136122 3 195795396
34842073 195165066 3 195802939
15052448 195183359 3 195812212
53685638 195307288 3 195900252
1213984 195310696 3 195928225
2695358 201786957 3 202597364
44108634 203865016 2 210965246
51365505 209995531 3 211028587
54233603 213099812 3 213842824
13512739 213158544 3 213876379
27595257 213216130 3 213900398
21234882 213351580 3 213903046
19656875 213356612 3 213973078
57348633 213403732 3 213981128
46659884 213419154 3 213981752
34799436 213428798 3 213983664
15168057 213433402 3 213985004
58845155 213533641 3 213986096
57460354 213551023 3 213986409
16278780 213557834 3 214024884
16778192 213572722 3 214029178
16778193 213572722 3 214041399
26956770 213572927 3 214109338
18060235 213638515 3 214127763
55981537 213692876 3 214139628
30408127 213743572 3 214165657
18489355 213745038 3 214192015
33913904 213757465 3 214198421
45264800 213780572 3 214205255
4911633 213788915 3 214213241
60528369 213801554 3 214214138
13026881 213826149 3 214224239
13026882 213826149 3 214228218
17267243 213827134 3 214228218
30958873 213839032 3 214235491
12523696 213842824 3 214249031
36461081 213872215 3 214468295
3833360 213886178 3 214470528
3833361 213886178 3 214479609
13936409 213903046 3 214479609
2739353 213948742 3 214751021
22217137 214024884 3 214842111
29768581 214054239 3 214882200
13987345 214056615 3 214926303
42474687 220001663 3 220984518
14944879 220197340 3 220990296
33966564 220274017 3 221000025
19264623 220295473 3 221004392
4535300 220400397 3 221016559
4766751 220408836 3 221016559
60645737 220436441 3 221020431
25241471 220548476 3 221020431
4148311 220551649 3 221035519
22735548 220557912 3 221150588
5628508 220613880 3 221154594
26392983 220631515 3 221167437
51542633 220689886 3 221173060
3267791 220695682 3 221175707
19331132 220707997 3 221180888
11141800 220751310 3 221183116
21700552 220759804 3 221192001
24886224 220778750 3 221201324
47462742 220790145 3 221207136
42680573 220808357 3 221225134
48274599 220810812 3 221233122
8849532 220818356 3 221242753
8849533 220818356 3 221244165
12940455 220820129 3 221265098
26563516 220830012 3 221277136
32612298 220837910 3 221282602
29029943 220847851 3 221285455
51468554 220864186 3 221296497
55616668 220866719 3 221375597
55616669 220866719 3 221377187
28324420 220890271 3 221410469
29259351 220906792 3 221430474
12736937 220913542 3 221447441
12736938 220913542 3 221489348
6960540 220938343 3 221536795
3050313 220962014 3 221581824
14725719 220970783 3 221685662
18221917 220978040 3 221698176
17728392 220990664 3 221712806
8211287 221004392 3 221731607
29547624 221009085 3 221867100
61533002 220990296 3 221885446
56874602 221000025 3 221913799
648611 223210538 2 229502988
18872370 228927424 3 229517928
32277343 228982033 3 229527332
11832732 229003658 3 229573780
13525842 229031677 3 229587962
20478161 229036512 3 229600022
4324562 229045653 3 229609256
34261330 229145971 3 229637582
