1369 6822721
1455 7195995
1492 7403820
1495 7422627
2726 13682619
2731 13711474
3769 19172889
3771 19175229
3773 19182264
3777 19198183
3780 19211091
3786 19227470
3788 19228004
3789 19232260
3804 19323380
3806 19325205
3808 19341959
3814 19362570
3831 19456592
3898 19765339
3902 19783528
4012 20316141
4018 20342882
4025 20380119
4075 20648561
4078 20661337
4101 20767856
4103 20776583
4136 20942687
4150 20984608
4157 21002898
4170 21060846
5692 28760487
6259 31673056
6263 31688028
6397 32376826
6398 32382176
6535 33043952
6541 33078319
6543 33088303
6549 33102848
6555 33131244
6557 33143108
6563 33163263
6564 33164779
6567 33175214
6685 33752940
6729 33994737
6731 34007956
6733 34016286
6740 34048629
6742 34059580
6743 34060426
6745 34070091
6747 34092255
6749 34097208
6751 34102300
6752 34108884
7082 35813090
7085 35819592
9112 46004315
9117 46012516
9132 46068669
10244 51570042
10250 51607264
10258 51628975
10261 51646942
10264 51650427
10419 52380656
10423 52385767
10483 52662204
10488 52671878
11138 55838419
11152 55927214
11167 55975790
11171 55982697
11172 55988152
11181 56037999
11183 56042943
12111 60646784
12114 60651479
12119 60675890
12120 60682023
12142 60810036
12190 61013955
12202 61069971
12217 61137982
12226 61202581
12228 61216648
12231 61228865
12232 61230046
12236 61246927
12238 61254176
12253 61332120
12264 61380231
12415 62111647
12416 62114192
12419 62123680
12423 62128748
15458 77623319
15467 77671564
15484 77743851
15488 77755347
15490 77761256
15492 77769632
15495 77778213
15497 77785147
15500 77798963
15502 77810136
15504 77817597
15507 77832927
15511 77855873
15549 78021139
15589 78224823
15633 78424460
15698 78757418
15701 78766115
15702 78771850
15704 78780309
15705 78796427
15709 78798519
15710 78801307
15716 78823383
15718 78842010
15720 78853688
15727 78887445
15755 79012637
15757 79019927
15758 79023720
15763 79052261
15770 79075320
15871 79616810
15872 79618419
15877 79643689
15880 79662573
15884 79682140
15889 79711083
18483 92637348
18485 92642248
18709 93761148
18724 93849263
18737 93907816
22619 113512690
22955 115039447
22959 115050508
22961 115054794
22966 115070719
22982 115147203
23013 115310390
23020 115351484
23023 115361385
23024 115364733
23032 115397711
23033 115398803
23035 115413198
23038 115427619
23044 115444329
23046 115454865
23050 115460539
23053 115467204
23058 115486269
23064 115505078
23098 115656017
23103 115691107
23104 115700708
23115 115775322
23117 115794372
23119 115795538
23125 115810365
23127 115836161
23137 115888039
23141 115891625
23142 115894482
23145 115905050
23264 116447333
23333 116804902
23335 116812735
23338 116816454
23344 116853874
23346 116861353
23350 116871593
23363 116949922
23365 116966321
23371 117009213
23377 117026273
23378 117029403
23401 117126085
23403 117127151
23406 117134330
23418 117191923
23431 117252187
23444 117299311
23651 118383979
23678 118484077
23686 118517663
23691 118536159
23692 118544311
23716 118636750
23718 118643746
23727 118680199
23729 118685735
23734 118704814
23736 118718073
23738 118733495
23739 118735441
23744 118752657
25945 129944133
26113 130748331
26115 130754687
26129 130823590
28480 142635419
28483 142643268
28485 142658754
28733 143885851
28736 143889844
28737 143891872
28739 143902872
28743 143917100
28745 143937852
28748 143960591
28758 144014179
28760 144027769
28761 144036320
28874 144564711
28875 144566008
28879 144582366
28988 145151617
29414 147269815
29419 147296059
29422 147298498
29447 147417476
29449 147419865
29451 147429905
29456 147441856
29460 147460011
30004 150235883
30008 150242941
30020 150303276
30097 150721640
31743 158943755
31746 158951707
31750 158987389
31753 158998604
31757 159021528
31761 159029206
31763 159030945
31898 159637711
31912 159723439
31939 159851227
31951 159918190
31953 159926688
33843 169499400
33938 169991707
33940 170005612
33943 170013647
34269 171437747
34293 171527710
34312 171649237
35415 177215171
38251 191265025
38281 191355692
38283 191358754
38286 191372718
38289 191385836
38315 191493524
38320 191514187
38323 191532651
38325 191538053
38331 191579054
38335 191589524
38339 191608756
38379 191860363
39195 195761084
39197 195777635
39201 195795396
39204 195802939
39205 195812212
39226 195900252
39235 195928225
40572 202597364
42206 211028587
42774 213842824
42787 213876379
42790 213900398
42791 213903046
42804 213973078
42805 213981128
42807 213981752
42809 213985004
42811 213986096
42819 214024884
42821 214029178
42826 214041399
42838 214109338
42841 214127763
42842 214139628
42853 214192015
42855 214198421
42857 214205255
42859 214214138
42862 214224239
42865 214235491
42866 214249031
42906 214468295
42908 214470528
42964 214751021
42985 214842111
42997 214882200
43002 214926303
44206 220984518
44211 220990296
44213 221000025
44214 221004392
44244 221150588
44246 221154594
44250 221167437
44253 221173060
44255 221175707
44259 221183116
44262 221201324
44263 221207136
44269 221233122
44272 221242753
44279 221265098
44282 221282602
44296 221375597
44297 221377187
44305 221410469
44313 221430474
44318 221447441
44324 221489348
44335 221536795
44347 221581824
44371 221685662
44376 221698176
44384 221731607
44403 221867100
44407 221885446
44411 221913799
45914 229517928
45918 229527332
45930 229573780
45934 229587962
45936 229600022
45939 229609256
45948 229637582
