1 0 1790
3 0 3170
7 0 3458
8 0 4082
9 0 5018
10 0 5864
11 0 6176
12 0 7966
13 0 8278
15 0 9986
17 0 10766
19 0 11784
21 0 13114
23 0 14001
27 0 17527
28 0 18084
29 0 19947
31 0 20202
32 0 20358
34 0 22164
35 0 23289
36 0 24266
37 0 26171
38 0 28552
39 0 31253
40 0 34931
41 0 36023
43 0 37057
45 0 38346
47 0 38627
49 0 39908
51 0 40688
55 0 40942
57 0 42117
60 0 43258
61 0 43677
63 0 44925
65 0 45197
67 0 45361
69 0 45764
71 0 46150
73 0 47144
74 0 47612
75 0 51085
77 0 51387
79 0 56760
81 0 58164
83 0 60036
85 0 60504
87 0 61573
89 0 62049
91 0 62205
93 1 63609
95 0 64857
97 1 65481
99 0 66573
105 1 67838
107 0 68462
117 1 69143
119 0 70819
121 1 71451
123 1 73297
125 0 75827
127 1 76615
131 1 79628
133 1 80408
135 0 82363
137 1 82527
139 0 82995
141 2 83775
143 0 84515
145 1 84671
147 0 87167
149 1 88571
151 0 89155
153 1 89311
155 0 89467
158 1 91694
159 0 91850
160 1 92318
161 0 93254
162 1 94190
163 0 95906
164 1 96998
165 0 97832
167 1 99044
169 1 101072
171 0 101540
173 1 102320
175 0 102944
177 2 105752
179 1 110900
181 0 111866
183 1 114058
185 0 114526
187 2 120041
189 0 120665
191 1 121133
193 1 122225
195 1 123317
197 0 124286
199 2 126002
201 1 127718
203 0 128038
205 1 128194
207 0 129130
208 1 130534
209 0 132924
211 1 133955
213 0 134487
215 2 139011
217 0 139479
219 0 141195
221 1 141507
222 0 142287
223 1 144380
225 0 145291
227 2 146227
229 0 146383
231 2 150439
233 0 152623
235 1 152960
237 0 154208
239 1 155924
241 0 156236
243 1 158420
245 0 159092
247 2 160964
249 0 162262
251 1 166630
252 0 168822
253 1 168978
254 0 170694
255 1 170850
257 1 171931
259 0 172420
261 1 173824
263 0 174604
265 1 175228
267 0 177568
269 1 177880
271 0 178972
273 1 180017
275 0 180485
277 1 182532
279 1 185028
281 0 187368
283 1 188304
285 1 189109
287 1 193945
289 0 194101
291 1 194413
293 1 198001
295 1 199249
297 0 200185
299 1 202213
301 0 203461
303 1 204397
305 1 207673
307 0 208181
309 1 209741
311 0 210521
313 2 211925
315 0 212705
317 1 213017
319 0 213173
321 1 213485
323 1 216449
325 0 218415
327 2 221915
329 1 223319
331 0 226127
333 3 233615
335 1 235955
337 0 236891
339 1 237203
341 0 239231
343 1 239699
345 0 241417
347 1 241729
349 1 244552
351 0 245020
353 1 246124
355 0 248152
357 2 251584
359 0 253007
361 2 255355
363 1 259879
365 0 261127
367 1 262063
369 0 262219
371 1 262843
373 1 266743
375 0 266899
377 1 269083
379 0 269239
381 1 270643
383 0 270799
385 2 277507
387 1 282343
389 0 282655
391 2 284379
393 0 285315
395 1 285471
397 0 287039
399 2 291563
401 0 292343
403 1 293279
405 0 293591
407 1 296111
409 0 296891
411 1 297515
413 0 298139
415 1 301415
417 0 301579
425 1 303177
427 0 303333
429 1 303957
431 0 305049
433 1 306457
435 0 308329
437 1 310045
439 0 310825
441 1 313633
443 0 314101
445 1 315825
447 0 316605
449 1 318009
451 0 318165
453 1 318321
455 2 325185
457 0 326901
459 1 327221
461 0 328001
463 2 331745
465 0 331901
467 1 332369
469 0 332993
471 1 333773
473 1 335021
475 0 336425
477 2 341885
479 0 342829
481 1 342985
483 1 349786
485 0 352126
487 1 352632
489 0 353412
491 1 354816
493 0 356220
495 0 358895
497 1 359995
499 1 361087
501 0 361867
503 1 362803
505 1 363895
507 0 364051
509 1 366516
511 0 366672
513 1 369168
515 0 370260
517 1 371664
519 0 371976
521 2 372912
523 0 374940
525 1 375720
527 0 377592
529 1 379152
531 0 379308
533 1 379620
535 0 380088
537 1 380400
539 1 381180
541 0 381492
543 1 382740
545 0 383208
547 2 384456
549 0 385860
551 1 386952
553 0 387732
555 1 387896
557 1 388676
559 1 391016
561 0 391484
563 1 391952
565 0 392732
567 1 393980
569 0 395540
571 1 395696
573 0 396952
575 1 397445
577 1 401189
579 0 401345
581 1 405245
583 0 406337
585 1 406657
587 0 406813
609 1 408734
611 0 411150
613 1 411681
615 1 414021
617 1 415614
619 0 417663
621 1 418131
623 0 418599
625 1 420471
627 0 420783
629 1 421095
631 1 423747
633 0 424059
635 2 427679
637 1 432983
639 0 433139
641 1 434256
643 0 434568
645 1 435356
647 0 438008
649 1 439256
651 1 440660
653 1 442384
655 1 445036
657 1 447688
659 0 450660
661 1 450972
663 0 452376
665 2 454092
667 0 454248
669 1 454560
671 1 457368
673 2 464544
675 1 473592
677 0 474996
679 2 481417
681 0 481573
683 2 482977
685 0 485629
687 1 487533
689 0 487689
691 1 488338
693 1 489438
695 1 490374
697 0 493182
699 2 494586
701 1 497082
703 0 497550
705 1 497739
707 0 498675
709 1 499307
711 0 501647
713 1 502271
715 1 504767
717 0 507639
719 2 509591
721 1 511307
723 0 512149
725 1 513001
727 1 513469
729 1 515505
731 0 516597
733 1 517229
735 1 520661
737 1 524561
739 0 525809
741 2 527525
743 0 529430
745 1 529586
747 0 529742
749 1 529898
751 1 533174
753 1 534422
755 0 535054
757 1 535530
759 0 536622
761 1 536794
763 0 537451
765 2 538009
767 0 538165
769 1 539257
771 0 539626
773 1 542590
775 0 543945
777 1 544174
779 0 545027
781 1 546152
783 0 548804
785 1 549896
787 0 551456
789 1 551768
791 0 551956
793 2 553438
795 1 556978
797 0 561669
799 1 564617
801 0 568825
803 1 569761
805 1 571599
807 0 572755
809 1 576639
811 0 578185
813 1 582071
815 0 588640
817 2 610189
819 1 619598
821 1 644809
823 0 646742
825 1 651763
827 0 657456
829 1 673418
831 0 688830
833 1 693609
835 1 701899
837 1 703376
839 0 720952
841 1 726805
843 0 733764
845 1 738894
847 0 746423
849 1 746735
851 0 750526
853 1 755707
855 1 762354
857 0 767710
859 2 772554
861 0 778206
863 1 784235
865 1 790962
867 1 794155
869 0 798285
871 2 801380
873 0 811975
875 1 815760
877 0 830016
879 1 835783
881 0 839169
883 1 845284
885 0 854624
887 1 860042
889 0 872612
891 1 881531
893 0 886407
895 1 888393
897 0 893301
899 1 897125
901 1 899621
903 0 906739
905 0 910388
907 1 911430
909 0 912035
911 2 919499
913 0 920591
915 2 923381
917 0 924833
919 1 925153
921 0 929764
923 2 932954
925 0 936551
927 1 938980
929 0 939776
931 1 946072
933 0 948348
935 1 957297
937 0 958290
939 2 959176
941 0 963742
943 1 966177
945 0 967644
947 2 969912
949 0 971354
951 1 976452
953 1 981901
955 1 982655
957 0 987959
959 3 995375
961 1 999445
963 0 1001983
965 2 1007969
967 1 1010744
969 0 1013839
971 1 1015803
973 1 1021755
975 1 1024367
977 0 1026069
979 1 1030143
981 0 1034442
983 2 1038654
985 0 1040635
987 2 1043232
989 0 1043741
991 1 1045604
993 1 1052953
995 0 1055476
997 2 1059040
999 0 1059622
1001 2 1060788
1003 0 1062865
1005 2 1069343
1007 0 1071230
1009 1 1071468
1011 0 1071813
1013 1 1078559
1015 0 1081111
1017 1 1082203
1019 0 1082879
1021 1 1086815
1023 0 1090904
1025 2 1092185
1027 1 1095986
1029 0 1096609
1031 1 1096814
1033 1 1102299
1035 0 1106707
1037 1 1108325
1039 0 1117763
1041 1 1119011
1043 0 1119248
1045 1 1121196
1047 0 1126055
1049 2 1130506
1051 1 1133862
1053 0 1153845
1055 2 1161852
1057 0 1167701
1059 2 1170974
1061 0 1176129
1063 1 1179208
1065 0 1184978
1067 1 1189560
1069 0 1196963
1071 1 1202142
1073 0 1207035
1075 1 1209818
1077 0 1214170
1079 1 1217598
1081 0 1226480
1083 1 1232580
1085 0 1243827
1087 1 1244919
1089 0 1248101
1091 1 1251040
1093 0 1253846
1095 1 1260701
1097 0 1264646
1099 1 1266625
1101 0 1277456
1103 2 1281775
1105 0 1305853
1107 1 1307822
1109 0 1317699
1111 1 1320538
1113 1 1325405
1115 0 1326691
1117 1 1327303
1119 0 1333528
1121 1 1333725
1123 0 1335655
1125 1 1344009
1127 0 1350263
1129 2 1355421
1131 1 1361235
1133 0 1365072
1135 1 1366164
1137 0 1368875
1139 1 1371719
1141 0 1372670
1143 2 1379501
1145 1 1383680
1147 1 1386430
1149 0 1394458
1151 1 1395812
1153 0 1396797
1155 1 1403412
1157 0 1408414
1159 2 1416226
1161 0 1434630
1163 2 1439270
1165 0 1455822
1167 2 1467270
1169 1 1472771
1171 1 1477228
1173 0 1477733
1175 1 1480237
1177 0 1491250
1179 2 1494913
1181 0 1500062
1183 1 1507102
1185 0 1508568
1187 1 1514886
1189 0 1523567
1191 2 1524404
1193 2 1532654
1195 0 1543579
1197 2 1551886
1199 1 1555469
1201 0 1564248
1203 2 1573467
1205 0 1581922
1207 1 1582546
1209 0 1586485
1211 1 1591823
1213 0 1603851
1215 1 1616798
1217 1 1620069
1219 0 1623320
1221 1 1632241
1223 0 1633333
1225 1 1641166
1227 0 1647002
1229 0 1660190
1231 1 1660814
1233 0 1661052
1235 1 1664120
1237 0 1665734
1239 2 1671021
1241 0 1678424
1243 1 1679828
1245 0 1680452
1247 2 1684770
1249 1 1692448
1251 0 1692637
1253 1 1693752
1255 0 1702376
1257 1 1703099
1259 0 1703401
1261 1 1706773
1263 0 1707931
1265 1 1708087
1267 0 1711536
1269 2 1713367
1271 0 1715113
1273 1 1715572
1275 0 1718117
1277 1 1720283
1279 0 1721745
1281 1 1727832
1283 0 1731436
1285 1 1735486
1287 0 1738000
1289 2 1743772
1291 1 1749380
1293 0 1750446
1295 1 1753068
1297 0 1756806
1299 1 1761755
1301 0 1766469
1303 1 1772205
1305 0 1779593
1307 1 1780775
1309 0 1784521
1311 1 1790707
1313 0 1796030
1315 2 1799503
1317 0 1800750
1319 1 1803526
1321 1 1807283
1323 0 1810676
1325 1 1816580
1327 0 1819700
1329 1 1820611
1331 0 1823847
1333 1 1827263
1335 0 1831009
1337 2 1834235
1339 1 1835597
1341 0 1837678
1343 1 1843966
1345 0 1844814
1347 1 1851070
1349 0 1854798
1351 2 1856924
1353 0 1860176
1355 2 1863654
1357 0 1865166
1359 1 1870989
1361 0 1872055
1363 2 1874140
1365 0 1875198
1367 1 1881134
1369 0 1884608
1371 1 1892017
1373 0 1893059
1375 1 1893683
1377 0 1896803
1379 1 1897442
1381 0 1901654
1383 1 1905909
1385 0 1907088
1387 1 1911308
1389 0 1914520
1391 1 1917031
1393 0 1917449
1395 1 1923535
1397 0 1930581
1399 1 1933395
1401 0 1937774
1403 2 1942501
1405 0 1951782
1407 2 1953342
1409 0 1953498
1411 2 1956363
1413 0 1958717
1415 1 1961525
1417 1 1963241
1419 1 1965867
1421 0 1967673
1423 1 1969018
1425 1 1975446
1427 1 1978339
1429 0 1981467
1431 1 1984277
1433 0 1990304
1435 2 1991829
1437 0 1992379
1439 1 1994958
1441 1 1996585
1443 0 1997884
1445 2 2000936
1447 0 2003386
1449 1 2015273
1451 0 2015470
1453 1 2015815
1455 0 2016127
1457 1 2017687
1459 0 2021314
1461 1 2024397
1463 0 2027281
1465 1 2029030
1467 1 2031526
1469 0 2033086
1471 2 2034488
1473 0 2040867
1475 1 2042271
1477 0 2043447
1479 1 2043878
1481 0 2044510
1483 2 2050964
1485 0 2051912
1487 2 2055185
1489 0 2058405
1491 1 2061550
1493 0 2063127
1495 1 2064839
1497 1 2073559
1499 0 2075356
1501 1 2075512
1503 0 2077433
1505 1 2080899
1507 1 2086515
1509 0 2087376
1511 1 2096043
1513 0 2096544
1515 2 2097948
1517 0 2098694
1519 1 2099455
1521 0 2105859
1523 1 2109308
1525 0 2112068
1527 1 2116042
1529 0 2118768
1531 1 2122060
1533 1 2126364
1535 0 2129230
1537 1 2135898
1539 0 2137066
1541 1 2143247
1543 0 2145219
1545 2 2150021
1547 0 2152207
1549 1 2158807
1551 0 2162629
1553 2 2169284
1555 0 2170457
1557 1 2172017
1559 0 2173002
1561 1 2173255
1563 0 2176237
1565 1 2179332
1567 0 2200771
1569 1 2203530
1571 0 2216235
1573 1 2216547
1575 1 2218637
1577 1 2221858
1579 1 2251558
1581 0 2253593
1583 1 2254882
1585 0 2256466
1587 1 2259248
1589 0 2260882
1591 1 2266859
1593 1 2271882
1595 0 2283702
1597 1 2288945
1599 1 2298212
1601 0 2303994
1603 1 2310710
1605 1 2320314
1607 0 2320715
1609 1 2323591
1611 1 2332296
1613 0 2339486
1615 1 2342607
1617 0 2343740
1619 1 2347385
1621 1 2352548
1623 0 2357571
1625 1 2367295
1627 0 2376305
1629 1 2377397
1631 0 2377553
1633 1 2379876
1635 0 2388445
1637 1 2390005
1639 0 2390506
1641 1 2391015
1643 1 2395762
1645 0 2396074
1647 1 2397873
1649 0 2404291
1651 1 2407066
1653 1 2422191
1655 0 2427679
1657 2 2430121
1659 0 2433699
1661 2 2440339
1663 0 2442751
1665 1 2448344
1667 0 2467042
1669 2 2471410
1671 0 2471671
1673 1 2480560
1675 0 2491346
1677 1 2500452
1679 0 2510534
1681 1 2514386
1683 1 2534848
1685 1 2542476
1687 0 2545323
1689 1 2549663
1691 0 2553719
1693 1 2555212
1695 0 2556025
1697 1 2559075
1699 0 2560068
1701 1 2568627
1703 0 2582410
1705 1 2582878
1707 0 2583156
1709 1 2585889
1711 0 2586710
1713 2 2589730
1715 0 2596702
1717 1 2598309
1719 1 2601809
1721 0 2608899
1723 2 2611863
1725 0 2612897
1727 1 2619837
1729 0 2625469
1731 1 2636769
1733 0 2649429
1735 2 2650833
1737 0 2653936
1739 1 2661766
1741 0 2661971
1743 1 2662800
1745 0 2665562
1747 1 2668564
1749 0 2670953
1751 1 2682785
1753 1 2695380
1755 1 2705470
1757 0 2707939
1759 2 2709293
1761 0 2713364
1763 1 2716715
1765 0 2722860
1767 1 2727391
1769 0 2728048
1771 1 2731182
1773 1 2735018
1775 0 2747796
1777 1 2751471
1779 0 2754747
1781 1 2762650
1783 0 2762806
1785 1 2765603
1787 0 2767715
1789 1 2773152
1791 0 2776200
1793 1 2784210
1795 0 2787952
1797 1 2789119
1799 0 2810548
1801 1 2810704
1803 0 2817392
1805 2 2823349
1807 0 2824909
1809 3 2840073
1811 1 2842493
1813 0 2842961
1815 2 2850575
1817 1 2852027
1819 0 2856573
1821 1 2859192
1823 1 2863138
1825 0 2870404
1827 2 2878882
1829 0 2880074
1831 1 2881977
1833 0 2883102
1835 1 2885877
1837 0 2891952
1839 1 2897843
1841 0 2904560
1843 1 2907608
1845 0 2908893
1847 0 2915241
1849 1 2917924
1851 0 2921032
1853 1 2923249
1855 1 2926681
1857 0 2930507
1859 2 2932033
1861 0 2932476
1863 2 2936901
1865 0 2939881
1867 2 2943255
1869 0 2943879
1871 1 2944191
1873 0 2945562
1875 1 2946383
1877 0 2947557
1879 2 2949951
1881 1 2960535
1883 0 2961641
1885 1 2964084
1887 0 2969192
1889 2 2977521
1891 0 2977677
1893 1 2978654
1895 0 2982176
1897 2 2989007
1899 0 2990229
1901 1 2993052
1903 0 2994450
1905 1 2999876
1907 1 3006600
1909 0 3008628
1911 1 3009014
1913 0 3011644
1915 1 3017360
1917 0 3017614
1919 1 3020234
1921 1 3028690
1923 1 3029756
1925 0 3037143
1927 2 3040448
1929 0 3043208
1931 1 3044702
1933 1 3049636
1935 0 3050738
1937 1 3055918
1939 0 3059974
1941 2 3066817
1943 0 3068620
1945 1 3069244
1947 1 3074990
1949 0 3076590
1951 1 3077160
1953 0 3079748
1955 1 3080470
1957 0 3084750
1959 1 3086041
1961 0 3086443
1963 1 3089194
1965 1 3093887
1967 0 3096031
1969 2 3099408
1971 0 3100203
1973 2 3106679
1975 1 3110738
1977 0 3112995
1979 2 3115138
1981 1 3119119
1983 1 3122090
1985 0 3122533
1987 1 3122689
1989 0 3127653
1991 1 3132751
1993 0 3135469
1995 2 3138932
1997 0 3139244
1999 1 3143884
2001 0 3144073
2003 1 3148530
2005 1 3151494
2007 0 3165503
2009 1 3171776
2011 0 3178144
2013 2 3181216
2015 0 3185502
2017 2 3193673
2019 0 3208688
2021 1 3212943
2023 0 3214040
2025 1 3215193
2027 0 3220438
2029 1 3223697
2031 0 3229546
2033 1 3229735
2035 1 3233396
2037 0 3235037
2039 1 3238890
2041 0 3243271
2043 1 3245231
2045 0 3249614
2047 1 3254337
2049 0 3255662
2051 1 3255875
2053 0 3258533
2055 2 3266085
2057 0 3267603
2059 1 3271768
2061 0 3272704
2063 2 3273952
2065 0 3275613
2067 1 3276945
2069 1 3279985
2071 0 3282407
2073 1 3284073
2075 1 3284803
2077 0 3287613
2079 2 3297365
2081 0 3299393
2083 2 3305682
2085 1 3313048
2087 0 3314888
2089 1 3318968
2091 0 3323154
2093 1 3327249
2095 0 3330700
2097 1 3331045
2099 0 3332309
2101 1 3337401
2103 0 3338649
2105 1 3340880
2107 0 3341134
2109 2 3347931
2111 0 3348456
2113 2 3352159
2115 0 3354729
2117 2 3356691
2119 0 3359903
2121 2 3364287
2123 0 3369116
2125 2 3371425
2127 0 3374525
2129 1 3377497
2131 0 3382127
2133 1 3384075
2135 0 3386547
2137 1 3391779
2139 0 3395127
2141 1 3397805
2143 0 3400145
2145 1 3401829
2147 1 3406216
2149 0 3432055
2151 1 3433303
2153 0 3442870
2155 1 3447529
2157 0 3458237
2159 0 3476190
2161 1 3476535
2163 0 3480123
2165 1 3483340
2167 0 3484895
2169 1 3485899
2171 0 3487342
2173 1 3495650
2175 1 3496586
2177 0 3498499
2179 1 3500281
2181 0 3504683
2183 1 3508041
2185 0 3509871
2187 1 3514593
2189 1 3517926
2191 0 3518212
2193 1 3527617
2195 1 3530737
2197 0 3531830
2199 1 3532157
2201 0 3540489
2203 1 3544657
2205 0 3547745
2207 1 3550553
2209 1 3553205
2211 0 3557281
2213 1 3561436
2215 0 3561592
2217 1 3574496
2219 0 3576656
2221 1 3578012
2223 0 3579178
2225 1 3585303
2227 0 3586816
2229 1 3595386
2231 0 3598918
2233 1 3607438
2235 0 3614577
2237 2 3620925
2239 0 3621484
2241 1 3623824
2243 0 3624448
2245 1 3625187
2247 1 3627683
2249 1 3630705
2251 0 3636671
2253 1 3645300
2255 0 3646080
2257 1 3647861
2259 0 3648173
2261 1 3648797
2263 0 3650076
2265 1 3651347
2267 0 3653778
2269 1 3654780
2271 1 3656389
2273 0 3659998
2275 1 3661946
2277 0 3666991
2279 2 3668124
2281 0 3670999
2283 1 3675735
2285 0 3678201
2287 1 3684029
2289 0 3689202
2291 2 3695085
2293 0 3695241
2295 1 3695675
2297 0 3696345
2299 1 3700467
2301 0 3700746
2303 1 3700910
2305 0 3703013
2307 1 3705617
2309 0 3712087
2311 1 3714411
2313 0 3718591
2315 2 3721185
2317 0 3723218
2319 2 3724757
2321 0 3728700
2323 2 3732702
2325 1 3735150
2327 0 3736631
2329 1 3739562
2331 0 3746054
2333 2 3751318
2335 0 3752090
2337 1 3753026
2339 1 3758387
2341 0 3758846
2343 1 3759191
2345 0 3763708
2347 1 3767767
2349 1 3770640
2351 1 3774740
2353 0 3799578
2355 1 3800111
2357 0 3805523
2359 2 3809129
2361 1 3816963
2363 0 3841257
2365 1 3844145
2367 1 3846805
2369 0 3854035
2371 1 3864587
2373 0 3865421
2375 1 3865733
2377 1 3868633
2379 0 3870150
2381 1 3884818
2383 0 3897980
2385 1 3899550
2387 0 3900072
2389 1 3901559
2391 1 3914222
2393 0 3915215
2395 1 3921151
2397 1 3929514
2399 0 3931052
2401 1 3931996
2403 0 3934367
2405 1 3946172
2407 0 3947663
2409 1 3957121
2411 0 3958088
2413 2 3960746
2415 0 3965888
2417 1 3970792
2419 1 3986484
2421 1 3997664
2423 0 4009021
2425 1 4012785
2427 0 4015800
2429 0 4027388
2431 2 4030585
2433 0 4042495
2435 1 4043029
2437 0 4043423
2439 1 4044063
2441 0 4045933
2443 1 4046557
2445 0 4047293
2447 1 4051793
2449 0 4052671
2451 1 4058097
2453 0 4062669
2455 1 4073374
2457 0 4074187
2459 1 4075197
2461 1 4075821
2463 0 4076757
2465 1 4079565
2467 1 4081986
2469 0 4082454
2471 1 4085819
2473 1 4088978
2475 0 4090315
2477 2 4094340
2479 0 4095029
2481 1 4095876
2483 0 4098046
2485 1 4101782
2487 0 4103114
2489 1 4107009
2491 1 4108101
2493 1 4112157
2495 0 4112771
2497 1 4121598
2499 0 4123882
2501 1 4125072
2503 0 4131716
2505 2 4146853
2507 0 4152902
2509 2 4155801
2511 1 4167711
2513 0 4177055
2515 1 4193435
2517 1 4198008
2519 1 4205502
2521 0 4206659
2523 1 4210168
2525 0 4214899
2527 1 4222568
2529 0 4228045
2531 1 4230527
2533 0 4237158
2535 1 4238917
2537 0 4248957
2539 1 4254581
2541 0 4264004
2543 2 4276163
2545 0 4277587
2547 2 4281799
2549 0 4283834
2551 1 4284674
2553 1 4289510
2555 0 4291405
2557 2 4297242
2559 1 4299160
2561 1 4304817
2563 0 4308411
2565 1 4317737
2567 1 4318673
2569 1 4319475
2571 1 4322761
2573 1 4323746
2575 1 4325963
2577 0 4327063
2579 1 4329654
2581 0 4333382
2583 1 4343552
2585 0 4344800
2587 1 4344989
2589 0 4345810
2591 1 4347078
2593 0 4349702
2595 1 4352814
2597 0 4355918
2599 1 4360592
2601 0 4365140
2603 1 4369831
2605 0 4369995
2607 1 4370560
2609 0 4376700
2611 1 4387018
2613 0 4390730
2615 1 4395608
2617 0 4403617
2619 1 4404373
2621 0 4405153
2623 1 4407630
2625 0 4412374
2627 1 4412808
2629 0 4417400
2631 2 4420144
2633 0 4421638
2635 1 4424803
2637 0 4428116
2639 1 4430772
2641 0 4432208
2643 1 4433734
2645 0 4438543
2647 1 4444175
2649 0 4445710
2651 1 4448741
2653 1 4451459
2655 0 4452633
2657 2 4454431
2659 0 4457653
2661 1 4463222
2663 0 4472415
2665 1 4475298
2667 0 4476611
2669 2 4483735
2671 0 4484981
2673 1 4485917
2675 0 4486073
2677 2 4490209
2679 0 4492113
2681 1 4492269
2683 0 4497600
2685 1 4500052
2687 1 4504889
2689 0 4507681
2691 2 4514153
2693 0 4515785
2695 1 4516286
2697 0 4520186
2699 1 4523536
2701 0 4524472
2703 1 4524628
2705 1 4525326
2707 0 4530469
2709 1 4533073
2711 1 4537307
2713 0 4537964
2715 1 4542335
2717 0 4545714
2719 1 4548793
2721 1 4554724
2723 1 4559991
2725 0 4587058
2727 1 4591377
2729 0 4600431
2731 1 4606685
2733 1 4618262
2735 0 4622955
2737 1 4623932
2739 0 4627843
2741 2 4631735
2743 0 4634305
2745 1 4636047
2747 1 4639053
2749 0 4641737
2751 2 4650130
2753 0 4651106
2755 1 4651418
2757 1 4656886
2759 0 4657354
2761 1 4662658
2763 0 4663052
2765 1 4664817
2767 0 4665414
2769 1 4673280
2771 1 4674782
2773 0 4676903
2775 1 4680866
2777 0 4685017
2779 1 4688361
2781 0 4694589
2783 1 4704575
2785 0 4722392
2787 1 4725613
2789 0 4729551
2791 1 4747622
2793 0 4752361
2795 2 4760555
2797 0 4768770
2799 1 4770072
2801 0 4770696
2803 1 4772667
2805 0 4782003
2807 1 4782783
2809 0 4793264
2811 1 4796501
2813 1 4802500
2815 1 4812854
2817 0 4815170
2819 1 4817354
2821 1 4822478
2823 1 4835427
2825 0 4835704
2827 1 4837111
2829 0 4841401
2831 1 4847148
2833 0 4849698
2835 1 4850010
2837 0 4857655
2839 1 4858123
2841 1 4863279
2843 0 4864215
2845 1 4869547
2847 0 4884473
2849 1 4885451
2851 1 4889039
2853 0 4890908
2855 2 4901599
2857 1 4915625
2859 0 4920342
2861 1 4921155
2863 0 4924045
2865 1 4929292
2867 0 4929809
2869 1 4932850
2871 0 4933604
2873 1 4937393
2875 0 4938317
2877 1 4941398
2879 0 4949272
2881 1 4949547
2883 0 4951652
2885 1 4954710
2887 1 4958415
2889 1 4961985
2891 0 4972101
2893 1 4975845
2895 0 4977717
2897 1 4978103
2899 0 4979039
2901 1 4979318
2903 1 4985130
2905 0 4986304
2907 1 4987240
2909 0 4988644
2911 1 4988857
2913 0 4990959
2915 2 4992469
2917 0 4992690
2919 1 4993822
2921 1 4999275
2923 0 5000769
2925 1 5008104
2927 0 5008728
2929 1 5010066
2931 0 5015934
2933 1 5020148
2935 2 5028723
2937 1 5030775
2939 0 5032023
2941 1 5044232
2943 1 5047562
2945 0 5052068
2947 1 5054392
2949 0 5055192
2951 2 5059248
2953 0 5062958
2955 2 5069074
2957 1 5076802
2959 1 5081309
2961 0 5084117
2963 1 5086616
2965 1 5088209
2967 0 5090147
2969 2 5093300
2971 0 5094452
2973 2 5095544
2975 0 5096858
2977 1 5104080
2979 1 5115149
2981 0 5115617
2983 1 5119472
2985 0 5119878
2987 1 5123244
2989 1 5130458
2991 0 5133143
2993 1 5134430
2995 0 5144603
2997 1 5145071
2999 0 5147275
3001 1 5152094
3003 0 5155427
3005 1 5175832
3007 0 5192727
3009 1 5193228
3011 1 5193573
3013 0 5193729
3015 1 5199206
3017 0 5213694
3019 1 5214942
3021 0 5215972
3023 2 5220743
3025 0 5229511
3027 1 5230135
3029 0 5231601
3031 1 5232100
3033 0 5233272
3035 2 5241184
3037 0 5258978
3039 1 5262248
3041 0 5267332
3043 1 5277733
3045 1 5287794
3047 0 5288172
3049 2 5290966
3051 0 5291968
3053 1 5292313
3055 0 5295799
3057 1 5297524
3059 0 5298460
3061 1 5299084
3063 0 5299618
3065 1 5301587
3067 0 5314206
3069 1 5315487
3071 0 5315643
3073 1 5316801
3075 0 5317893
3077 1 5320843
3079 1 5329273
3081 0 5333977
3083 1 5335759
3085 0 5337361
3087 2 5343233
3089 0 5348748
3091 1 5348904
3093 0 5349282
3095 1 5353259
3097 0 5356987
3099 1 5357677
3101 1 5358802
3103 1 5362241
3105 1 5366151
3107 0 5367087
3109 1 5368611
3111 0 5372290
3113 1 5380099
3115 0 5382347
3117 1 5390042
3119 0 5400035
3121 2 5404050
3123 1 5417411
3125 0 5427884
3127 2 5430818
3129 0 5437291
3131 2 5444224
3133 0 5444725
3135 1 5446228
3137 0 5461682
3139 1 5465333
3141 0 5467789
3143 1 5470784
3145 0 5472691
3147 1 5473648
3149 0 5474769
3151 2 5481049
3153 0 5481985
3155 1 5482363
3157 0 5485566
3159 1 5486847
3161 0 5488161
3163 2 5490066
3165 0 5490912
3167 1 5492999
3169 1 5497203
3171 1 5500259
3173 1 5505867
3175 1 5506245
3177 0 5507585
3179 1 5508991
3181 0 5511629
3183 1 5517326
3185 1 5520005
3187 0 5522389
3189 2 5534335
3191 0 5534680
3193 2 5541225
3195 0 5542718
3197 1 5548004
3199 1 5564356
3201 0 5572923
3203 1 5579935
3205 0 5581216
3207 1 5586112
3209 1 5588883
3211 0 5593016
3213 1 5597211
3215 0 5621924
3217 1 5622614
3219 0 5625643
3221 1 5628139
3223 0 5628328
3225 2 5630233
3227 0 5631079
3229 1 5635967
3231 0 5641473
3233 2 5643694
3235 0 5648984
3237 1 5652980
3239 2 5663120
3241 1 5666692
3243 1 5668819
3245 0 5669131
3247 2 5672941
3249 0 5676199
3251 1 5678437
3253 1 5679094
3255 0 5679406
3257 1 5684870
3259 0 5691950
3261 1 5692706
3263 1 5695738
3265 1 5700574
3267 0 5702602
3269 1 5703070
3271 0 5704450
3273 1 5704918
3275 1 5707807
3277 0 5708308
3279 1 5712567
3281 0 5717214
3283 2 5721971
3285 0 5722283
3287 1 5725971
3289 1 5734764
3291 0 5735520
3293 1 5737704
3295 2 5740281
3297 0 5749644
3299 1 5751582
3301 0 5753298
3303 2 5758758
3305 0 5761550
3307 0 5762578
3309 1 5772089
3311 1 5774216
3313 1 5777024
3315 0 5781936
3317 1 5784018
3319 0 5785734
3321 1 5785956
3323 1 5789881
3325 0 5791663
3327 2 5796541
3329 0 5805256
3331 2 5807506
3333 1 5810252
3335 0 5811287
3337 1 5818555
3339 0 5822999
3341 1 5825479
3343 0 5827909
3345 1 5831013
3347 0 5832442
3349 1 5838652
3351 0 5841026
3353 1 5841338
3355 1 5843903
3357 0 5844125
3359 2 5849817
3361 1 5856297
3363 0 5856987
3365 2 5862865
3367 0 5865950
3369 2 5870227
3371 0 5872117
3373 1 5877807
3375 1 5884319
3377 1 5888005
3379 1 5895866
3381 0 5900539
3383 1 5901557
3385 0 5910448
3387 1 5918318
3389 1 5921906
3391 1 5937158
3393 0 5953620
3395 1 5962177
3397 0 5962333
3399 1 5968792
3401 0 5976645
3403 1 5982552
3405 0 5998519
3407 1 6006077
3409 1 6008850
3411 0 6011048
3413 2 6014790
3415 0 6020576
3417 2 6024486
3419 0 6025800
3421 1 6027331
3423 0 6032776
3425 1 6038267
3427 0 6038456
3429 1 6047403
3431 0 6047748
3433 1 6057947
3435 1 6061121
3437 0 6064636
3439 2 6072971
3441 0 6090156
3443 2 6094836
3445 0 6095526
3447 1 6102038
3449 1 6105036
3451 1 6119471
3453 0 6120708
3455 1 6129496
3457 0 6140512
3459 1 6143800
3461 0 6148889
3463 2 6152510
3465 0 6159474
3467 1 6163343
3469 0 6169903
3471 1 6170092
3473 1 6176019
3475 0 6180972
3477 1 6185222
3479 0 6187604
3481 1 6190880
3483 0 6194319
3485 2 6199927
3487 1 6207265
3489 1 6221346
3491 1 6223330
3493 2 6229882
3495 1 6231541
3497 0 6236472
3499 1 6238122
3501 0 6243002
3503 2 6251086
3505 1 6260262
3507 0 6269718
3509 1 6272166
3511 0 6275862
3513 2 6286407
3515 0 6288238
3517 1 6292512
3519 0 6301909
3521 1 6308809
3523 1 6319932
3525 0 6325740
3527 1 6328810
3529 1 6336626
3531 0 6337751
3533 2 6345691
3535 0 6346192
3537 1 6358301
3539 1 6362373
3541 1 6372228
3543 0 6376992
3545 1 6383082
3547 0 6383583
3549 1 6385143
3551 0 6387205
3553 2 6389266
3555 1 6390112
3557 2 6398988
3559 0 6406020
3561 1 6411350
3563 1 6412196
3565 0 6423368
3567 1 6425348
3569 0 6434675
3571 1 6435332
3573 0 6443267
3575 1 6444926
3577 1 6462329
3579 0 6474019
3581 2 6476236
3583 0 6476737
3585 2 6480793
3587 0 6481204
3589 1 6481828
3591 0 6484890
3593 2 6487776
3595 0 6489928
3597 2 6494759
3599 0 6505009
3601 1 6506290
3603 0 6511143
3605 2 6514354
3607 1 6530773
3609 1 6532366
3611 0 6540710
3613 1 6546536
3615 0 6547070
3617 1 6548336
3619 0 6550791
3621 1 6557550
3623 0 6563392
3625 1 6566990
3627 0 6569594
3629 1 6572205
3631 0 6578477
3633 1 6583765
3635 0 6584923
3637 1 6586947
3639 0 6591693
3641 2 6593567
3643 0 6598881
3645 1 6602519
3647 1 6604580
3649 0 6605712
3651 1 6606929
3653 0 6615645
3655 2 6619746
3657 0 6623685
3659 1 6625392
3661 0 6631856
3663 2 6633002
3665 0 6635231
3667 1 6642359
3669 0 6648282
3671 1 6649403
3673 0 6655050
3675 1 6661844
3677 0 6667798
3679 1 6668299
3681 0 6668817
3683 1 6675602
3685 1 6688296
3687 0 6697805
3689 2 6706024
3691 0 6707338
3693 1 6710142
3695 0 6717064
3697 2 6721744
3699 0 6725150
3701 1 6735470
3703 0 6736406
3705 1 6740558
3707 0 6740714
3709 1 6741881
3711 1 6750816
3713 0 6755918
3715 2 6759486
3717 0 6765062
3719 1 6771636
3721 0 6778801
3723 1 6782746
3725 1 6784851
3727 1 6788314
3729 1 6789951
3731 0 6790887
3733 1 6791984
3735 0 6805808
3737 1 6813024
3739 1 6820327
3741 0 6822031
3743 1 6823929
3745 0 6824430
3747 1 6824652
3749 0 6833227
3751 1 6839212
3753 0 6840304
3755 2 6840994
3757 0 6841282
3759 1 6843031
3761 0 6843655
3763 1 6843811
3765 0 6845749
3767 1 6847456
3769 0 6853940
3771 2 6855845
3773 0 6863258
3775 1 6876410
3777 0 6876698
3779 1 6877010
3781 0 6877355
3783 2 6880163
3785 0 6884093
3787 1 6884783
3789 0 6885284
3791 1 6888593
3793 0 6890824
3795 1 6896294
3797 0 6899676
3799 1 6901374
3801 0 6903166
3803 2 6911392
3805 0 6914840
3807 1 6916204
3809 0 6921056
3811 1 6927058
3813 1 6934067
3815 1 6935504
3817 0 6936473
3819 1 6938222
3821 0 6943639
3823 1 6944329
3825 0 6944485
3827 1 6946364
3829 0 6951660
3831 1 6953040
3833 0 6956151
3835 1 6963691
3837 0 6964036
3839 1 6964660
3841 0 6966064
3843 2 6967320
3845 0 6971453
3847 1 6972488
3849 1 6977436
3851 0 6979924
3853 1 6983658
3855 1 6988004
3857 1 6991148
3859 0 6993136
3861 1 6996454
3863 0 7003747
3865 1 7004756
3867 0 7008140
3869 1 7010818
3871 2 7043775
3873 1 7045023
3875 0 7046460
3877 1 7053756
3879 0 7062089
3881 2 7069768
3883 0 7072146
3885 1 7081115
3887 0 7084400
3889 1 7093401
3891 0 7109645
3893 1 7110508
3895 1 7121439
3897 0 7124175
3899 1 7128478
3901 0 7131376
3903 1 7131844
3905 0 7132657
3907 1 7134094
3909 0 7136515
3911 2 7143807
3913 1 7146402
3915 0 7149120
3917 1 7149432
3919 1 7151838
3921 1 7153860
3923 0 7155108
3925 1 7157714
3927 0 7160531
3929 1 7165219
3931 0 7167881
3933 1 7179734
3935 1 7182074
3937 1 7182797
3939 1 7184045
3941 0 7189847
3943 1 7191440
3945 1 7193534
3947 1 7197365
3949 0 7202243
3951 1 7207891
3953 0 7214673
3955 2 7217301
3957 1 7222917
3959 0 7224707
3961 1 7227861
3963 0 7230949
3965 1 7238582
3967 1 7241672
3969 0 7245236
3971 1 7246124
3973 0 7249146
3975 1 7256280
3977 1 7258429
3979 1 7262421
3981 0 7268381
3983 1 7270179
3985 1 7276641
3987 1 7278300
3989 0 7279044
3991 1 7282164
3993 0 7282542
3995 1 7284675
3997 0 7287693
3999 1 7292177
4001 0 7295052
4003 1 7300605
4005 0 7303037
4007 2 7309841
4009 0 7310654
4011 1 7312904
4013 0 7313216
4015 1 7314539
4017 1 7322990
4019 0 7325552
4021 1 7334470
4023 0 7334782
4025 2 7336143
4027 1 7339345
4029 0 7347814
4031 2 7349062
4033 1 7353118
4035 0 7357522
4037 2 7365884
4039 0 7367030
4041 2 7369994
4043 0 7372493
4045 1 7373027
4047 0 7374119
4049 1 7377860
4051 1 7385584
4053 0 7387474
4055 1 7390390
4057 0 7393640
4059 1 7394174
4061 0 7398654
4063 1 7417584
4065 0 7419019
4067 2 7419643
4069 0 7420880
4071 1 7425186
4073 0 7433357
4075 1 7435172
4077 0 7439010
4079 1 7442451
4081 0 7444688
4083 1 7448072
4085 0 7450446
4087 1 7457645
4089 0 7459236
4091 2 7467511
4093 0 7467889
4095 1 7470312
4097 1 7490755
4099 0 7494397
4101 1 7497082
4103 0 7506834
4105 1 7510194
4107 0 7525754
4109 1 7532576
4111 0 7534346
4113 1 7536949
4115 1 7547004
4117 1 7548129
4119 0 7570447
4121 1 7581354
4123 0 7582055
4125 1 7584083
4127 0 7588686
4129 1 7600577
4131 0 7607425
4133 1 7608049
4135 0 7610295
4137 1 7610796
4139 1 7612302
4141 0 7617653
4143 2 7621397
4145 0 7624271
4147 1 7626521
4149 0 7626743
4151 1 7627442
4153 0 7636514
4155 1 7639281
4157 0 7643625
4159 1 7649450
4161 0 7657811
4163 1 7660430
4165 0 7682000
4167 1 7683903
4169 0 7685026
4171 1 7686775
4173 0 7688836
4175 1 7694623
4177 1 7701134
4179 0 7701479
4181 1 7704633
4183 0 7707590
4185 2 7714433
4187 0 7716826
4189 1 7719445
4191 0 7723598
4193 1 7733324
4195 0 7733480
4197 1 7735546
4199 0 7740065
4201 1 7742514
4203 0 7749397
4205 1 7750421
4207 0 7761919
4209 1 7763540
4211 1 7773485
4213 1 7776737
4215 0 7780481
4217 1 7780769
4219 1 7782173
4221 0 7785815
4223 1 7791652
4225 1 7793590
4227 0 7796642
4229 2 7799404
4231 0 7800841
4233 1 7801621
4235 1 7802713
4237 0 7803970
4239 1 7805062
4241 1 7807246
4243 0 7809562
4245 1 7811122
4247 1 7815459
4249 0 7817003
4251 1 7820107
4253 0 7823835
4255 1 7827105
4257 0 7829553
4259 1 7835365
4261 0 7838477
4263 1 7843295
4265 0 7848297
4267 1 7848864
4269 0 7849989
4271 1 7851703
4273 1 7857031
4275 0 7860321
4277 1 7863299
4279 0 7864475
4281 1 7867958
4283 0 7869256
4285 1 7878770
4287 0 7881062
4289 1 7885959
4291 0 7888209
4293 1 7890896
4295 0 7893425
4297 1 7895663
4299 0 7896944
4301 1 7903341
4303 1 7905992
4305 1 7911239
4307 0 7913930
4309 1 7915803
4311 0 7923733
4313 1 7927601
4315 0 7934053
4317 2 7939531
4319 1 7941034
4321 0 7941847
4323 1 7946247
4325 0 7948152
4327 2 7952103
4329 1 7959895
4331 0 7960150
4333 2 7964732
4335 0 7967105
4337 1 7976302
4339 0 7982115
4341 1 7984394
4343 0 8004098
4345 1 8008181
4347 1 8025716
4349 0 8027642
4351 1 8029389
4353 1 8030169
4355 0 8034974
4357 1 8038201
4359 1 8056084
4361 0 8056372
4363 1 8056684
4365 0 8057888
4367 1 8060162
4369 0 8060492
4371 1 8061347
4373 0 8067206
4375 2 8073864
4377 1 8083072
4379 0 8083639
4381 0 8088508
4383 1 8089510
4385 0 8091337
4387 1 8098405
4389 1 8101123
4391 1 8102109
4393 0 8104213
4395 1 8106519
4397 0 8111790
4399 2 8113470
4401 0 8113626
4403 2 8114751
4405 0 8116880
4407 1 8120420
4409 0 8123311
4411 1 8128769
4413 0 8131520
4415 1 8132144
4417 1 8135246
4419 0 8136182
4421 1 8138577
4423 0 8141461
4425 1 8142496
4427 1 8147866
4429 1 8152645
4431 0 8154361
4433 1 8155708
4435 0 8156398
4437 1 8157189
4439 1 8161509
4441 0 8162355
4443 1 8165959
4445 1 8175129
4447 1 8177445
4449 0 8180393
4451 1 8182967
4453 0 8186227
4455 1 8191692
4457 0 8193670
4459 1 8194204
4461 0 8196465
4463 2 8199135
4465 0 8201505
4467 1 8202533
4469 0 8210357
4471 1 8213033
4473 0 8216573
4475 1 8217107
4477 0 8221319
4479 1 8223291
4481 0 8228875
4483 1 8233762
4485 0 8237501
4487 1 8244957
4489 0 8245959
4491 1 8246485
4493 1 8254079
4495 0 8257717
4497 2 8262224
4499 0 8265156
4501 1 8276022
4503 0 8276334
4505 1 8277114
4507 0 8277804
4509 1 8283439
4511 0 8288342
4513 1 8291431
4515 0 8292745
4517 2 8300403
4519 0 8300781
4521 1 8302062
4523 0 8304583
4525 1 8309326
4527 1 8316182
4529 0 8318153
4531 1 8318876
4533 1 8322152
4535 1 8326342
4537 0 8333788
4539 2 8337056
4541 0 8344383
4543 2 8348127
4545 0 8348916
4547 1 8350320
4549 0 8351412
4551 1 8353049
4553 0 8353415
4555 1 8354228
4557 0 8355491
4559 1 8361103
4561 0 8361670
4563 1 8362294
4565 0 8366504
4567 1 8370540
4569 0 8379339
4571 1 8381277
4573 0 8382176
4575 1 8383268
4577 0 8385316
4579 1 8385850
4581 0 8394099
4583 1 8394255
4585 1 8399333
4587 0 8401264
4589 2 8403448
4591 1 8404606
4593 0 8405920
4595 1 8406799
4597 1 8409417
4599 0 8411199
4601 1 8415927
4603 0 8427347
4605 2 8429876
4607 0 8430098
4609 1 8433875
4611 0 8434409
4613 1 8434943
4615 0 8442640
4617 1 8444356
4619 0 8444857
4621 1 8448965
4623 1 8458379
4625 1 8461163
4627 0 8461631
4629 1 8464395
4631 0 8465085
4633 1 8465241
4635 0 8466927
4637 2 8469489
4639 0 8471789
4641 1 8476392
4643 0 8479555
4645 1 8480903
4647 1 8493203
4649 1 8496479
4651 1 8497358
4653 0 8497514
4655 1 8500250
4657 0 8503539
4659 1 8512986
4661 0 8516262
4663 2 8516640
4665 1 8523212
4667 0 8526242
4669 1 8527161
4671 0 8535128
4673 1 8538270
4675 0 8542053
4677 1 8543934
4679 1 8549666
4681 0 8560986
4683 1 8565681
4685 0 8568342
4687 1 8573523
4689 0 8573835
4691 2 8582042
4693 1 8589936
4695 0 8592394
4697 1 8594209
4699 1 8603433
4701 1 8605126
4703 1 8613624
4705 0 8615808
4707 1 8616474
4709 1 8619594
4711 1 8621154
4713 1 8623470
4715 1 8626746
4717 0 8628060
4719 2 8632252
4721 0 8634034
4723 1 8635261
4725 0 8640534
4727 1 8645164
4729 0 8645353
4731 1 8648240
4733 0 8654166
4735 2 8661382
4737 0 8661916
4739 2 8664884
4741 1 8671797
4743 0 8672019
4745 1 8674376
4747 0 8675224
4749 1 8676609
4751 0 8681538
4753 1 8684158
4755 0 8698614
4757 2 8704810
4759 0 8708563
4761 1 8709532
4763 1 8712529
4765 0 8714188
4767 1 8716840
4769 0 8718859
4771 1 8740104
4773 0 8746168
4775 2 8749863
4777 0 8753380
4779 1 8760881
4781 0 8764444
4783 2 8773826
4785 0 8774327
4787 1 8783807
4789 0 8790683
4791 2 8793169
4793 1 8798186
4795 1 8803673
4797 0 8814120
4799 1 8820186
4801 0 8820654
4803 1 8823024
4805 0 8829610
4807 1 8837136
4809 0 8852653
4811 2 8853466
4813 0 8854747
4815 1 8857120
4817 0 8857530
4819 1 8862390
4821 0 8864868
4823 2 8875518
4825 0 8877579
4827 1 8882368
4829 0 8892428
4831 2 8901855
4833 0 8903727
4835 1 8906146
4837 0 8906770
4839 1 8909408
4841 0 8915444
4843 2 8921129
4845 0 8921351
4847 2 8928648
4849 0 8930978
4851 1 8937007
4853 0 8945110
4855 1 8949509
4857 0 8951946
4859 1 8955307
4861 0 8959247
4863 1 8963694
4865 1 8978839
4867 0 8979652
4869 1 8982137
4871 0 8985595
4873 1 8991319
4875 0 8995590
4877 2 8998037
4879 0 9004651
4881 1 9011744
4883 1 9018789
4885 1 9023342
4887 0 9024845
4889 2 9029057
4891 0 9035066
4893 2 9036002
4895 0 9036536
4897 2 9043987
4899 0 9044299
4901 2 9046639
4903 0 9048553
4905 1 9050113
4907 2 9057289
4909 0 9060640
4911 1 9061108
4913 0 9061888
4915 1 9063604
4917 0 9065395
4919 1 9072475
4921 0 9075694
4923 1 9076351
4925 0 9083619
4927 1 9084243
4929 1 9089283
4931 0 9089505
4933 2 9097518
4935 1 9100080
4937 0 9101550
4939 2 9106772
4941 1 9108554
4943 0 9109244
4945 2 9114857
4947 0 9116083
4949 1 9123480
4951 1 9124759
4953 0 9125539
4955 1 9127255
4957 0 9129349
4959 1 9135749
4961 1 9153072
4963 0 9154788
4965 1 9155634
4967 0 9178200
4969 2 9180696
4971 0 9181263
4973 2 9184298
4975 0 9187024
4977 1 9206330
4979 1 9209013
4981 1 9211350
4983 0 9219613
4985 1 9219769
4987 0 9224560
4989 1 9233093
4991 0 9235623
4993 1 9240057
4995 0 9240435
4997 2 9242529
4999 1 9243186
5001 0 9243687
5003 1 9248205
5005 0 9249579
5007 1 9252699
5009 0 9253635
5011 1 9256174
5013 0 9257422
5015 1 9259386
5017 0 9265787
5019 1 9266789
5021 0 9267453
5023 1 9272400
5025 0 9277556
5027 1 9277934
5029 0 9279714
5031 1 9283737
5033 0 9291397
5035 1 9293647
5037 1 9299563
5039 1 9305746
5041 0 9306847
5043 1 9309031
5045 0 9309343
5047 1 9317726
5049 0 9323514
5051 1 9325642
5053 1 9334518
5055 1 9337122
5057 0 9337746
5059 1 9341022
5061 0 9341958
5063 1 9342813
5065 0 9344529
5067 1 9344997
5069 0 9346776
5071 2 9351054
5073 0 9351366
5075 1 9353616
5077 0 9354476
5079 2 9358802
5081 0 9362562
5083 1 9367170
5085 0 9367806
5087 2 9374362
5089 1 9393241
5091 0 9406899
5093 1 9407055
5095 0 9407211
5097 1 9410112
5099 0 9410268
5101 1 9411081
5103 0 9412627
5105 1 9417660
5107 0 9420222
5109 1 9421257
5111 1 9423598
5113 0 9425438
5115 2 9427624
5117 0 9432817
5119 1 9433768
5121 0 9435296
5123 1 9440554
5125 0 9445716
5127 2 9452924
5129 1 9456734
5131 0 9457860
5133 1 9461104
5135 0 9465142
5137 2 9469675
5139 0 9473629
5141 1 9474196
5143 0 9475867
5145 1 9482152
5147 1 9488395
5149 0 9489717
5151 1 9490029
5153 0 9492523
5155 2 9498085
5157 0 9502864
5159 1 9503743
5161 0 9504211
5163 1 9506688
5165 1 9526288
5167 0 9526789
5169 2 9531571
5171 0 9539772
5173 1 9546498
5175 0 9551560
5177 1 9557730
5179 0 9558354
5181 1 9560500
5183 0 9560689
5185 1 9570333
5187 1 9571768
5189 0 9587456
5191 2 9592026
5193 0 9601321
5195 1 9601842
5197 0 9601998
5199 1 9604295
5201 0 9606939
5203 1 9611151
5205 0 9623141
5207 1 9623453
5209 1 9625670
5211 1 9627362
5213 0 9627674
5215 1 9630075
5217 0 9632859
5219 2 9639507
5221 0 9639663
5223 1 9642783
5225 0 9644187
5227 2 9647061
5229 1 9650113
5231 0 9650302
5233 1 9658692
5235 1 9672980
5237 0 9678310
5239 1 9694734
5241 1 9710822
5243 1 9711947
5245 0 9716452
5247 1 9718120
5249 0 9724077
5251 1 9724266
5253 1 9734259
5255 0 9746290
5257 1 9751602
5259 0 9756033
5261 1 9758870
5263 0 9765870
5265 1 9769841
5267 0 9780992
5269 1 9784243
5271 0 9799714
5273 1 9802210
5275 0 9807111
5277 1 9809293
5279 0 9811598
5281 1 9812253
5283 1 9817977
5285 0 9818355
5287 1 9821275
5289 0 9825006
5291 2 9838534
5293 1 9846600
5295 0 9854935
5297 2 9859147
5299 0 9863562
5301 1 9868306
5303 0 9869308
5305 2 9873118
5307 0 9874744
5309 1 9875590
5311 1 9876346
5313 0 9877036
5315 1 9877537
5317 0 9878317
5319 1 9878818
5321 0 9879853
5323 1 9881290
5325 0 9882415
5327 1 9884821
5329 0 9885946
5331 2 9895603
5333 0 9895858
5335 1 9898113
5337 0 9899739
5339 2 9902005
5341 1 9905389
5343 0 9909683
5345 1 9914855
5347 1 9923788
5349 0 9924010
5351 1 9925545
5353 1 9929410
5355 0 9930267
5357 1 9933527
5359 0 9937796
5361 2 9940589
5363 0 9945203
5365 1 9950375
5367 0 9954867
5369 1 9957487
5371 0 9966374
5373 1 9987846
5375 0 9989593
5377 2 9990841
5379 0 9992212
5381 1 9994702
5383 0 10008004
5385 1 10008784
5387 1 10018420
5389 0 10025334
5391 1 10026270
5393 0 10033003
5395 1 10033938
5397 0 10035801
5399 1 10040341
5401 0 10054128
5403 1 10054939
5405 0 10057067
5407 1 10069493
5409 0 10074014
5411 1 10085817
5413 0 10090372
5415 1 10096542
5417 0 10100473
5419 1 10100941
5421 0 10102621
5423 1 10107598
5425 0 10124333
5427 1 10126404
5429 0 10135767
5431 2 10148134
5433 0 10148758
5435 1 10157450
5437 0 10163895
5439 1 10166703
5441 0 10166958
5443 1 10168518
5445 0 10170947
5447 1 10175544
5449 0 10183512
5451 1 10185732
5453 0 10204302
5455 1 10204458
5457 0 10212808
5459 2 10215023
5461 2 10224851
5463 1 10229597
5465 1 10231879
5467 1 10236145
5469 0 10237081
5471 1 10238863
5473 0 10239627
5475 1 10255043
5477 0 10259704
5479 2 10265575
5481 0 10269900
5483 1 10272547
5485 0 10276154
5487 1 10282992
5489 0 10285332
5491 1 10286736
5493 0 10288050
5495 1 10288961
5497 0 10290259
5499 1 10294944
5501 0 10296901
5503 1 10300348
5505 0 10301992
5507 1 10303038
5509 0 10305296
5511 1 10307728
5513 1 10315839
5515 0 10317900
5517 2 10319148
5519 0 10319526
5521 1 10329491
5523 0 10333119
5525 2 10335024
5527 0 10340671
5529 1 10343175
5531 0 10346537
5533 1 10347093
5535 0 10354119
5537 1 10355712
5539 0 10357463
5541 2 10363000
5543 1 10363812
5545 1 10371565
5547 0 10386694
5549 1 10393366
5551 1 10399450
5553 0 10418032
5555 1 10418533
5557 0 10419855
5559 2 10423564
5561 1 10431186
5563 0 10433274
5565 2 10446821
5567 1 10450138
5569 0 10453102
5571 1 10457308
5573 0 10465432
5575 1 10467574
5577 1 10471102
5579 0 10478137
5581 1 10489705
5583 1 10491082
5585 0 10491862
5587 2 10493890
5589 0 10494514
5591 1 10504206
5593 0 10504674
5595 2 10507145
5597 0 10510520
5599 1 10510676
5601 0 10511333
5603 1 10512737
5605 1 10514987
5607 0 10517270
5609 1 10517738
5611 0 10524261
5613 1 10524729
5615 0 10526790
5617 1 10527168
5619 0 10529814
5621 1 10534406
5623 0 10535252
5625 2 10539492
5627 0 10539714
5629 1 10541410
5631 0 10551480
5633 2 10557170
5635 0 10559142
5637 1 10560259
5639 0 10563501
5641 1 10567365
5643 0 10572730
5645 1 10577010
5647 0 10579626
5649 1 10582854
5651 0 10593335
5653 1 10596397
5655 1 10602107
5657 0 10609020
5659 1 10615998
5661 0 10621012
5663 1 10624490
5665 1 10629513
5667 0 10633527
5669 1 10637262
5671 0 10649418
5673 2 10650393
5675 0 10662708
5677 1 10665738
5679 0 10677898
5681 1 10680107
5683 0 10690789
5685 2 10691479
5687 0 10691980
5689 1 10699493
5691 0 10709033
5693 1 10721203
5695 1 10723576
5697 0 10725581
5699 2 10728472
5701 0 10733160
5703 1 10742688
5705 1 10745250
5707 0 10746375
5709 1 10747344
5711 0 10750120
5713 1 10750874
5715 0 10756574
5717 1 10757642
5719 0 10759358
5721 2 10763976
5723 0 10774428
5725 1 10775208
5727 0 10775963
5729 1 10776743
5731 0 10777835
5733 2 10780643
5735 0 10781522
5737 1 10782390
5739 0 10785624
5741 1 10789941
5743 0 10791255
5745 1 10791600
5747 0 10796035
5749 1 10798039
5751 1 10805939
5753 0 10807147
5755 2 10814693
5757 0 10817163
5759 1 10819131
5761 0 10822075
5763 1 10824557
5765 0 10828073
5767 1 10830085
5769 0 10835273
5771 2 10839790
5773 0 10842131
5775 1 10844196
5777 1 10848802
5779 1 10852825
5781 0 10853671
5783 1 10854484
5785 1 10860488
5787 0 10863656
5789 2 10869388
5791 1 10874620
5793 0 10887484
5795 1 10889356
5797 0 10890899
5799 1 10896413
5801 0 10912108
5803 1 10917472
5805 0 10925866
5807 1 10934223
5809 0 10935627
5811 1 10938730
5813 0 10951740
5815 1 10953881
5817 1 10970923
5819 0 10972204
5821 1 10972861
5823 1 10980481
5825 0 10981360
5827 2 10981672
5829 0 10991833
5831 1 10992969
5833 0 10993905
5835 1 10994094
5837 0 10996871
5839 1 10998495
5841 0 11000745
5843 1 11001681
5845 0 11005620
5847 1 11006031
5849 0 11007742
5851 1 11009544
5853 0 11014348
5855 1 11017605
5857 0 11018730
5859 2 11023652
5861 1 11027470
5863 0 11029617
5865 2 11036549
5867 0 11037485
5869 1 11038085
5871 0 11038865
5873 1 11043908
5875 0 11044097
5877 1 11044253
5879 0 11050142
5881 1 11055634
5883 1 11069088
5885 0 11069499
5887 1 11071496
5889 1 11077469
5891 1 11079407
5893 0 11082575
5895 2 11087978
5897 0 11088167
5899 1 11089988
5901 0 11095906
5903 1 11096227
5905 0 11096416
5907 1 11097508
5909 0 11098464
5911 1 11100098
5913 0 11102630
5915 1 11103911
5917 0 11110884
5919 1 11113148
5921 0 11114935
5923 1 11117378
5925 1 11120130
5927 0 11121510
5929 1 11128776
5931 1 11138094
5933 0 11144045
5935 2 11148238
5937 0 11162525
5939 1 11167206
5941 0 11180386
5943 1 11191632
5945 0 11197483
5947 1 11201678
5949 0 11208344
5951 1 11211150
5953 1 11215511
5955 0 11217859
5957 1 11218911
5959 0 11224887
5961 2 11228681
5963 0 11230979
5965 1 11233187
5967 0 11233376
5969 1 11238477
5971 0 11239833
5973 2 11247301
5975 0 11248772
5977 2 11258822
5979 0 11260136
5981 2 11269210
5983 0 11269498
5985 1 11270746
5987 1 11272996
5989 0 11275057
5991 1 11275747
5993 0 11280401
5995 1 11281239
5997 0 11284483
5999 2 11288023
6001 0 11290117
6003 1 11290873
6005 0 11291497
6007 1 11293095
6009 1 11295358
6011 1 11300076
6013 0 11301513
6015 2 11304543
6017 0 11305233
6019 1 11312409
6021 1 11314889
6023 1 11320849
6025 1 11324135
6027 0 11325597
6029 1 11328235
6031 0 11329081
6033 1 11340174
6035 0 11341833
6037 1 11344159
6039 1 11347639
6041 0 11355082
6043 2 11357347
6045 1 11365501
6047 0 11378080
6049 2 11395888
6051 0 11396545
6053 1 11397629
6055 0 11403303
6057 1 11404420
6059 0 11407649
6061 1 11409433
6063 0 11410035
6065 1 11412967
6067 0 11415385
6069 1 11421637
6071 0 11425386
6073 1 11427949
6075 0 11438340
6077 1 11438496
6079 0 11438652
6081 1 11440122
6083 0 11440344
6085 1 11444540
6087 0 11445900
6089 2 11449080
6091 0 11449614
6093 1 11453852
6095 0 11454320
6097 1 11461953
6099 0 11469839
6101 2 11484379
6103 0 11494198
6105 1 11500606
6107 0 11508078
6109 2 11525886
6111 0 11532216
6113 1 11540219
6115 0 11542284
6117 2 11545684
6119 0 11554741
6121 1 11555365
6123 0 11560708
6125 1 11565670
6127 0 11574136
6129 1 11579627
6131 0 11583448
6133 2 11586256
6135 0 11589827
6137 1 11590328
6139 0 11592252
6141 1 11593369
6143 0 11593714
6145 1 11596021
6147 0 11598037
6149 1 11601065
6151 0 11603349
6153 1 11607695
6155 0 11611584
6157 1 11620046
6159 0 11622274
6161 1 11626072
6163 0 11627074
6165 1 11627263
6167 0 11627764
6169 1 11628298
6171 0 11630441
6173 1 11632401
6175 0 11635464
6177 1 11639005
6179 0 11647354
6181 0 11651510
6183 1 11651666
6185 1 11652824
6187 0 11655191
6189 1 11657507
6191 0 11658443
6193 1 11662442
6195 1 11664626
6197 0 11665760
6199 2 11670128
6201 1 11672945
6203 1 11678873
6205 1 11682305
6207 0 11683483
6209 1 11684731
6211 0 11685823
6213 1 11687383
6215 0 11688787
6217 1 11689703
6219 1 11697371
6221 0 11708815
6223 1 11722469
6225 1 11724395
6227 1 11728451
6229 0 11730450
6231 1 11734140
6233 0 11752859
6235 1 11753722
6237 1 11762916
6239 1 11768772
6241 0 11773125
6243 2 11777085
6245 0 11777241
6247 2 11783871
6249 0 11792228
6251 1 11794799
6253 1 11799213
6255 0 11813814
6257 2 11817978
6259 0 11821232
6261 2 11826413
6263 0 11829755
6265 2 11835126
6267 0 11836218
6269 1 11838993
6271 0 11854524
6273 1 11862746
6275 0 11865431
6277 1 11866400
6279 1 11872205
6281 0 11883185
6283 1 11886145
6285 0 11886301
6287 1 11897831
6289 0 11908638
6291 1 11914029
6293 0 11920597
6295 1 11923798
6297 1 11927593
6299 0 11939809
6301 1 11942663
6303 0 11943708
6305 2 11948796
6307 1 11954796
6309 0 11959045
6311 1 11960951
6313 0 11964012
6315 2 11972457
6317 0 11972958
6319 2 11979289
6321 0 11988596
6323 1 11991392
6325 2 11998818
6327 0 12004066
6329 2 12007654
6331 0 12008074
6333 1 12009634
6335 0 12010414
6337 1 12011350
6339 0 12011695
6341 1 12014704
6343 1 12016838
6345 0 12021715
6347 1 12021871
6349 1 12022528
6351 0 12030266
6353 1 12033698
6355 1 12038822
6357 1 12041318
6359 0 12041885
6361 1 12042197
6363 0 12051177
6365 1 12053811
6367 0 12064436
6369 1 12066530
6371 0 12068903
6373 1 12069716
6375 1 12072884
6377 0 12074839
6379 1 12078598
6381 0 12082732
6383 1 12084704
6385 1 12092092
6387 1 12094309
6389 1 12102608
6391 1 12104168
6393 0 12106630
6395 1 12110164
6397 0 12121360
6399 1 12127975
6401 1 12136920
6403 0 12144596
6405 2 12149271
6407 0 12162133
6409 1 12170525
6411 0 12175972
6413 1 12177664
6415 0 12187170
6417 1 12188539
6419 0 12193415
6421 1 12194072
6423 0 12208649
6425 2 12210752
6427 0 12218707
6429 1 12227370
6431 0 12230700
6433 1 12231168
6435 1 12234394
6437 0 12237792
6439 1 12238647
6441 1 12247063
6443 0 12251789
6445 1 12253569
6447 0 12256271
6449 1 12261778
6451 0 12264030
6453 2 12265630
6455 0 12284987
6457 1 12288846
6459 0 12293250
6461 2 12302641
6463 0 12314646
6465 1 12327746
6467 1 12329695
6469 0 12330040
6471 1 12331005
6473 0 12333844
6475 1 12336394
6477 0 12337240
6479 1 12340923
6481 0 12343608
6483 1 12347762
6485 0 12350339
6487 1 12358405
6489 0 12365490
6491 2 12373998
6493 0 12374729
6495 1 12376208
6497 0 12388037
6499 1 12398371
6501 0 12403638
6503 2 12408621
6505 0 12421965
6507 1 12423788
6509 0 12425156
6511 1 12431325
6513 0 12443520
6515 1 12454889
6517 1 12465254
6519 0 12470919
6521 1 12471075
6523 1 12476704
6525 0 12477520
6527 1 12478300
6529 1 12484696
6531 0 12486724
6533 1 12488482
6535 0 12491914
6537 1 12492694
6539 0 12494599
6541 2 12500719
6543 0 12501097
6545 1 12503767
6547 0 12507347
6549 1 12511889
6551 0 12513231
6553 1 12520489
6555 0 12526806
6557 1 12527718
6559 0 12528342
6561 1 12529032
6563 0 12529188
6565 1 12531093
6567 0 12532998
6569 1 12533877
6571 1 12538314
6573 0 12540825
6575 1 12542418
6577 0 12544077
6579 1 12547527
6581 0 12548250
6583 2 12552117
6585 0 12553637
6587 3 12563827
6589 1 12564862
6591 0 12565642
6593 1 12566800
6595 0 12567958
6597 1 12573105
6599 0 12578121
6601 1 12585056
6603 0 12591807
6605 1 12592029
6607 0 12596740
6609 1 12598056
6611 0 12601178
6613 1 12603050
6615 1 12608633
6617 1 12613321
6619 0 12617091
6621 1 12619079
6623 0 12627967
6625 1 12628435
6627 0 12639104
6629 1 12640385
6631 0 12640853
6633 2 12642816
6635 1 12653328
6637 0 12658839
6639 1 12661859
6641 0 12665831
6643 2 12671109
6645 0 12674393
6647 1 12681495
6649 1 12683679
6651 1 12685395
6653 0 12685839
6655 1 12685995
6657 0 12688216
6659 1 12688933
6661 0 12694451
6663 2 12697444
6665 0 12699349
6667 1 12701457
6669 0 12704809
6671 2 12706649
6673 0 12713003
6675 1 12716239
6677 1 12721887
6679 0 12732435
6681 2 12734463
6683 0 12735399
6685 1 12735711
6687 1 12740435
6689 1 12750478
6691 0 12751603
6693 1 12752227
6695 0 12756505
6697 1 12756850
6699 0 12757384
6701 1 12759166
6703 1 12760324
6705 0 12763221
6707 1 12766407
6709 0 12770068
6711 1 12772129
6713 0 12776785
6715 1 12777273
6717 0 12792248
6719 1 12796207
6721 1 12799772
6723 1 12822114
6725 0 12828576
6727 1 12832692
6729 0 12851221
6731 1 12851533
6733 0 12857434
6735 1 12879030
6737 0 12886916
6739 1 12891038
6741 0 12907189
6743 2 12914240
6745 0 12914963
6747 2 12920579
6749 0 12925248
6751 1 12925872
6753 0 12928018
6755 1 12928519
6757 0 12929299
6759 1 12932338
6761 0 12932560
6763 1 12933103
6765 1 12942368
6767 0 12946809
6769 1 12950980
6771 1 12956982
6773 0 12968174
6775 1 12971909
6777 1 12975219
6779 0 12977847
6781 1 12980081
6783 0 12982545
6785 1 12988746
6787 0 12997451
6789 1 12998264
6791 0 13000032
6793 1 13001157
6795 0 13001814
6797 2 13003752
6799 0 13004130
6801 2 13010335
6803 0 13010623
6805 1 13011559
6807 0 13018712
6809 1 13019369
6811 0 13020324
6813 1 13025901
6815 0 13028423
6817 1 13031855
6819 0 13036067
6821 2 13039499
6823 1 13041593
6825 0 13043843
6827 1 13046455
6829 0 13049659
6831 1 13051057
6833 0 13051993
6835 1 13053037
6837 0 13054673
6839 1 13056801
6841 0 13060997
6843 1 13065883
6845 0 13066694
6847 2 13069473
6849 1 13072092
6851 0 13073250
6853 2 13078799
6855 0 13085306
6857 1 13095366
6859 0 13095814
6861 1 13099230
6863 0 13102622
6865 1 13104914
6867 0 13112186
6869 2 13118250
6871 0 13119140
6873 1 13125418
6875 0 13126108
6877 1 13127738
6879 0 13129562
6881 1 13132050
6883 1 13138730
6885 0 13139842
6887 1 13154452
6889 0 13161948
6891 1 13167676
6893 1 13178303
6895 0 13186125
6897 1 13194082
6899 0 13199154
6901 1 13207818
6903 0 13212924
6905 1 13227242
6907 1 13236747
6909 0 13242505
6911 1 13249824
6913 1 13258737
6915 0 13263939
6917 1 13264752
6919 0 13272580
6921 1 13273705
6923 0 13274674
6925 1 13277441
6927 0 13288385
6929 1 13294232
6931 1 13296137
6933 0 13307279
6935 1 13310816
6937 1 13319229
6939 0 13319385
6941 1 13321212
6943 0 13326668
6945 1 13327851
6947 0 13335396
6949 1 13341543
6951 0 13347855
6953 1 13349815
6955 0 13359077
6957 2 13365248
6959 0 13376660
6961 2 13379096
6963 1 13380410
6965 0 13380838
6967 2 13389678
6969 0 13400112
6971 1 13404279
6973 0 13406490
6975 1 13417800
6977 0 13429830
6979 1 13431132
6981 0 13437842
6983 1 13437998
6985 0 13441607
6987 1 13443851
6989 0 13452623
6991 1 13454126
6993 0 13462980
6995 1 13475517
6997 0 13476297
6999 1 13482980
7001 0 13484305
7003 1 13485085
7005 0 13487643
7007 1 13488300
7009 0 13488768
7011 1 13491864
7013 0 13495901
7015 1 13505312
7017 0 13519660
7019 2 13520473
7021 0 13525188
7023 1 13538076
7025 1 13538454
7027 0 13539637
7029 2 13546895
7031 1 13549547
7033 0 13551432
7035 1 13554084
7037 0 13557672
7039 1 13558296
7041 1 13559577
7043 1 13562271
7045 0 13562427
7047 2 13562739
7049 0 13564086
7051 1 13564554
7053 0 13573903
7055 1 13574059
7057 0 13575477
7059 1 13578873
7061 0 13580901
7063 1 13582101
7065 1 13584943
7067 0 13586125
7069 1 13590019
7071 0 13595173
7073 1 13598420
7075 2 13600704
7077 0 13603022
7079 1 13607546
7081 1 13611858
7083 0 13618959
7085 1 13621644
7087 0 13621800
7089 1 13624764
7091 1 13629798
7093 0 13630611
7095 1 13630923
7097 0 13631577
7099 2 13634697
7101 0 13635855
7103 1 13639872
7105 0 13643613
7107 1 13646866
7109 0 13652456
7111 1 13653392
7113 0 13653926
7115 1 13656723
7117 1 13660711
7119 0 13664946
7121 1 13665414
7123 0 13674342
7125 0 13679926
7127 2 13680739
7129 1 13687020
7131 0 13688088
7133 2 13689492
7135 0 13689681
7137 1 13690977
7139 0 13692759
7141 1 13693761
7143 0 13694207
7145 1 13700419
7147 2 13708571
7149 0 13710104
7151 2 13710753
7153 0 13714489
7155 1 13720227
7157 1 13723971
7159 0 13728616
7161 1 13729495
7163 1 13733083
7165 1 13736581
7167 0 13737427
7169 2 13739271
7171 0 13741259
7173 1 13744471
7175 1 13746432
7177 0 13750482
7179 1 13753430
7181 0 13762305
7183 1 13762806
7185 0 13770382
7187 2 13776860
7189 0 13784813
7191 1 13786609
7193 0 13787409
7195 1 13792959
7197 0 13794307
7199 1 13797403
7201 0 13802215
7203 1 13803061
7205 0 13814978
7207 1 13816602
7209 0 13823631
7211 2 13828582
7213 0 13833176
7215 1 13857633
7217 1 13871053
7219 0 13874180
7221 1 13883520
7223 0 13884300
7225 2 13892048
7227 0 13893949
7229 2 13900355
7231 0 13902541
7233 2 13905924
7235 0 13911385
7237 1 13912708
7239 0 13917730
7241 1 13919545
7243 0 13937373
7245 1 13940528
7247 0 13951170
7249 2 13953116
7251 0 13956378
7253 1 13972670
7255 1 13977383
7257 0 13991717
7259 2 13992530
7261 1 13995338
7263 0 14002398
7265 1 14004459
7267 0 14004927
7269 1 14008569
7271 0 14010930
7273 1 14018912
7275 1 14020628
7277 0 14028919
7279 1 14030354
7281 1 14037898
7283 1 14039458
7285 0 14040950
7287 1 14052042
7289 0 14052822
7291 1 14054103
7293 0 14055296
7295 1 14057168
7297 0 14058515
7299 1 14061404
7301 0 14064641
7303 1 14066776
7305 0 14067197
7307 1 14072262
7309 0 14073312
7311 1 14077106
7313 0 14077484
7315 1 14081559
7317 1 14085406
7319 0 14085628
7321 1 14091726
7323 0 14096702
7325 2 14098712
7327 0 14099024
7329 1 14102934
7331 0 14103626
7333 1 14104691
7335 0 14108154
7337 1 14111283
7339 0 14112063
7341 1 14116226
7343 0 14124473
7345 1 14130380
7347 0 14134149
7349 2 14146071
7351 0 14150481
7353 2 14156902
7355 0 14167032
7357 1 14173621
7359 0 14174571
7361 1 14185412
7363 0 14187473
7365 2 14195400
7367 0 14198467
7369 1 14198966
7371 0 14205282
7373 1 14209277
7375 0 14219442
7377 2 14227364
7379 0 14229165
7381 1 14233952
7383 1 14239479
7385 0 14260929
7387 1 14264236
7389 0 14265985
7391 1 14267800
7393 0 14269393
7395 3 14278441
7397 0 14280634
7399 1 14282194
7401 1 14285470
7403 0 14287474
7405 1 14289034
7407 0 14293391
7409 1 14298776
7411 2 14311275
7413 1 14313492
7415 1 14318196
7417 1 14320224
7419 0 14322096
7421 2 14324436
7423 0 14325381
7425 1 14325849
7427 0 14326473
7429 1 14328008
7431 0 14328898
7433 1 14337511
7435 0 14338636
7437 1 14342692
7439 0 14343226
7441 1 14344815
7443 1 14349757
7445 0 14353284
7447 1 14353662
7449 0 14353818
7451 1 14355911
7453 1 14362743
7455 1 14366274
7457 0 14368195
7459 1 14368507
7461 0 14379978
7463 1 14380167
7465 0 14382769
7467 1 14384929
7469 1 14388511
7471 1 14399979
7473 1 14405085
7475 0 14405652
7477 1 14410449
7479 0 14412543
7481 1 14417491
7483 1 14421711
7485 1 14422590
7487 1 14426769
7489 0 14427641
7491 2 14433201
7493 0 14437512
7495 1 14439015
7497 0 14439639
7499 1 14446944
7501 0 14454423
7503 1 14456673
7505 0 14456928
7507 2 14458209
7509 0 14458365
7511 1 14461963
7513 1 14466907
7515 0 14469859
7517 2 14475459
7519 0 14476093
7521 1 14484988
7523 1 14508713
7525 0 14509703
7527 1 14513714
7529 2 14520048
7531 1 14528292
7533 1 14530797
7535 0 14531421
7537 1 14532111
7539 0 14535198
7541 1 14538710
7543 0 14543803
7545 1 14544025
7547 0 14548347
7549 1 14554354
7551 1 14563529
7553 0 14563784
7555 1 14565500
7557 0 14566131
7559 2 14571896
7561 0 14582796
7563 1 14586375
7565 0 14596960
7567 1 14602854
7569 1 14611542
7571 1 14627521
7573 0 14629470
7575 1 14631373
7577 1 14636575
7579 0 14637109
7581 2 14647935
7583 0 14650275
7585 1 14651121
7587 1 14654445
7589 0 14656584
7591 1 14664285
7593 1 14668884
7595 0 14675628
7597 1 14677579
7599 0 14681460
7601 1 14689437
7603 0 14692922
7605 1 14695320
7607 0 14705702
7609 1 14708874
7611 0 14709252
7613 1 14717201
7615 0 14717613
7617 1 14720953
7619 0 14726697
7621 1 14732311
7623 0 14734994
7625 1 14737700
7627 1 14742914
7629 1 14745768
7631 0 14746560
7633 2 14754984
7635 0 14756067
7637 1 14762571
7639 0 14772558
7641 1 14775723
7643 0 14780398
7645 1 14782861
7647 0 14793220
7649 1 14793527
7651 1 14793839
7653 0 14798999
7655 1 14807357
7657 1 14813103
7659 0 14818152
7661 2 14820690
7663 0 14826461
7665 1 14833521
7667 0 14842000
7669 1 14844215
7671 0 14849429
7673 1 14853207
7675 0 14854512
7677 1 14856597
7679 0 14857566
7681 1 14858100
7683 1 14861901
7685 0 14872359
7687 1 14872548
7689 0 14873172
7691 1 14873394
7693 0 14875734
7695 1 14876703
7697 0 14878107
7699 1 14879808
7701 0 14880900
7703 1 14881836
7705 0 14882148
7707 2 14886360
7709 1 14888619
7711 1 14890023
7713 0 14890179
7715 1 14891559
7717 0 14892553
7719 1 14900597
7721 0 14903217
7723 1 14906175
7725 0 14908895
7727 1 14914222
7729 0 14915406
7731 1 14921408
7733 0 14925169
7735 1 14931531
7737 1 14932311
7739 0 14933190
7741 2 14934282
7743 0 14939487
7745 1 14947641
7747 0 14948364
7749 2 14955081
7751 1 14957175
7753 1 14957865
7755 0 14961318
7757 1 14961729
7759 1 14965986
7761 0 14972269
7763 1 14972893
7765 1 14975233
7767 1 14977215
7769 0 14977560
7771 2 14981733
7773 1 14986758
7775 0 14988138
7777 1 14988294
7779 0 14991226
7781 1 14996544
7783 0 14997324
7785 1 14998638
7787 0 15001187
7789 1 15011218
7791 0 15012714
7793 1 15017838
7795 0 15023664
7797 1 15030834
7799 0 15034128
7801 2 15040164
7803 1 15042669
7805 0 15044229
7807 2 15049921
7809 0 15060562
7811 1 15070972
7813 0 15073967
7815 2 15082990
7817 0 15084546
7819 1 15086482
7821 0 15092842
7823 1 15096249
7825 1 15107397
7827 0 15114083
7829 1 15114938
7831 0 15129460
7833 1 15132010
7835 0 15132790
7837 1 15136043
7839 0 15139422
7841 2 15143257
7843 0 15148219
7845 1 15150075
7847 1 15156560
7849 1 15170115
7851 0 15171774
7853 1 15175134
7855 0 15176448
7857 1 15186049
7859 0 15197684
7861 1 15199023
7863 0 15205374
7865 1 15207934
7867 0 15212899
7869 1 15214484
7871 1 15230803
7873 0 15238529
7875 1 15240529
7877 0 15241753
7879 1 15244673
7881 0 15249290
7883 1 15252920
7885 0 15256002
7887 1 15260232
7889 0 15264480
7891 1 15272057
7893 1 15276012
7895 0 15276825
7897 2 15279387
7899 1 15281552
7901 0 15281864
7903 2 15285882
7905 0 15288390
7907 1 15289080
7909 0 15291071
7911 1 15293432
7913 1 15297015
7915 0 15298717
7917 1 15305199
7919 1 15310105
7921 1 15311343
7923 1 15312279
7925 1 15325838
7927 0 15349119
7929 1 15349431
7931 0 15351057
7933 1 15352371
7935 1 15365059
7937 1 15367276
7939 2 15376027
7941 0 15376495
7943 1 15377350
7945 0 15377662
7947 1 15381193
7949 0 15382597
7951 2 15386662
7953 0 15386818
7955 1 15388690
7957 0 15399717
7959 1 15401121
7961 0 15401277
7963 1 15402830
7965 0 15412165
7967 1 15415588
7969 0 15424212
7971 0 15431917
7973 1 15432172
7975 0 15435116
7977 1 15436241
7979 0 15438921
7981 2 15441150
7983 0 15444749
7985 1 15446391
7987 0 15448473
7989 1 15458841
7991 0 15463439
7993 1 15469398
7995 1 15474841
7997 0 15476566
7999 2 15477346
8001 0 15482026
8003 1 15484342
8005 1 15485278
8007 0 15486436
8009 1 15490957
8011 0 15497599
8013 1 15499874
8015 0 15502009
8017 1 15508115
8019 0 15509084
8021 1 15514609
8023 0 15549124
8025 1 15552587
8027 0 15553211
8029 2 15555461
8031 0 15555617
8033 1 15556628
8035 1 15566293
8037 0 15571201
8039 1 15572137
8041 0 15574404
8043 2 15579581
8045 0 15590869
8047 2 15598423
8049 0 15601895
8051 1 15602661
8053 0 15604810
8055 2 15612397
8057 0 15614193
8059 1 15622755
8061 1 15633043
8063 0 15641403
8065 1 15652325
8067 0 15653783
8069 1 15654440
8071 1 15657478
8073 0 15664782
8075 1 15666909
8077 0 15687966
8079 1 15689247
8081 0 15689904
8083 1 15690282
8085 0 15696540
8087 1 15705403
8089 0 15713150
8091 1 15717491
8093 1 15723127
8095 1 15727126
8097 0 15731757
8099 1 15734931
8101 1 15735432
8103 0 15735621
8105 2 15737493
8107 1 15744267
8109 0 15745269
8111 1 15748881
8113 1 15755793
8115 0 15756705
8117 1 15761731
8119 1 15764023
8121 0 15766297
8123 1 15769443
8125 1 15772209
8127 0 15777844
8129 1 15784110
8131 0 15785354
8133 1 15786857
8135 0 15819804
8137 1 15820617
8139 0 15825656
8141 2 15826379
8143 1 15829376
8145 0 15840156
8147 1 15840813
8149 0 15848151
8151 1 15852161
8153 1 15858085
8155 0 15865177
8157 1 15866635
8159 0 15867916
8161 1 15884856
8163 0 15892187
8165 1 15892343
8167 1 15894566
8169 0 15899805
8171 1 15903644
8173 0 15909944
8175 1 15915606
8177 1 15918498
8179 1 15922359
8181 0 15935196
8183 1 15935352
8185 0 15940865
8187 1 15942375
8189 0 15948736
8191 1 15950140
8193 0 15950485
8195 1 15957573
8197 2 15977652
8199 0 15978153
8201 1 15978999
8203 1 15983446
8205 0 15983602
8207 1 15984711
8209 1 15992083
8211 0 15995756
8213 1 16000617
8215 0 16004601
8217 2 16014486
8219 0 16027090
8221 1 16027591
8223 0 16031090
8225 1 16037917
8227 0 16038697
8229 2 16043551
8231 1 16049715
8233 0 16054827
8235 1 16056338
8237 0 16072737
8239 1 16080491
8241 1 16081739
8243 0 16090852
8245 1 16092681
8247 0 16099794
8249 1 16107574
8251 1 16116503
8253 1 16122001
8255 0 16123717
8257 1 16124530
8259 0 16127145
8261 2 16127835
8263 0 16131396
8265 1 16144007
8267 1 16145321
8269 1 16147538
8271 0 16148630
8273 1 16150412
8275 1 16151546
8277 1 16155914
8279 1 16158566
8281 0 16159034
8283 1 16159421
8285 0 16159889
8287 1 16160201
8289 0 16160669
8291 1 16168058
8293 0 16169405
8295 1 16170251
8297 0 16173522
8299 1 16177002
8301 0 16180770
8303 1 16185653
8305 0 16186994
8307 1 16192946
8309 0 16203796
8311 2 16205044
8313 0 16205200
8315 1 16205978
8317 0 16208472
8319 1 16213463
8321 1 16218891
8323 0 16224703
8325 1 16228143
8327 0 16232641
8329 1 16235361
8331 0 16236486
8333 1 16246063
8335 1 16248091
8337 0 16250145
8339 2 16255602
8341 0 16258514
8343 1 16259639
8345 0 16261785
8347 1 16265850
8349 1 16271474
8351 0 16272977
8353 1 16273166
8355 0 16278152
8357 2 16281882
8359 0 16283678
8361 2 16286646
8363 0 16290452
8365 1 16291298
8367 0 16294542
8369 1 16299558
8371 0 16300102
8373 1 16302714
8375 0 16308123
8377 1 16308435
8379 0 16310399
8381 1 16311056
8383 0 16314333
8385 1 16316369
8387 1 16318553
8389 0 16321763
8391 1 16322420
8393 0 16327754
8395 1 16330268
8397 0 16333520
8399 1 16339912
8401 0 16340645
8403 1 16342868
8405 0 16345012
8407 1 16350464
8409 0 16351664
8411 1 16357399
8413 0 16357809
8415 2 16361020
8417 0 16366998
8419 1 16369280
8421 0 16369658
8423 1 16380775
8425 0 16381432
8427 1 16382056
8429 0 16383972
8431 2 16391138
8433 0 16394038
8435 1 16397726
8437 0 16397948
8439 1 16401100
8441 0 16401289
8443 1 16402324
8445 0 16402948
8447 1 16407316
8449 0 16408256
8451 1 16409816
8453 0 16416705
8455 1 16422249
8457 1 16437182
8459 0 16457847
8461 1 16465304
8463 0 16477584
8465 1 16478574
8467 0 16479354
8469 1 16482425
8471 0 16496077
8473 1 16497558
8475 0 16514746
8477 1 16515921
8479 1 16524055
8481 0 16533291
8483 1 16535600
8485 0 16536758
8487 2 16540781
8489 0 16547755
8491 1 16548880
8493 0 16551865
8495 2 16554624
8497 0 16564488
8499 1 16567647
8501 0 16568460
8503 1 16573925
8505 0 16580123
8507 2 16584786
8509 1 16590007
8511 1 16592257
8513 0 16594236
8515 1 16597635
8517 0 16603477
8519 1 16604600
8521 0 16607486
8523 1 16616403
8525 0 16622538
8527 1 16627077
8529 0 16636362
8531 1 16638561
8533 0 16643826
8535 1 16644918
8537 1 16647948
8539 0 16649106
8541 2 16655312
8543 0 16659491
8545 1 16662504
8547 0 16672705
8549 2 16675546
8551 0 16678960
8553 2 16689117
8555 1 16695726
8557 0 16713602
8559 1 16720387
8561 1 16721701
8563 1 16723450
8565 0 16725870
8567 1 16727634
8569 0 16744040
8571 1 16749102
8573 0 16750527
8575 1 16752641
8577 0 16756718
8579 1 16767276
8581 0 16767900
8583 1 16769715
8585 0 16788605
8587 1 16795070
8589 0 16799653
8591 1 16801288
8593 0 16810593
8595 1 16813524
8597 1 16829914
8599 0 16830103
8601 2 16836925
8603 0 16840300
8605 2 16844768
8607 0 16845704
8609 1 16846706
8611 0 16852427
8613 2 16854143
8615 0 16860358
8617 1 16860670
8619 0 16861780
8621 2 16862593
8623 0 16863061
8625 2 16865869
8627 0 16866403
8629 1 16867216
8631 0 16874486
8633 1 16877836
8635 1 16883672
8637 1 16885276
8639 0 16890026
8641 1 16893166
8643 0 16893544
8645 1 16895478
8647 1 16900142
8649 0 16901842
8651 1 16902690
8653 0 16905122
8655 1 16910318
8657 0 16914498
8659 2 16920713
8661 0 16922503
8663 1 16930872
8665 0 16933989
8667 1 16938038
8669 0 16938194
8671 1 16939128
8673 1 16942560
8675 0 16944498
8677 1 16946897
8679 0 16948068
8681 1 16949037
8683 0 16957907
8685 1 16959656
8687 1 16961282
8689 0 16961594
8691 2 16964624
8693 0 16965224
8695 1 16966160
8697 0 16971262
8699 2 16972984
8701 1 16978978
8703 0 16979886
8705 1 16981018
8707 1 17003149
8709 1 17005589
8711 0 17005745
8713 2 17009489
8715 1 17015235
8717 1 17029606
8719 0 17032559
8721 1 17034314
8723 1 17040837
8725 0 17042134
8727 1 17042635
8729 0 17050593
8731 1 17053797
8733 0 17060744
8735 2 17069791
8737 0 17072024
8739 2 17078740
8741 0 17090474
8743 1 17091813
8745 0 17112602
8747 1 17115175
8749 0 17115364
8751 2 17120275
8753 0 17123594
8755 1 17126213
8757 0 17144146
8759 1 17153801
8761 0 17162564
8763 2 17166027
8765 0 17167206
8767 1 17167674
8769 0 17170105
8771 2 17175416
8773 0 17190654
8775 1 17193516
8777 0 17194017
8779 1 17195331
8781 0 17195955
8783 1 17197735
8785 0 17198704
8787 1 17201315
8789 0 17206797
8791 1 17208445
8793 0 17213979
8795 1 17216746
8797 0 17223493
8799 1 17223805
8801 0 17225161
8803 1 17227585
8805 2 17237201
8807 1 17238770
8809 0 17240642
8811 1 17243829
8813 0 17244396
8815 1 17246268
8817 1 17252347
8819 0 17252725
8821 1 17259842
8823 1 17263898
8825 0 17264678
8827 2 17266928
8829 0 17269022
8831 1 17272107
8833 0 17280116
8835 1 17281828
8837 1 17285568
8839 1 17290983
8841 0 17291205
8843 2 17291862
8845 0 17298960
8847 1 17302246
8849 1 17314082
8851 0 17314928
8853 1 17315429
8855 0 17315585
8857 2 17320413
8859 0 17338819
8861 2 17340847
8863 0 17347884
8865 1 17350392
8867 0 17352988
8869 1 17360162
8871 0 17365214
8873 1 17368212
8875 0 17372163
8877 1 17380929
8879 0 17391884
8881 1 17397627
8883 0 17397972
8885 1 17401716
8887 0 17403030
8889 1 17408656
8891 0 17420156
8893 1 17429186
8895 0 17446176
8897 1 17446521
8899 0 17461728
8901 1 17463966
8903 0 17465715
8905 1 17465937
8907 0 17466249
8909 1 17470125
8911 0 17478955
8913 2 17479456
8915 0 17483446
8917 1 17488394
8919 0 17493664
8921 1 17500502
8923 0 17508653
8925 2 17512684
8927 0 17519262
8929 1 17519574
8931 0 17522603
8933 2 17524972
8935 0 17526956
8937 2 17536378
8939 0 17537938
8941 2 17541577
8943 0 17542546
8945 1 17546195
8947 0 17548214
8949 1 17555767
8951 0 17558419
8953 2 17560231
8955 0 17562292
8957 1 17571360
8959 0 17571672
8961 2 17573421
8963 0 17577536
8965 1 17580125
8967 0 17580709
8969 1 17588888
8971 0 17598111
8973 2 17601732
8975 0 17604606
8977 1 17610897
8979 0 17618602
8981 2 17624144
8983 0 17628371
8985 1 17640543
8987 0 17648000
8989 1 17650143
8991 0 17653048
8993 1 17654507
8995 1 17669329
8997 0 17680407
8999 1 17682870
9001 0 17693354
9003 1 17693732
9005 0 17697565
9007 1 17701194
9009 1 17710245
9011 0 17710467
9013 1 17716194
9015 0 17716539
9017 1 17724812
9019 0 17725940
9021 1 17726951
9023 0 17730455
9025 2 17735555
9027 1 17744459
9029 0 17746396
9031 1 17751912
9033 0 17754952
9035 1 17761502
9037 0 17773096
9039 1 17777834
9041 0 17778545
9043 1 17783683
9045 1 17788168
9047 0 17801624
9049 1 17803301
9051 0 17810300
9053 1 17810715
9055 0 17813792
9057 1 17815349
9059 0 17834831
9061 1 17847171
9063 0 17859625
9065 2 17877886
9067 0 17878354
9069 1 17881559
9071 0 17881748
9073 1 17883416
9075 0 17884820
9077 1 17885633
9079 0 17885789
9081 1 17886446
9083 0 17889845
9085 1 17890658
9087 0 17892038
9089 1 17893810
9091 0 17902001
9093 1 17903003
9095 0 17903627
9097 1 17904403
9099 1 17911066
9101 0 17912708
9103 2 17919370
9105 1 17924135
9107 0 17925996
9109 1 17930700
9111 1 17934930
9113 0 17936788
9115 2 17940431
9117 0 17941356
9119 2 17942860
9121 0 17943742
9123 1 17949694
9125 0 17955116
9127 1 17961118
9129 1 17964314
9131 1 17965316
9133 0 17966360
9135 1 17968326
9137 0 17974610
9139 1 17979250
9141 0 17979940
9143 2 17984490
9145 1 17985804
9147 0 17991359
9149 2 17998669
9151 1 18002332
9153 0 18002488
9155 1 18005485
9157 0 18007045
9159 1 18008515
9161 1 18011270
9163 0 18015072
9165 1 18019628
9167 0 18023514
9169 2 18027752
9171 0 18028286
9173 1 18029208
9175 0 18033864
9177 1 18035679
9179 0 18037740
9181 1 18039419
9183 0 18040421
9185 1 18050791
9187 1 18052795
9189 0 18052951
9191 2 18053575
9193 0 18054421
9195 1 18056645
9197 0 18060481
9199 2 18062954
9201 0 18066983
9203 1 18068547
9205 0 18070575
9207 1 18077431
9209 0 18080981
9211 1 18082117
9213 0 18084646
9215 1 18086272
9217 0 18096520
9219 1 18098602
9221 1 18101443
9223 1 18103627
9225 1 18104629
9227 1 18113588
9229 0 18131433
9231 1 18132042
9233 0 18149367
9235 1 18154995
9237 0 18168104
9239 2 18170912
9241 1 18173146
9243 0 18185132
9245 1 18185633
9247 0 18188006
9249 1 18188819
9251 0 18191537
9253 2 18194033
9255 1 18196316
9257 1 18202985
9259 0 18205916
9261 1 18207990
9263 1 18219279
9265 0 18228496
9267 1 18229364
9269 0 18237094
9271 1 18245975
9273 0 18255185
9275 1 18257553
9277 1 18271122
9279 0 18285255
9281 1 18290311
9283 0 18296571
9285 1 18309374
9287 0 18317659
9289 1 18317971
9291 0 18322696
9293 2 18327178
9295 0 18335264
9297 1 18338750
9299 0 18339530
9301 2 18345097
9303 0 18356986
9305 2 18373411
9307 1 18374725
9309 0 18376851
9311 2 18379110
9313 1 18388889
9315 0 18390047
9317 1 18390359
9319 0 18393766
9321 1 18402218
9323 0 18412803
9325 2 18418764
9327 0 18427873
9329 1 18428218
9331 0 18432060
9333 1 18432615
9335 0 18433239
9337 1 18433551
9339 0 18434052
9341 1 18439809
9343 1 18440901
9345 0 18445330
9347 1 18446153
9349 0 18452674
9351 1 18454265
9353 1 18460318
9355 1 18461320
9357 0 18468060
9359 1 18484004
9361 1 18484852
9363 0 18495465
9365 1 18499740
9367 0 18504227
9369 1 18507298
9371 1 18517366
9373 0 18518122
9375 1 18519214
9377 0 18525516
9379 2 18528300
9381 0 18540568
9383 2 18545192
9385 0 18550580
9387 1 18553475
9389 0 18554132
9391 1 18556375
9393 0 18560329
9395 2 18562267
9397 0 18562612
9399 2 18569192
9401 0 18569414
9403 1 18574007
9405 1 18589489
9407 0 18595540
9409 1 18596476
9411 0 18599596
9413 1 18600319
9415 1 18602068
9417 0 18606689
9419 1 18608894
9421 0 18614059
9423 2 18615382
9425 1 18620690
9427 0 18632937
9429 1 18636728
9431 1 18645319
9433 0 18645508
9435 2 18661151
9437 0 18676379
9439 2 18684747
9441 2 18692549
9443 0 18694479
9445 1 18698604
9447 0 18702532
9449 2 18707663
9451 0 18714788
9453 2 18720534
9455 0 18722406
9457 1 18724689
9459 0 18725001
9461 2 18729731
9463 0 18730766
9465 2 18733544
9467 0 18734825
9469 1 18741392
9471 0 18751655
9473 1 18765870
9475 0 18767118
9477 1 18768210
9479 1 18774389
9481 0 18782815
9483 1 18784146
9485 0 18787520
9487 1 18790574
9489 0 18792947
9491 2 18798717
9493 0 18800697
9495 1 18802413
9497 0 18803103
9499 1 18804680
9501 0 18806373
9503 1 18808911
9505 0 18811296
9507 1 18813189
9509 1 18816441
9511 0 18818429
9513 1 18820229
9515 0 18821278
9517 1 18823697
9519 0 18827509
9521 1 18834931
9523 1 18836845
9525 0 18838249
9527 1 18838405
9529 0 18838717
9531 2 18841903
9533 0 18842404
9535 2 18844187
9537 1 18847767
9539 2 18856431
9541 0 18858780
9543 2 18860652
9545 0 18861673
9547 1 18865294
9549 0 18865944
9551 3 18878196
9553 0 18879141
9555 1 18879765
9557 1 18883434
9559 0 18897518
9561 1 18898766
9563 0 18899144
9565 1 18909859
9567 0 18920631
9569 1 18922260
9571 0 18923481
9573 1 18928809
9575 1 18935134
9577 1 18936883
9579 1 18937762
9581 0 18938386
9583 2 18950351
9585 1 18953159
9587 0 18953825
9589 1 18954449
9591 0 18956165
9593 1 18957512
9595 0 18958292
9597 1 18959893
9599 0 18965031
9601 1 18970583
9603 0 18974615
9605 1 18976291
9607 0 18980500
9609 1 18984469
9611 1 18988747
9613 1 18989971
9615 0 18990439
9617 1 18991146
9619 0 19000720
9621 2 19007394
9623 0 19008741
9625 1 19010334
9627 1 19014112
9629 1 19015579
9631 1 19019674
9633 1 19022515
9635 0 19023484
9637 1 19024897
9639 0 19025521
9641 2 19027705
9643 1 19033793
9645 1 19034360
9647 0 19035585
9649 1 19037935
9651 1 19041144
9653 0 19042113
9655 2 19047911
9657 0 19049257
9659 1 19053411
9661 0 19057459
9663 1 19061593
9665 0 19066281
9667 1 19070451
9669 0 19073383
9671 1 19076323
9673 0 19079918
9675 1 19080575
9677 1 19084535
9679 1 19090526
9681 0 19092885
9683 1 19100795
9685 0 19101825
9687 1 19102545
9689 1 19106241
9691 0 19109270
9693 1 19110016
9695 0 19110484
9697 1 19116193
9699 0 19121667
9701 2 19124319
9703 1 19130214
9705 1 19140136
9707 0 19153084
9709 1 19161321
9711 0 19171809
9713 1 19175506
9715 0 19182530
9717 1 19207437
9719 0 19210923
9721 1 19212639
9723 1 19213140
9725 0 19216422
9727 1 19218688
9729 0 19220621
9731 1 19228313
9733 0 19234318
9735 1 19234663
9737 0 19237600
9739 1 19242183
9741 0 19248248
9743 1 19255788
9745 1 19257504
9747 1 19270556
9749 0 19271024
9751 1 19271870
9753 0 19273742
9755 1 19274744
9757 0 19290678
9759 1 19295811
9761 0 19300368
9763 1 19301547
9765 1 19313161
9767 0 19315895
9769 1 19316519
9771 0 19317923
9773 2 19320731
9775 0 19321979
9777 1 19322135
9779 0 19324368
9781 1 19325460
9783 0 19325772
9785 1 19326618
9787 0 19331637
9789 1 19334949
9791 1 19341161
9793 1 19345250
9795 0 19345826
9797 2 19346138
9799 0 19347386
9801 1 19348322
9803 0 19348889
9805 1 19349669
9807 0 19353463
9809 1 19359195
9811 1 19369572
9813 0 19370229
9815 1 19374349
9817 0 19375261
9819 1 19381549
9821 0 19383227
9823 1 19387119
9825 1 19393843
9827 1 19400227
9829 0 19400605
9831 1 19401495
9833 1 19405639
9835 0 19406847
9837 2 19411175
9839 0 19416191
9841 1 19420506
9843 1 19427921
9845 0 19429145
9847 1 19430549
9849 0 19431796
9851 1 19435237
9853 0 19436879
9855 1 19443487
9857 0 19445935
9859 1 19446791
9861 0 19450511
9863 1 19452951
9865 0 19455365
9867 1 19457006
9869 0 19463788
9871 1 19475306
9873 0 19497308
9875 1 19512069
9877 1 19525192
9879 1 19526280
9881 0 19539416
9883 1 19556318
9885 0 19567573
9887 1 19568887
9889 1 19569987
9891 0 19592835
9893 1 19597975
9895 0 19602092
9897 2 19609723
9899 1 19613073
9901 0 19632284
9903 1 19638799
9905 0 19643756
9907 1 19647666
9909 0 19652715
9911 1 19662836
9913 0 19665207
9915 1 19665831
9917 0 19667506
9919 1 19687260
9921 0 19690411
9923 1 19692784
9925 0 19701670
9927 1 19713908
9929 1 19719316
9931 1 19727861
9933 0 19736109
9935 1 19744317
9937 0 19746534
9939 1 19761239
9941 0 19765355
9943 1 19773386
9945 1 19777130
9947 0 19781857
9949 1 19787386
9951 0 19787942
9953 1 19796349
9955 0 19802637
9957 1 19806914
9959 1 19825256
9961 0 19829421
9963 1 19841593
9965 0 19843186
9967 2 19854614
9969 0 19859123
9971 1 19863928
9973 0 19875746
9975 1 19881675
9977 0 19890689
9979 1 19896676
9981 0 19909097
9983 1 19920105
9985 0 19945345
9986 1 19945711
9987 0 19945867
9988 1 19946335
9989 1 19950859
9990 0 19951828
9991 2 19952657
9992 0 19954373
9993 1 19959462
9994 0 19960554
9995 2 19963838
9996 0 19969019
9997 1 19969643
9998 0 19969799
9999 2 19970579
