4096 1
512 2
2048 3
3072 4
2560 4
1024 5
5632 5
1024 5
5120 5
2560 6
3072 6
4096 7
2560 6
1024 6
1536 6
5632 7
512 8
512 9
2048 9
3584 9
3072 10
6144 10
7680 10
8704 8
11776 6
3584 7
3072 7
3584 8
512 8
4096 9
2560 9
512 10
3584 11
3584 12
1024 13
4096 13
512 14
512 15
1024 16
1024 17
3072 18
1536 19
11264 17
512 18
16896 16
4608 16
6144 16
1536 17
1536 16
1536 17
512 18
4096 18
3584 18
2048 18
5120 15
512 14
7680 12
7680 13
2048 14
5632 14
1536 15
1536 15
8192 16
1024 15
512 15
512 14
3072 14
5632 14
2048 14
2048 13
1536 14
2048 15
9216 14
2048 14
1536 15
2048 13
1024 13
2560 11
3072 12
2048 12
2048 13
5120 14
1536 15
512 16
512 17
512 18
1536 19
3584 20
4608 21
3584 22
7680 23
10752 24
1536 25
1024 26
2048 27
1024 28
3072 28
7680 26
2560 27
2560 28
512 29
4608 30
3072 31
2560 32
7168 33
2560 34
3584 35
4608 36
1536 35
2048 34
2048 35
1536 36
5120 37
512 38
4608 38
6656 39
5120 40
1536 41
1536 41
5632 41
2560 42
5632 43
2560 43
512 44
1024 45
1536 44
512 45
7168 40
4096 40
1024 40
2048 40
4096 41
12288 38
1536 39
4608 40
1024 41
7168 42
9728 42
7168 42
5632 42
512 43
1536 44
5632 45
4608 46
512 47
1024 48
2560 48
7680 46
3584 47
1536 47
6656 46
7680 47
1536 47
9728 46
512 47
6656 45
3072 45
3072 45
4096 44
6656 44
1536 45
2560 45
2560 46
512 47
1024 45
4608 46
1536 45
9216 44
7168 39
3072 39
6656 39
1024 38
6656 38
1536 38
6656 38
4096 37
2048 34
4096 35
512 36
2560 34
512 35
512 34
512 35
10240 32
1024 33
3072 34
5120 33
2560 31
1024 32
2560 31
2048 32
512 32
512 32
3584 31
6144 29
2560 29
1536 28
2560 28
512 29
2048 27
5632 28
2560 28
512 28
2048 28
2048 29
4608 28
3072 22
7680 20
7680 19
2560 19
4608 17
8704 17
512 18
4608 19
1024 20
4608 21
3072 22
6144 23
5120 24
6656 25
4096 26
1536 27
1024 28
8704 29
3072 30
512 31
1536 32
1024 33
10240 34
3584 35
12800 36
2048 37
7168 38
11264 39
5632 40
512 41
3072 42
2048 43
512 44
512 45
9216 46
4608 47
16384 48
1024 49
1536 50
2048 51
512 52
512 53
6144 54
512 54
2560 55
1536 54
512 55
512 53
3584 53
1024 52
6656 51
6144 51
512 51
1536 52
1024 53
1024 54
1536 55
4608 55
2560 56
1024 57
6656 56
1536 57
2560 58
5120 56
4096 56
9216 55
512 56
3584 55
512 56
3584 56
2560 56
1024 57
4096 56
1536 55
1024 54
2048 52
1024 53
2560 49
512 50
1024 51
8704 49
1024 46
3584 47
1536 47
3072 48
9728 46
4608 44
512 45
4096 44
2560 39
14848 34
4608 34
512 32
8704 31
512 31
512 31
2560 32
9216 30
4096 29
1536 29
3072 30
7680 29
1536 27
2560 25
2560 22
1536 22
1024 22
4096 21
3584 22
10752 21
5120 19
4096 20
6144 15
512 15
8704 15
2048 15
2048 16
3584 16
2048 17
512 18
1024 19
2048 17
2560 17
8704 15
5120 14
512 15
512 15
2048 12
1536 7
512 7
3072 6
512 2
512 1
1024 1
1024 2
1024 3
1024 4
5120 5
1024 6
3584 7
1024 8
2048 9
4096 10
10240 11
10752 12
3072 13
8192 14
2048 15
5632 16
4096 17
2560 18
6144 19
3584 20
3072 21
7680 22
4608 23
2560 24
1024 25
1536 26
2560 27
3584 28
1536 29
1536 30
512 31
3072 32
1024 33
1024 34
2048 35
6144 36
6656 37
14848 38
2560 39
3584 40
7168 41
1024 42
1024 43
16384 44
14848 45
3072 46
6144 47
3072 48
1024 49
4096 50
2048 51
6656 52
3072 53
512 54
2048 55
7680 56
512 57
2048 58
1536 59
512 60
3584 61
512 62
3584 63
1024 64
1536 65
3072 66
4096 67
8192 68
512 69
1536 70
12288 71
4096 72
2048 73
512 74
6656 75
2048 76
8192 77
12288 78
2560 79
512 80
512 81
3584 79
1024 78
3584 74
4096 72
2048 72
1536 70
512 69
2048 67
3072 64
512 61
2560 58
512 57
8192 54
512 55
2048 54
11264 50
3072 50
1024 47
512 46
1024 43
1024 41
1024 40
2560 36
3072 35
1536 34
2560 30
512 31
1536 27
1024 26
5632 22
1024 22
7680 17
1536 17
2048 10
9728 6
1536 6
4096 5
1536 4
512 1
3584 1
3584 1
1024 1
1536 1
3072 2
3072 3
16384 4
1024 5
3072 6
512 7
11776 8
5632 9
11264 10
6656 11
4608 12
2048 13
1024 14
5120 15
4096 16
512 17
4096 18
12800 19
5120 20
1024 21
3584 22
2048 23
2560 24
5120 25
9216 26
1536 27
512 28
512 29
2048 30
2048 31
512 32
512 33
512 34
9728 35
1024 36
1536 37
4608 38
3072 39
7168 40
1024 41
6656 42
512 43
1024 44
3072 45
3072 46
1536 47
1024 48
5632 49
1536 50
1536 51
4608 52
1536 53
1536 54
3584 55
3072 56
1536 57
2560 58
512 59
3072 60
1024 61
12800 62
512 63
3584 64
2560 65
2560 66
2048 67
4096 68
10752 69
4096 70
6656 71
3584 72
1024 73
1024 74
3584 75
3584 76
1536 77
6144 78
13824 79
512 80
10240 81
4096 82
1536 83
3072 84
4096 85
512 86
2048 87
3072 88
8704 89
1024 90
1024 91
1536 92
16384 93
4096 94
512 95
2048 96
6656 97
2560 98
3584 99
512 99
512 97
5120 91
2048 92
2048 88
512 89
10240 84
512 84
3584 83
4096 79
3584 75
8192 73
1536 73
512 70
512 65
4608 60
3072 61
4608 57
1024 50
2048 49
3072 50
4608 51
4608 52
10752 53
1024 54
3072 55
2048 56
1536 57
1536 58
1536 59
4096 60
3072 61
11776 62
3584 63
3584 64
2048 65
2048 66
3584 67
4608 68
5120 69
512 70
1024 71
1536 72
7168 73
1024 74
5120 75
1536 76
5120 77
1536 78
10752 79
512 80
4608 81
2048 82
2560 83
512 84
2560 85
9728 86
2048 87
512 88
1024 89
7168 90
1536 91
3072 92
3584 93
5120 94
3584 95
3072 96
5120 97
512 98
512 99
8192 100
5120 101
4096 102
512 103
4608 104
14848 105
2048 106
512 107
1024 108
4608 109
3584 110
5632 111
512 112
4096 109
1024 107
5120 101
3584 99
512 94
2048 94
10240 91
2560 88
4608 83
3072 82
512 82
1536 79
6656 75
4096 74
512 71
3072 67
2048 66
2048 62
2560 58
10240 58
512 56
1536 53
5632 49
1024 46
4608 42
1024 40
512 35
512 35
2560 32
1024 31
1024 30
5632 31
4608 27
3584 25
3072 25
1024 22
1536 21
2048 19
1024 17
3072 15
512 8
1024 9
1024 7
1536 2
5120 1
1024 1
512 2
8192 3
1024 4
10240 5
5632 6
1536 7
2560 8
1024 9
1536 10
5632 11
1536 12
512 13
512 14
512 15
512 16
3072 17
2560 18
1536 19
1536 20
512 21
1024 22
4608 23
3072 24
1536 25
5632 26
6144 27
2560 28
1024 29
13312 30
1024 31
1024 32
6656 33
1024 34
1024 35
1536 36
2048 37
2048 38
2048 39
1024 40
6144 41
1536 42
10240 43
6656 44
2048 45
1536 46
3072 47
3584 48
1536 49
8704 50
9216 51
7168 52
512 53
1536 54
1024 55
1024 56
2560 57
5120 58
5632 59
2048 60
1536 61
1536 61
512 60
1024 58
4608 54
2048 52
12288 43
5120 43
6144 43
512 40
2560 40
1536 34
2048 34
8192 30
2560 28
6144 24
3584 19
1024 19
1024 14
512 11
1024 8
512 6
4096 1
5120 1
5120 1
1024 1
512 1
1536 1
512 1
7680 1
1024 1
1536 1
11264 1
4096 2
4608 3
3584 4
5120 5
6144 6
1024 7
4096 8
15872 9
9728 10
4096 11
2560 12
1024 13
2048 14
512 15
4608 16
2048 17
2560 18
7680 19
6144 20
1024 21
2560 22
12800 23
1536 24
13312 25
3584 26
4608 27
4096 28
1536 29
1024 30
1536 31
3072 32
1536 33
1024 34
6144 35
7680 36
5120 37
1536 38
2048 39
9216 40
6144 41
6144 42
1536 43
5120 44
1536 45
1024 46
512 47
4096 48
1024 49
3584 50
1536 51
2048 52
2048 53
3072 54
3584 55
5120 56
3584 57
1536 58
1024 59
6144 60
2560 61
2560 62
4608 63
2560 64
1024 65
4096 66
4608 67
2560 68
1536 69
1536 70
4096 71
4608 72
2560 73
4096 74
2560 75
6144 76
4096 77
3072 78
4608 79
4608 80
512 81
512 82
512 83
2048 84
512 85
1024 86
3584 87
1024 88
512 87
3072 86
12288 85
1024 86
9728 82
2048 81
1024 81
3584 80
12800 76
1536 76
3584 72
512 68
512 66
3584 65
512 62
4608 59
4608 57
512 56
512 53
3072 48
512 49
9216 47
7168 45
9216 42
2048 42
512 39
3072 37
1024 36
3072 34
4608 31
9216 28
1024 26
1536 22
3584 20
2048 19
2560 13
7168 11
3584 8
1536 6
1024 7
8704 5
1536 3
1024 1
2048 2
4608 3
3584 4
1536 5
4096 6
2560 7
6144 8
4096 9
8704 10
4096 11
6144 12
512 13
2048 14
2048 15
5632 16
2048 17
2560 18
3072 19
7680 20
1024 21
512 22
2048 23
512 24
1536 25
8704 26
512 27
2048 28
6144 29
1536 30
1024 31
1024 32
1024 33
512 34
1536 35
1024 36
2048 37
2560 38
10752 39
2560 40
3072 41
2560 42
16384 43
1536 44
1024 45
1536 46
1024 47
8192 48
5120 49
2048 50
1024 51
2048 52
3584 53
1536 54
3072 55
1024 56
7168 57
6656 58
9728 59
2560 60
3584 61
1024 62
2048 63
1536 64
3072 65
3584 66
512 67
9216 68
9216 69
512 70
1024 71
6144 72
8704 73
512 74
1024 75
6144 76
512 77
3584 74
3584 73
2560 73
3072 70
4096 68
2048 66
512 65
4608 61
3072 57
512 56
5632 51
7680 50
512 49
3584 49
6656 44
1024 38
4608 37
1024 36
512 31
1024 31
4096 26
512 23
1536 21
4096 19
7168 17
3072 14
2048 12
1536 10
2048 6
2560 4
5120 1
3072 1
2560 2
2048 3
3584 4
2560 5
512 6
512 7
1024 8
512 9
3072 10
1024 11
5632 12
3584 13
15872 14
2048 15
512 16
512 17
512 18
8192 19
3584 20
512 21
1536 22
512 23
6656 24
2048 25
2048 26
9216 27
2560 28
1024 29
3584 30
5632 31
3072 32
3072 33
2048 34
15872 35
3584 36
9216 37
4608 38
6144 39
5632 40
8704 41
512 42
4096 43
512 44
512 45
2048 46
512 47
5120 48
1024 49
1024 50
7168 51
512 52
4608 53
5120 54
1024 55
1024 56
4608 57
3584 58
1024 59
14848 60
1024 61
4096 62
512 62
3072 61
512 58
512 56
512 52
3584 49
3584 49
5632 46
8192 41
512 42
512 37
2560 37
5632 35
7680 28
5120 26
16384 27
3584 28
512 29
3072 30
1024 31
1536 32
3584 33
1536 34
10752 35
3584 36
512 37
4608 38
8192 39
3584 40
5632 41
4608 42
1024 43
1024 44
2048 45
2560 46
1024 47
1024 48
512 49
12288 50
1536 51
1536 52
1536 53
1024 54
3584 55
1024 56
1024 57
4608 58
4096 59
1024 60
512 61
2560 62
7168 63
2560 64
9728 65
7168 66
3072 67
512 68
2048 69
512 70
6656 71
3584 72
1536 73
6656 74
512 75
2560 76
4096 77
4096 78
512 79
1536 80
2560 81
11776 82
512 83
512 84
2560 85
2560 86
1024 87
512 88
7680 89
1536 88
512 88
5120 79
3584 76
1024 74
4608 70
5120 66
512 61
2048 60
6144 60
3072 61
9728 60
2560 52
1024 51
3584 50
512 48
1024 48
1024 47
5632 44
7168 43
3072 39
1024 35
512 34
1024 33
512 29
3072 29
5120 24
5120 22
512 21
10752 19
4608 16
2560 14
2560 12
2048 7
2048 5
1024 5
2048 4
2048 1
4608 1
3072 1
512 1
2560 1
3584 2
7680 3
4608 4
5632 5
1024 6
1536 7
1024 8
2048 9
3072 10
1024 11
8704 12
2048 13
6144 14
7680 15
2048 16
11264 17
2048 18
3072 19
4096 20
1536 21
2048 22
1024 23
512 24
1024 25
512 26
512 27
1536 28
10240 29
3072 30
1024 31
512 32
1536 33
1536 34
6656 35
1024 36
512 37
2560 38
5632 39
3072 40
4608 41
2560 42
1536 43
1024 44
5120 40
1024 41
1024 40
1024 39
2560 35
1024 33
2048 23
1536 22
3072 23
4608 19
1536 20
6656 17
4096 17
2048 17
1024 15
512 12
1024 9
7168 8
1536 9
3584 2
3584 1
1536 1
512 2
1536 3
512 4
8704 5
2048 6
12800 7
2048 8
5120 9
4096 10
1024 11
3584 12
3072 13
3584 14
7680 15
6144 16
2560 17
1024 18
5120 19
2560 20
2560 21
2560 22
1024 23
1536 24
2048 25
6144 26
3072 27
9216 28
10752 29
1536 30
2048 31
1536 32
6144 33
3584 34
4096 35
7168 36
5632 37
4096 38
512 39
2048 40
4608 41
1024 42
4096 43
2560 44
2048 45
2560 46
1024 47
1024 48
5632 49
2560 50
8704 51
1024 52
1024 53
512 54
6144 55
5120 56
512 57
2048 58
4096 59
2560 60
5120 61
2560 62
1024 63
2048 64
512 65
2048 66
9216 67
14848 68
6656 69
1024 70
5632 71
2048 72
4096 73
3072 74
512 75
2560 76
512 77
512 78
3072 79
512 80
4096 81
5120 82
1536 82
4096 78
1536 78
6144 77
3584 78
5632 76
4096 73
2560 74
4096 72
1024 70
3584 66
512 62
1536 60
3072 56
1536 48
2560 49
12800 44
512 43
1024 43
5120 44
512 45
5120 46
2560 47
10240 48
6656 49
512 50
1024 51
4096 52
512 53
1536 54
6144 55
512 56
2048 57
1024 58
512 57
512 55
2048 51
1536 49
512 47
5632 43
3584 42
8704 42
6144 37
4096 36
3072 31
512 31
5632 27
2048 25
512 21
3072 20
3584 14
12800 12
3072 10
1536 11
1536 10
512 7
2048 7
3584 3
1024 1
3072 2
12800 3
4608 4
512 5
5632 6
3072 7
1536 8
2560 9
512 10
3072 11
4096 12
8704 13
12288 14
3072 15
512 16
4096 17
1536 18
512 19
2560 20
2048 21
1536 22
8704 23
5120 24
6144 22
4608 20
6656 18
4096 16
3072 14
2048 6
9728 6
1536 7
1024 6
512 6
512 1
3072 1
7168 1
4096 1
1024 1
3072 2
2560 3
3072 4
1024 5
1024 6
3584 7
2048 8
5120 9
2560 10
1024 11
3072 12
512 13
3072 14
2560 15
14848 16
1024 17
10752 18
7168 19
512 20
4608 21
9216 22
2560 23
2560 24
2048 25
7168 26
10752 27
4096 28
1536 29
2560 30
4608 31
5632 32
4096 33
512 31
2048 28
8192 24
2560 22
2048 19
2048 18
4608 14
6144 11
3072 11
12288 11
3584 11
4608 10
6656 10
512 11
9728 8
4608 9
2048 6
7680 5
4096 1
3072 1
1536 2
4096 3
8704 4
11776 5
512 6
5120 7
1536 8
6144 9
5632 10
3072 11
3584 12
2048 13
9216 14
512 15
1536 16
2560 17
2560 18
4096 19
512 20
6144 21
4608 22
512 23
3072 24
1024 25
3584 26
4096 27
2048 28
4096 29
1536 30
7680 28
2048 25
1024 23
7680 15
2048 14
9216 14
4096 13
6144 12
1536 11
4096 11
1536 3
1536 4
1024 3
512 1
512 2
512 1
2560 1
10240 2
5120 3
2048 4
1536 5
8704 6
3072 7
1536 8
5120 9
4608 10
1024 11
512 12
5632 13
16384 14
8192 15
3584 16
1536 17
8192 18
7168 19
8704 20
1024 21
1024 22
512 23
4608 24
1536 25
2560 26
512 27
4096 28
2048 29
1536 30
6656 31
2560 31
1024 32
3072 31
10752 28
3072 27
1536 28
2560 23
512 24
3584 25
1536 22
8704 18
1024 17
8192 12
1024 13
5120 8
512 7
4096 4
3072 5
3072 5
512 3
3072 1
1024 2
1024 3
2560 4
3072 5
4096 6
2560 7
1536 8
1024 9
2560 10
3584 11
8704 12
5120 13
512 14
2048 15
2560 16
1024 17
2048 18
4096 19
512 20
5632 21
512 22
2048 23
3072 24
3072 25
512 26
2048 27
4608 28
512 29
2048 27
512 25
2560 25
3072 20
8192 19
4096 18
2560 17
1536 14
7168 13
7168 11
512 12
1024 11
2048 9
1024 7
3584 6
1024 1
8192 1
512 2
3584 3
512 4
9216 5
9216 6
1536 7
2560 8
1024 9
1024 10
4096 11
3072 12
4608 13
3584 14
1024 15
2048 16
1024 17
2048 18
1024 19
4096 20
2048 21
512 22
512 23
3072 24
2048 25
2048 26
2048 27
3072 28
1536 29
2048 30
4608 31
2560 32
1536 33
6144 27
1536 27
1024 27
2560 24
512 24
1024 25
6144 15
6656 13
8704 11
6656 11
4096 11
4608 11
1536 12
9216 6
1024 5
2048 1
3072 1
1024 2
3584 3
4608 4
3584 5
3072 6
3072 7
2560 8
512 9
2048 10
6144 11
5632 12
13312 13
5632 14
8192 15
2048 16
10240 17
3072 18
11776 19
512 20
3584 21
2560 22
1536 23
3584 24
3584 25
1536 26
7168 27
8192 25
1024 24
2560 20
5632 21
4096 22
5120 23
6656 24
512 25
1536 26
4096 27
4096 28
512 29
5120 30
1536 31
7168 32
1536 33
1536 34
6144 35
512 35
1536 36
2048 37
4608 38
2048 39
1536 40
512 41
1536 42
1024 43
3072 44
9216 42
4096 43
6144 43
3584 41
5632 39
2048 37
5632 37
8704 33
512 33
1536 33
7680 29
3584 27
512 26
7168 24
6144 22
512 23
8192 15
2048 15
5632 14
3584 10
9728 6
3072 7
3072 4
6656 4
1536 1
2048 1
4096 1
3584 1
1536 1
512 1
3072 1
3072 1
11776 1
1536 2
2048 3
1024 4
2048 5
3072 6
512 7
1024 8
2560 9
1536 10
4096 11
6144 12
1024 13
12800 14
512 15
2048 16
2048 17
2560 18
512 19
4608 20
7168 21
4096 22
6656 23
2560 24
4096 25
512 26
10752 27
5632 28
1536 29
1536 30
5632 31
512 32
10752 33
1536 34
3584 35
1024 36
5120 37
1024 38
3584 39
2048 40
8192 41
8704 42
7168 43
15872 44
5120 45
1024 46
10752 47
512 48
1024 49
3584 50
9728 51
2048 52
10240 53
4096 54
4096 55
3584 56
2048 57
2048 58
5632 59
2048 60
2048 61
5120 62
5632 63
1024 64
2560 65
4608 66
1024 67
5120 68
2560 69
512 70
4096 71
1024 72
1536 73
2048 74
4608 72
1536 71
1536 66
3584 62
512 62
2048 61
6144 61
1536 59
3072 55
512 48
1024 48
7168 46
1536 46
3072 45
1536 43
5632 40
5120 33
1024 31
5120 26
2048 26
3072 27
1024 23
512 23
7680 20
3072 18
1024 14
4608 15
9216 12
10240 11
6656 11
2560 7
1024 7
1024 6
1024 1
1024 1
2048 2
5120 3
4608 4
2560 5
1024 6
512 7
5120 8
1536 9
2048 10
3584 11
2048 12
4608 13
4608 14
3072 15
512 16
5120 17
6656 18
4608 19
2560 20
512 21
2560 22
2560 23
2560 24
16384 25
2048 26
512 27
3584 28
1024 29
3072 30
2048 31
512 32
4608 33
2048 34
1024 35
1536 36
2048 37
9728 38
1024 39
6144 40
4096 41
512 42
1536 43
5632 44
2048 45
6656 46
6656 47
2048 48
1024 49
4096 50
1024 51
1024 52
5632 53
3072 54
3584 55
512 56
3072 57
2560 58
2048 59
512 60
16384 61
3072 62
2048 63
512 64
512 65
2048 66
3072 67
2048 68
1536 69
2048 70
4096 71
4096 72
4096 73
9216 74
16384 75
512 76
1024 77
5632 78
3072 79
3584 80
6144 81
2048 82
1024 83
512 84
2048 85
2048 86
512 87
6656 88
512 89
1024 90
10752 91
5632 92
2560 93
1536 94
2048 95
7168 96
6144 97
4096 98
1536 99
3072 99
1536 97
2560 97
7168 95
1536 91
8704 91
4608 89
2560 90
4096 90
4096 90
1536 86
512 79
512 79
3072 80
6656 76
5632 75
512 73
1024 72
3584 68
4096 65
5632 65
1536 60
2048 55
6656 54
7680 53
512 50
1536 48
6144 47
1536 42
512 41
2048 42
1024 41
1536 39
4096 37
3072 35
2560 32
1024 31
9728 27
8192 25
1024 22
4608 21
7168 18
9216 18
3072 16
2560 11
1024 7
3584 8
1024 4
1024 4
1024 1
1536 1
1536 1
1024 1
4608 1
5120 2
1024 3
4096 4
8192 5
512 6
4096 7
2560 8
1024 9
3584 10
1536 11
3072 12
512 13
2560 14
2048 15
2048 16
1536 17
5120 18
2048 19
4608 20
6656 21
3072 22
2560 23
4096 24
1536 25
5120 26
512 27
512 28
2048 29
2048 30
2048 31
1536 32
4608 33
4608 34
5120 35
1024 36
7168 37
3072 38
1536 39
1024 40
512 41
512 42
1536 43
1024 44
1536 45
1024 46
512 47
7168 48
1024 49
5632 50
8704 51
3584 52
3072 53
6144 54
14848 55
1536 56
6144 57
7168 58
2560 59
1024 60
5632 61
2048 62
3072 63
1024 64
3584 65
2048 66
11264 65
1536 65
12288 64
2048 65
3072 64
5120 60
2048 59
4608 56
3072 57
3584 58
2048 57
7168 57
8192 56
3072 56
2048 52
3584 49
1024 46
6656 40
3584 39
2560 36
1024 35
2560 34
1024 33
1536 29
3072 26
8192 23
4096 22
3072 19
1024 17
512 18
1536 15
4608 12
3072 7
2560 8
512 7
512 1
512 1
1536 1
512 1
1536 2
7680 3
13824 4
1536 5
2048 6
4096 7
3072 8
1024 9
512 10
3584 11
1024 12
4608 13
1024 14
1536 15
1024 16
5632 17
5120 18
7680 19
4096 20
1024 21
1024 22
9216 23
3072 24
1024 25
4608 26
512 27
3072 28
6656 29
512 30
1024 31
1024 32
512 33
512 34
1536 35
8704 36
2560 37
1024 38
2560 39
3584 40
5120 41
1536 42
3584 43
1536 44
1536 45
2048 46
1536 47
3072 48
1024 49
3072 50
8704 51
1536 52
2048 53
6144 54
4608 55
512 56
4608 57
4608 58
1024 59
1536 60
15872 61
3584 62
2048 63
12800 64
2560 65
2048 66
1536 67
3584 68
1024 69
3584 70
10240 71
512 72
13312 73
1024 74
13824 75
2048 76
2048 77
512 78
1536 79
6656 80
7680 81
512 82
1536 83
2048 84
2048 85
1024 86
6144 87
1024 88
2048 89
2560 90
2048 91
7168 92
8192 91
2560 91
3072 87
1536 87
5632 86
1024 81
512 82
512 82
2048 81
8704 76
2048 74
3072 75
6656 70
3584 66
12288 64
5632 65
2048 64
2560 63
2048 64
3584 65
5632 66
1024 67
3072 68
3584 69
1024 70
512 71
6144 72
6656 73
3584 74
5120 75
3584 76
4608 77
3072 78
2560 79
512 80
3072 81
5632 82
6656 83
3072 84
3072 85
2048 86
512 87
13824 88
4096 89
8192 87
2560 88
6656 82
2560 82
3072 81
2048 78
4096 73
1024 71
2560 68
9216 65
5120 61
1536 60
10240 57
1536 55
3072 50
512 46
3584 45
1536 42
1024 37
2048 37
12800 35
4096 34
1024 31
5120 30
9216 25
6144 25
3584 26
13312 27
7168 28
5120 29
4608 30
5120 31
4096 32
1536 33
4096 34
6144 35
12288 36
3072 37
512 38
5632 39
3072 40
512 41
1536 42
3072 43
1536 44
512 45
1536 46
512 47
512 48
1024 49
1024 50
2560 51
6144 52
3584 53
2560 54
5632 55
3584 54
4096 52
5120 45
2048 43
3584 41
512 40
1024 41
1536 38
1024 37
8704 34
2560 34
3584 33
6656 29
3584 29
4096 27
1024 25
4096 23
2560 21
5632 22
1024 17
512 16
1536 13
2048 10
1536 10
4096 11
512 12
512 13
4608 14
2560 15
1024 16
3072 17
4608 18
7168 19
1024 20
2560 21
512 22
7168 23
2048 24
5120 25
1024 26
2048 27
4608 28
2560 29
2048 30
6144 31
1536 32
5632 33
2560 34
4608 35
1536 36
5632 37
5632 38
10240 30
1024 29
1536 30
2048 28
1536 28
3584 26
2560 24
2048 18
6144 17
2048 18
512 19
3584 17
10752 13
1536 8
9728 8
4608 4
2560 1
3584 2
10240 3
2560 4
1536 5
2560 6
2048 7
1024 8
2560 9
4608 10
512 11
2560 12
6656 13
4608 14
7680 15
512 16
4096 17
12288 18
512 19
6656 20
6656 21
5632 22
8192 23
2560 24
6656 25
3072 26
512 27
512 28
512 29
1536 30
7168 31
2560 32
3072 33
3584 34
1536 35
512 36
512 37
512 38
1536 39
1536 40
2560 39
1536 33
7168 33
6144 31
512 32
5120 33
512 32
4096 33
5632 32
15872 29
512 29
4608 28
1536 23
8704 20
512 21
1024 17
5120 14
5632 8
11776 1
2048 1
2560 1
4608 1
10240 2
4608 3
1024 4
4608 5
512 6
2048 7
7168 8
4096 9
2048 10
4096 11
2560 12
2048 13
5632 14
4608 15
2048 16
14848 17
3072 18
8704 19
3584 20
1024 21
4096 22
8704 23
7680 24
4096 25
7680 26
13312 27
1024 28
1536 29
1536 30
1024 31
3584 32
7680 33
1536 34
7168 35
3584 36
1536 32
4608 31
7680 28
1536 29
1024 26
5632 25
2560 19
10240 20
2560 20
1536 20
10240 14
2048 13
8704 11
512 12
6144 9
4608 10
2560 4
2048 3
1024 2
5632 1
3584 1
3072 2
16384 3
512 4
4608 5
1024 6
4096 7
2048 8
512 9
7168 10
3072 11
1536 12
2560 13
1024 14
2048 15
2048 16
1536 17
512 18
2048 19
512 20
5120 21
5632 22
1024 23
2560 24
5120 25
5120 26
1536 27
11776 28
2048 29
14848 30
2048 31
3072 32
1536 33
5632 34
1024 35
512 36
9216 37
512 38
512 39
1024 40
6656 41
10240 42
5120 43
2560 44
10752 45
3584 46
1536 47
7168 48
13824 49
2048 50
8192 51
13824 52
16384 53
5632 54
2560 55
8192 56
2048 57
1536 58
2560 59
512 60
2560 58
3072 59
1024 53
1024 51
512 50
1536 51
1536 46
3072 46
4096 44
2560 41
2048 41
5120 34
3584 32
10752 27
1536 24
14336 23
3072 24
1024 25
1536 20
9216 11
3584 11
2048 12
3072 11
5632 11
2048 9
1024 7
1024 5
1024 2
1536 1
512 2
7680 3
8704 4
1024 5
2048 6
4608 7
1536 8
512 9
7680 10
512 11
14336 12
1536 13
10240 14
3072 15
3072 16
1536 17
8704 18
7168 19
2048 20
4096 21
2048 22
8192 23
7168 24
11776 25
512 26
8192 27
512 28
2048 29
2048 30
5120 31
3584 32
11264 33
3072 34
7168 35
12288 36
10752 37
5632 38
512 39
1536 34
512 35
512 35
2048 33
8192 29
2560 29
1024 27
4608 26
1024 25
1024 22
5632 19
2560 19
2560 17
7168 10
3584 10
2560 5
1536 6
3072 5
15360 1
1536 2
1536 1
3072 1
2560 2
512 3
1536 4
5632 5
1536 6
1024 7
5632 8
3072 9
2048 10
2560 11
3584 12
6656 13
2048 14
1536 15
8192 16
2560 17
2560 18
1536 19
1024 20
512 21
512 22
9216 19
512 19
3072 17
2560 11
4608 11
2560 12
1024 13
2048 11
512 4
4608 2
512 1
3072 1
1024 1
1024 1
512 1
1024 2
2560 3
512 4
3072 5
512 6
3584 7
4096 8
13312 9
1536 10
2560 11
3072 12
512 13
3072 14
2560 15
3584 16
10240 17
1024 18
2048 19
1536 20
512 21
1536 22
1536 23
2048 24
2560 25
7168 26
3072 27
3584 28
512 29
10240 30
2560 31
3072 32
1024 33
5120 34
2560 35
1024 36
3584 37
5120 38
1536 39
512 40
7680 41
8192 42
1536 43
2048 41
2048 36
3072 32
5120 30
512 29
2048 29
2560 29
3072 28
3584 27
3584 27
512 22
5120 21
3584 18
2048 16
7680 12
512 13
3072 11
1536 11
4096 9
512 5
5632 2
2560 1
3072 1
2048 1
5632 2
2048 3
2560 4
4096 5
512 6
1536 7
2048 8
6144 9
2560 10
1536 11
4608 12
12288 13
5632 14
5632 15
1024 16
1024 17
1024 18
512 19
512 20
3072 21
2048 22
512 23
2048 24
3584 25
1536 26
1536 27
1536 28
5120 29
1024 30
4608 31
16384 32
6656 33
10752 34
2048 35
3072 35
1024 33
7680 29
4096 29
3072 28
3072 26
1536 24
1536 21
1024 15
6656 14
1024 15
512 10
7168 9
2048 6
5120 2
512 2
3584 1
1024 1
2048 2
2560 3
4608 4
11776 5
1536 6
7680 7
512 8
2048 9
512 10
4608 11
2560 12
1536 13
1536 14
2048 15
9216 16
512 17
512 18
5632 19
4608 20
4608 21
2048 22
512 23
8192 24
1024 25
512 26
5120 27
1536 28
10752 29
1536 30
5632 31
2560 32
2048 33
14336 27
512 28
2560 29
2048 28
1536 19
10752 18
2048 19
6656 17
7168 18
3072 16
6656 14
512 14
2560 10
512 7
512 4
1024 1
4608 2
1536 3
5120 4
6656 5
3072 6
1024 7
3072 8
1024 9
1024 10
512 11
512 12
3584 13
512 14
2560 15
1024 16
8704 17
3584 18
6144 19
6144 20
3584 21
512 22
512 23
1536 24
7680 25
2048 26
2560 27
3584 28
2048 29
512 30
4608 31
1536 32
9728 33
1024 34
5632 35
4608 36
3072 37
2048 33
11264 34
1536 35
3584 36
3584 37
2048 38
2048 39
3584 40
3584 41
1536 42
6656 43
1536 44
1024 45
4608 46
1024 47
1536 48
1536 49
1024 50
1536 51
512 52
512 53
5120 54
3584 54
5632 53
15360 47
5632 45
5120 39
1024 40
3584 39
2560 39
512 37
4096 34
4608 33
1536 27
1536 27
2560 24
1536 21
8192 16
1024 14
3072 13
6144 9
2560 9
2560 9
9216 6
1024 6
2048 1
512 2
4096 3
3584 4
2048 5
4096 6
512 7
3584 8
2048 9
1024 10
8192 11
1024 12
4096 13
2560 14
1024 15
2560 16
1024 17
4608 18
4096 19
3072 20
1024 21
8192 22
1536 23
1024 24
5120 25
1536 26
1536 27
2048 28
512 29
1536 27
3072 27
1024 27
7168 25
4608 23
5120 24
3584 21
3584 19
8192 16
5632 17
512 17
2560 18
512 19
4096 20
1024 21
3072 22
3584 23
8192 24
512 25
1024 26
2560 27
2048 28
6144 29
512 30
7680 31
512 32
1024 33
1024 34
2048 35
1024 36
3072 32
2560 32
512 29
512 28
5632 21
1024 22
9216 19
4096 20
4096 18
512 17
5120 13
512 13
1536 12
1536 9
3584 6
1536 5
5120 1
1536 1
5120 1
2048 2
1024 3
3072 4
8192 5
512 6
2560 7
5632 8
512 9
3072 10
2560 11
4608 12
1536 13
512 14
3072 15
512 16
16384 17
1536 18
3584 19
4096 20
5120 21
1536 22
3584 23
4096 24
4096 25
6144 26
3072 27
2560 28
3584 29
14848 30
512 31
8192 32
512 33
2048 34
512 35
4096 36
2048 37
1536 38
1024 37
4096 38
9216 39
512 40
512 41
512 42
1536 43
2048 44
5632 43
512 41
5120 39
512 38
1024 34
1536 32
4096 28
512 26
2560 25
6656 24
3072 23
2560 21
6656 16
2048 14
512 14
512 12
4608 11
2048 9
2560 8
512 9
1024 10
512 11
512 12
512 13
512 14
7680 15
7168 16
4096 17
2048 18
1536 19
2048 20
2560 21
1536 22
5120 23
1536 22
2048 19
1024 19
3072 19
2560 13
1536 11
1536 7
4608 3
2560 1
2048 2
4096 3
8704 4
4608 5
5120 6
9216 7
512 8
1536 9
3072 10
1536 11
1024 12
8192 13
4096 14
7168 15
16384 16
4608 17
512 18
8704 19
1536 20
2048 21
1536 17
1536 17
1024 15
5120 12
1536 11
6144 5
512 5
512 4
2048 3
1536 1
1024 1
1536 1
1536 2
1536 3
1024 4
1024 5
7168 6
512 7
4096 8
5120 9
4608 10
2560 11
1024 12
2048 13
6144 14
1536 15
512 16
512 17
6144 18
512 19
4608 20
512 21
1024 22
2560 23
2048 24
7168 25
2560 26
2048 24
2560 20
3584 15
3072 14
1536 13
512 14
5120 11
1024 6
8192 6
1024 7
2560 8
2048 9
2048 10
1024 11
512 12
512 13
2560 14
1536 15
4608 16
512 17
8704 18
1536 19
2560 19
1024 19
2048 18
3072 17
4096 16
2560 16
512 10
15872 5
2560 4
512 5
3584 3
4608 3
512 1
7168 1
10240 2
2560 3
12800 4
6144 5
8192 6
8704 7
5120 8
3072 9
1024 10
512 11
2560 12
512 13
1536 14
7168 15
9216 16
13824 17
512 18
1536 19
3072 20
1024 21
2560 22
3584 23
5632 24
1024 25
5120 26
10240 27
3072 28
6144 29
7168 30
8192 31
4096 32
1536 33
512 34
2560 35
5120 36
3072 37
12288 38
512 39
5632 40
5120 41
7168 42
10752 38
512 38
2560 39
1024 40
512 38
4608 33
1024 34
512 30
2048 27
1536 26
1536 27
6656 24
3584 19
7680 19
2560 17
512 17
512 15
2048 7
2560 7
1024 6
1024 6
2048 4
1024 1
9728 1
3072 2
1024 3
6144 4
4096 5
9216 6
3584 7
2048 8
7680 9
5120 10
7168 11
512 12
11264 13
6656 14
512 15
2560 16
3584 17
6656 18
3072 19
2560 20
512 21
5120 22
512 23
2048 24
1024 25
2560 26
3072 27
3072 28
3584 29
4096 30
1536 31
512 32
6144 33
3584 34
512 35
512 36
4096 37
512 38
3584 39
1536 40
3072 41
4608 42
3072 43
1024 44
1024 45
5632 46
4608 47
4096 48
2560 49
3584 50
1536 51
512 52
5632 53
2048 54
6656 55
1536 56
4096 57
6144 54
1536 55
15360 52
6656 52
11264 52
6144 52
1024 50
512 47
512 47
9216 38
2048 39
512 39
6144 37
10240 37
6656 35
5120 34
2048 32
2048 30
2048 26
2560 27
3584 25
512 22
6656 17
1536 15
8704 12
512 10
1536 8
3072 7
2560 1
3072 2
6656 3
4096 4
2048 5
2560 6
2048 7
10752 8
5120 9
1024 10
5632 11
2560 12
1536 13
2048 14
2048 15
2560 16
5120 17
2048 18
3584 19
1024 20
1024 21
512 22
1024 23
3072 24
1536 25
2048 26
5120 27
5120 28
14336 29
512 30
1536 31
7680 32
1024 33
5120 34
2048 35
6144 36
9728 37
16384 38
3584 39
3584 40
1024 41
1024 42
2048 41
1536 39
6656 34
3584 35
1024 36
3072 35
14336 32
6144 31
8704 26
512 23
1536 19
512 16
3072 16
2048 14
3072 9
3584 10
13824 9
1536 8
2048 6
7168 5
4096 1
1536 1
512 1
1536 2
2560 3
2560 4
3584 5
1024 6
4096 7
3584 8
8192 9
2048 10
512 11
1024 12
2560 13
3584 14
1024 15
13824 16
1024 17
1536 18
6656 19
1024 20
2048 21
1024 22
4608 23
5120 24
2048 25
4096 26
7168 27
1536 28
4096 29
6144 30
512 31
3584 32
2560 33
512 34
2560 35
1536 36
8704 37
5632 38
512 39
1024 40
4096 41
13312 42
512 43
1536 44
1024 41
1024 39
512 33
3584 32
2048 31
1024 31
512 28
1024 26
2048 26
5120 24
512 20
3072 17
3584 17
1536 18
512 19
2560 20
2048 21
4096 22
13312 23
7168 24
2560 25
2560 26
4096 27
12800 28
3072 29
4096 30
7680 31
3584 32
1536 33
3072 34
2560 35
512 36
3584 37
1024 38
2560 39
6144 39
6656 33
3072 33
2560 30
5120 28
2048 24
4608 22
3584 23
1536 18
1024 15
3072 11
512 9
1024 7
2048 5
1024 2
1024 1
512 1
1024 1
2560 1
1536 1
1024 1
10240 2
2048 3
512 4
512 5
4096 6
2560 7
1024 8
3072 9
5120 10
3072 11
1024 12
2048 13
5120 14
2048 15
512 16
3584 17
1024 18
3584 19
5120 20
6656 21
2560 22
1536 23
1536 24
4096 25
2560 26
512 27
1024 28
2560 29
4096 30
1024 31
10752 32
512 32
512 31
2048 25
1024 26
11776 23
3072 23
2560 22
512 23
4096 22
12800 20
2560 20
512 17
1024 15
512 15
2048 6
5120 5
1536 6
2048 7
1024 8
2560 9
2048 10
512 11
2560 12
2048 13
4608 14
2560 15
512 16
512 17
3072 18
1024 19
3072 20
512 21
2048 22
1536 23
512 24
6656 25
2048 26
5632 27
1536 28
7680 29
4096 30
1024 31
2048 27
5120 21
3072 19
512 17
15360 11
2560 12
1024 13
3584 12
7168 10
9216 5
1536 6
1024 3
3072 1
1536 2
14848 3
512 4
11776 5
5632 6
512 7
8704 8
10752 9
8704 10
512 11
512 12
512 13
3072 14
8704 15
512 16
8192 17
10752 18
3072 19
6144 20
2048 21
11776 16
3072 17
512 17
5632 11
512 10
4608 6
2560 7
1024 8
5120 9
4096 10
1536 11
512 12
1536 13
5632 14
1024 15
6144 16
1536 17
1536 18
3072 19
1024 20
3584 21
2560 22
9216 23
1024 24
9728 25
1024 26
512 27
3072 28
4608 26
1024 24
1024 21
3584 18
4608 17
10752 16
2560 17
3584 15
2048 9
7168 9
2560 2
5120 1
512 2
1024 3
4096 4
512 5
2560 6
2560 7
512 8
512 9
5120 10
3584 11
1024 11
512 10
1024 4
1536 1
2048 1
5120 2
1024 3
7168 4
1536 5
2048 6
3072 7
2560 8
1024 9
7680 10
1024 11
512 12
3072 13
3072 14
2560 15
3072 16
1536 17
512 18
1536 19
4096 20
1024 21
3584 22
512 23
1536 24
8704 25
7168 26
3072 27
3584 28
1536 29
14336 30
6656 31
3072 32
3584 31
2048 30
2560 25
512 26
4096 24
5632 21
512 19
512 16
1024 15
1536 11
512 12
6656 7
1024 8
512 5
2048 3
5120 1
6144 1
5120 1
1536 2
2048 3
1536 4
1024 5
8192 6
4096 7
6144 8
2560 9
10240 10
4096 11
512 12
512 13
1024 14
1536 15
1536 16
2048 17
1536 18
512 19
1024 20
1024 21
4608 22
10240 23
5120 24
5120 25
11264 26
3584 27
1024 28
1536 29
1024 30
512 31
1024 32
8192 33
4096 34
512 35
6144 36
5632 37
5120 38
512 33
512 34
1024 34
4608 34
6144 35
2560 33
2048 34
1024 31
3584 23
1536 23
3584 18
512 17
512 18
8192 15
512 15
1536 16
8192 10
5632 9
1024 5
2048 2
512 3
9216 4
6656 5
512 6
8704 7
8192 8
512 9
6656 10
2048 11
1536 12
5632 13
1536 14
1024 15
5120 16
1024 17
2048 18
1536 19
4096 20
6144 21
4608 22
16384 23
10240 24
2560 25
3584 26
10752 27
3072 28
1536 24
6656 22
3584 18
1024 19
3072 18
2560 18
13824 14
2048 14
5120 8
512 8
512 9
1024 5
4096 4
1024 1
2048 1
3072 2
13312 3
512 4
4096 5
4096 6
2048 7
4608 8
7168 9
7680 10
9728 11
1024 12
6656 13
8192 8
512 7
2048 8
6656 8
3584 5
2560 5
512 1
512 2
512 1
1536 1
2048 1
4096 1
512 2
512 1
6656 1
512 2
8704 3
8704 4
3072 5
1536 6
1024 7
11264 8
2048 9
512 10
8704 11
3584 12
1024 13
512 14
512 15
3072 16
2560 17
5632 18
3584 19
1536 20
9216 21
3584 22
8704 23
512 24
11776 25
512 26
512 27
9216 28
4096 29
3072 29
1536 26
3072 23
7680 20
1024 15
2048 15
7680 14
4608 8
3584 8
1024 9
2560 7
1536 8
512 9
512 7
512 4
1024 1
1536 2
1536 3
1024 4
7168 5
1024 6
5632 7
3584 8
3072 9
1536 10
10240 11
6656 12
6144 13
512 14
512 15
6656 16
4096 17
1024 18
512 19
4608 20
12288 21
4096 22
1536 23
512 24
1024 22
2048 19
512 15
2560 16
1024 14
2048 10
8704 9
2560 10
6144 11
512 12
3072 13
5632 14
3584 15
3072 16
1536 17
3072 18
1536 19
1536 20
512 21
2048 22
11776 23
1536 20
16384 20
1024 21
5632 22
1024 23
2560 24
512 25
3072 26
2560 27
12288 28
5120 29
1536 30
7680 31
2048 32
2560 33
2560 34
6656 31
4608 30
1024 28
4608 27
5120 27
1024 28
1536 21
4096 22
512 21
2560 18
1024 17
2048 13
1536 9
1024 4
5120 1
2560 1
3584 1
512 2
2048 3
6656 4
3072 5
4608 6
14848 7
2560 8
3072 9
3072 10
1024 11
1024 12
512 13
2560 14
5120 15
5120 16
512 17
9216 18
2560 19
512 20
3584 21
6144 22
1024 22
512 19
1024 14
2560 14
5120 12
1024 13
4608 8
2560 8
512 5
4608 5
2560 1
3072 1
2048 2
512 3
4096 4
12800 5
512 6
14336 7
2560 8
5632 9
7680 10
1024 11
1536 12
2048 13
5120 14
1024 15
2048 16
7168 17
13312 18
512 19
10240 18
5120 17
3072 12
2048 11
5632 7
1536 8
1024 9
4608 6
512 5
512 1
512 1
512 2
6656 3
4096 4
1536 5
6656 6
1024 7
1536 8
512 9
1024 10
16384 11
16384 12
2048 13
1024 14
6144 15
2560 16
6656 14
512 14
1536 13
1024 10
1024 10
512 5
5120 1
15360 1
3584 1
512 1
3584 2
3584 3
3584 4
4096 5
5120 6
4096 7
4608 8
512 9
2048 10
2560 11
2048 12
1024 13
7168 14
2560 15
4608 16
5120 17
2048 18
3072 19
1024 20
512 21
5632 22
3072 23
512 24
4096 25
1536 26
1536 23
11776 22
1024 22
1024 22
512 23
16384 18
3072 19
7680 15
512 15
512 11
1024 11
1024 6
512 5
512 1
1536 1
1536 1
4608 2
4096 3
11776 4
3584 5
5632 6
1536 7
4096 8
5120 9
1024 10
5632 11
3584 12
2560 13
512 14
1024 15
512 16
5632 17
512 18
1536 19
4608 20
512 21
512 22
6144 23
7680 24
1536 25
512 26
512 27
2560 28
512 29
4608 30
16384 31
2560 32
2048 33
5632 34
1536 35
1536 36
10240 37
4096 38
4096 39
7680 40
5632 41
1024 42
1024 43
1024 44
2048 45
1536 46
2048 47
9728 48
4096 49
5632 50
2048 51
2560 52
2048 53
1536 54
7680 55
1024 56
6144 57
6656 58
3584 59
512 60
2560 61
5632 59
1024 58
8704 58
1536 53
5632 51
3584 50
1024 51
12800 49
4608 47
1536 48
1536 49
1536 50
4096 44
4096 44
3584 42
2048 39
2048 40
5120 41
512 42
2560 43
1024 44
2048 45
1536 46
5632 47
3072 48
2560 49
6144 50
512 51
1536 52
6144 53
1536 54
2048 55
4096 56
1024 57
2560 58
5632 59
512 60
11264 61
2048 62
2048 63
2048 64
3584 65
512 66
5632 67
512 68
1024 69
5120 62
512 62
512 60
2560 56
8704 55
6144 54
3584 52
5632 45
5632 46
4608 42
512 41
11776 35
4608 35
2560 34
1536 32
4608 29
3072 28
1024 25
5120 21
1024 20
2560 19
1024 18
4608 19
8704 20
2560 21
7680 22
512 23
1536 24
6144 25
4608 26
1024 27
3584 28
3072 29
512 30
1536 31
2560 32
1024 33
2048 34
4096 33
6656 33
6656 32
1536 30
512 27
512 25
2048 22
1024 20
4096 17
1024 16
2048 9
1024 10
2048 4
512 2
3584 1
3584 1
1536 2
3584 3
5120 4
3072 5
11264 6
2560 7
2560 8
2560 9
2048 10
5120 11
5632 12
1024 13
2048 14
2048 15
512 16
3072 17
5120 18
2560 19
1536 20
2560 21
6144 22
2560 23
3584 24
3584 25
512 26
3584 27
3584 28
2560 29
5120 30
2048 31
3584 32
9216 33
512 34
2560 35
512 36
1536 37
1536 38
4096 39
1024 40
4608 41
512 42
512 43
1024 44
1536 45
5120 46
4608 47
1536 48
3072 49
4608 50
4608 51
3072 52
12288 53
5632 54
3072 55
3584 56
4608 57
1024 58
2560 59
3584 60
512 61
512 62
10752 58
3072 55
3072 53
3072 48
1536 49
1536 50
1536 48
9728 46
3072 42
2048 42
5120 41
1024 37
1024 34
512 34
3584 31
4608 28
2560 25
3072 21
512 17
3072 16
6144 16
3072 13
7680 7
512 7
1024 8
1536 6
1024 5
512 2
1024 1
512 1
9728 1
3072 2
512 3
14336 4
1536 5
512 6
2560 7
512 8
4608 9
3584 10
6656 11
1536 12
3072 13
1024 14
512 15
2560 16
512 17
7168 18
5632 19
512 20
2560 21
512 22
6144 23
5632 24
2560 25
3072 26
2048 27
1536 28
4096 29
2560 30
1024 31
1536 32
9728 33
4608 34
1024 35
13824 36
1024 37
4608 38
1536 39
6656 40
512 41
4096 42
1024 39
1536 39
2560 34
2560 33
6144 33
1536 30
3072 28
1024 29
1024 25
2560 25
6656 24
10240 16
9216 15
3584 12
512 12
2048 10
2560 1
512 2
5632 1
1024 1
512 1
2560 1
512 1
1024 1
1024 2
5120 3
4608 4
3584 5
5120 6
1536 7
8704 8
1536 9
1024 10
1536 11
3072 12
7168 13
512 14
8192 15
3584 16
8192 17
2560 18
13824 19
4096 20
4096 21
2560 22
5120 23
2048 24
6144 25
2048 26
4096 27
1024 28
1024 29
1536 30
1024 31
1536 32
1024 33
2048 34
2048 35
1024 36
2048 37
1024 38
512 39
512 40
512 41
1024 42
1024 43
4096 44
3072 45
4096 46
1536 47
2560 48
4096 49
3072 50
2560 51
1024 52
512 53
512 54
3584 55
2048 56
2048 57
5632 58
6144 59
3072 60
1024 61
512 62
512 63
4608 64
3584 65
9728 66
1024 67
3072 68
8192 69
1536 70
1536 71
512 72
1024 73
512 74
1024 75
3584 76
12288 77
512 78
512 79
512 80
5632 81
5632 82
2560 83
2048 84
3584 85
1024 86
4096 87
3584 88
3584 89
1536 90
3584 91
512 92
1024 93
13312 94
512 95
4096 96
512 97
1536 95
512 95
4608 94
512 95
2048 92
2048 91
3072 89
2048 89
10240 88
1024 88
2048 84
3584 84
1536 80
512 78
2560 75
512 71
1536 65
6656 60
512 60
2048 60
512 58
2048 55
1536 52
1024 51
2048 41
512 42
5120 41
5632 40
1024 38
2048 34
1536 30
5632 26
6656 25
3072 23
5632 15
512 16
2560 15
7680 11
4608 8
6656 8
11264 6
8192 4
3584 1
3072 1
5632 1
512 2
8704 1
3584 1
1536 1
1536 1
2048 1
512 1
1024 1
1536 1
512 2
4608 3
3584 4
1024 5
16384 6
1024 7
3072 8
3072 9
12288 10
1024 11
2048 12
3584 13
8704 14
14848 15
6144 16
1536 17
1024 18
1536 19
2560 20
2560 21
3072 22
1024 23
512 24
1536 25
512 26
1536 27
1536 28
2048 29
2048 30
2560 31
9216 32
4608 33
2560 34
1024 35
512 36
512 37
512 38
512 39
1024 40
6144 41
1536 42
13824 43
4096 44
512 45
2560 46
3584 47
512 48
1536 49
4608 50
5120 51
1024 52
9728 53
4608 54
3072 55
6656 56
13312 57
1024 58
1024 59
1024 60
2560 61
1536 62
2048 63
4608 64
3584 65
6144 66
3584 67
5120 68
7680 69
2048 70
3072 71
5120 72
512 73
2048 74
6656 75
1536 76
16384 77
1024 78
4608 79
7168 80
1024 81
1024 82
3584 83
1024 83
3072 81
7680 80
512 76
2048 75
1536 73
3584 72
512 69
512 68
512 65
3584 61
3584 54
4608 54
1024 54
1536 53
2560 50
4096 46
7168 46
2560 46
512 44
2560 38
1536 37
4096 32
1024 32
7680 24
1024 23
4096 24
3584 25
512 26
2048 27
3072 28
512 29
3584 30
2048 31
6656 32
512 33
1536 34
3072 35
512 36
2048 37
512 38
2560 39
3072 40
9728 41
5632 42
5632 43
1536 44
2048 45
512 46
6144 47
1024 48
1536 49
1024 50
6656 51
2048 52
10240 53
15872 54
1024 55
512 56
1024 57
2048 58
12288 59
1536 60
1024 61
512 62
1536 63
2048 64
9728 65
5632 66
6144 67
1536 68
512 69
512 70
5632 71
3072 72
2048 73
1536 74
2048 75
6656 76
1536 77
1536 78
5120 79
4096 80
2048 81
4096 82
1536 83
1024 76
1024 76
1024 77
2048 78
5632 72
1536 71
5632 71
2560 71
2048 69
3584 63
1536 62
2560 55
1024 56
1536 56
512 51
4096 48
5120 46
512 44
2048 41
5120 38
3072 38
2048 39
6656 35
512 36
512 36
3584 33
3072 34
512 32
2048 29
2048 23
4096 21
2560 16
5120 16
512 13
3584 13
1536 9
5632 6
1024 5
1536 6
512 1
1536 1
1536 1
3072 1
2560 2
11264 3
3584 4
512 5
6144 6
512 7
2560 8
1024 9
9728 10
1024 11
9728 12
5632 13
2560 14
5632 15
2048 16
2048 17
2560 18
15872 19
11776 20
512 21
1024 22
2048 23
512 24
4608 25
8704 26
9216 27
1024 28
1024 29
2048 30
512 31
3584 32
1024 33
2048 34
1536 35
4608 36
9216 37
3584 38
4096 39
1024 40
8192 41
2560 42
5632 43
5120 44
1536 45
4096 46
4608 47
5120 48
512 49
512 50
1536 51
4096 52
2048 53
7168 54
512 55
1536 56
8192 57
10752 58
512 59
2048 60
1024 61
1024 62
8704 63
4096 64
2560 65
1536 66
1536 67
2560 68
6656 69
1536 70
7168 71
4608 72
5120 73
2560 74
2048 75
3584 76
512 77
9728 78
12288 79
3072 80
3584 81
1024 82
16384 83
12288 84
1024 85
1536 86
2048 87
512 88
1024 89
1024 90
4096 91
1024 92
2048 93
3072 94
9728 95
512 96
3584 97
5632 98
1024 99
5120 100
2560 101
4096 95
4608 94
4096 91
2048 91
1024 91
5632 89
14336 80
6656 77
1024 78
4096 77
1536 77
4608 75
7680 70
2048 71
1024 69
1536 65
2048 61
5120 58
1024 58
5120 55
1024 55
6144 52
5632 48
3584 49
3072 46
3072 44
1024 39
2048 37
2560 36
3072 37
512 38
1024 39
10752 40
2560 41
1536 42
3584 43
16384 44
5120 45
1024 46
4096 47
2560 48
1536 49
1536 50
1536 51
3072 52
1536 53
5120 54
512 55
2560 56
1536 57
512 58
3072 59
6656 60
2560 61
1536 62
1536 63
512 64
2560 65
4608 66
512 67
1024 68
7680 69
4096 70
5632 71
2560 72
7680 73
11264 74
1024 75
512 76
3072 77
4096 78
7680 79
512 80
13312 81
5632 82
1024 83
4096 84
512 85
5120 83
6656 81
8704 67
5120 53
512 53
512 47
6144 31
3072 29
1536 21
3072 16
3584 10
4096 2
1536 1
2048 1
7680 2
1536 3
1536 4
3584 5
2560 6
1024 7
5120 8
2048 9
1536 10
1536 11
4096 12
512 13
7168 14
512 15
2048 16
7680 17
2048 18
1536 19
2048 18
10752 16
512 14
1024 11
6144 5
512 1
3072 1
5632 2
512 1
1536 1
512 2
6656 3
5632 4
6656 5
512 6
2048 7
3072 8
512 9
512 10
512 11
2048 12
1024 13
4608 14
2048 15
512 16
512 17
8192 18
512 19
2048 20
512 18
2048 19
3584 20
512 21
3072 22
3072 23
2048 24
7168 25
2048 26
1536 27
9728 28
2048 29
3072 1
2560 2
1024 3
7168 4
1024 5
1536 1
1536 2
512 3
512 4
1024 1
