93 63609
97 65481
105 67838
117 69143
121 71451
123 73297
127 76615
131 79628
133 80408
137 82527
141 83775
145 84671
149 88571
153 89311
158 91694
160 92318
162 94190
164 96998
167 99044
169 101072
173 102320
177 105752
179 110900
183 114058
187 120041
191 121133
193 122225
195 123317
199 126002
201 127718
205 128194
208 130534
211 133955
215 139011
221 141507
223 144380
227 146227
231 150439
235 152960
239 155924
243 158420
247 160964
251 166630
253 168978
255 170850
257 171931
261 173824
265 175228
269 177880
273 180017
277 182532
279 185028
283 188304
285 189109
287 193945
291 194413
293 198001
295 199249
299 202213
303 204397
305 207673
309 209741
313 211925
317 213017
321 213485
323 216449
327 221915
329 223319
333 233615
335 235955
339 237203
343 239699
347 241729
349 244552
353 246124
357 251584
361 255355
363 259879
367 262063
371 262843
373 266743
377 269083
381 270643
385 277507
387 282343
391 284379
395 285471
399 291563
403 293279
407 296111
411 297515
415 301415
425 303177
429 303957
433 306457
437 310045
441 313633
445 315825
449 318009
453 318321
455 325185
459 327221
463 331745
467 332369
471 333773
473 335021
477 341885
481 342985
483 349786
487 352632
491 354816
497 359995
499 361087
503 362803
505 363895
509 366516
513 369168
517 371664
521 372912
525 375720
529 379152
533 379620
537 380400
539 381180
543 382740
547 384456
551 386952
555 387896
557 388676
559 391016
563 391952
567 393980
571 395696
575 397445
577 401189
581 405245
585 406657
609 408734
613 411681
615 414021
617 415614
621 418131
625 420471
629 421095
631 423747
635 427679
637 432983
641 434256
645 435356
649 439256
651 440660
653 442384
655 445036
657 447688
661 450972
665 454092
669 454560
671 457368
673 464544
675 473592
679 481417
683 482977
687 487533
691 488338
693 489438
695 490374
699 494586
701 497082
705 497739
709 499307
713 502271
715 504767
719 509591
721 511307
725 513001
727 513469
729 515505
733 517229
735 520661
737 524561
741 527525
745 529586
749 529898
751 533174
753 534422
757 535530
761 536794
765 538009
769 539257
773 542590
777 544174
781 546152
785 549896
789 551768
793 553438
795 556978
799 564617
803 569761
805 571599
809 576639
813 582071
817 610189
819 619598
821 644809
825 651763
829 673418
833 693609
835 701899
837 703376
841 726805
845 738894
849 746735
853 755707
855 762354
859 772554
863 784235
865 790962
867 794155
871 801380
875 815760
879 835783
883 845284
887 860042
891 881531
895 888393
899 897125
901 899621
907 911430
911 919499
915 923381
919 925153
923 932954
927 938980
931 946072
935 957297
939 959176
943 966177
947 969912
951 976452
953 981901
955 982655
959 995375
961 999445
965 1007969
967 1010744
971 1015803
973 1021755
975 1024367
979 1030143
983 1038654
987 1043232
991 1045604
993 1052953
997 1059040
1001 1060788
1005 1069343
1009 1071468
1013 1078559
1017 1082203
1021 1086815
1025 1092185
1027 1095986
1031 1096814
1033 1102299
1037 1108325
1041 1119011
1045 1121196
1049 1130506
1051 1133862
1055 1161852
1059 1170974
1063 1179208
1067 1189560
1071 1202142
1075 1209818
1079 1217598
1083 1232580
1087 1244919
1091 1251040
1095 1260701
1099 1266625
1103 1281775
1107 1307822
1111 1320538
1113 1325405
1117 1327303
1121 1333725
1125 1344009
1129 1355421
1131 1361235
1135 1366164
1139 1371719
1143 1379501
1145 1383680
1147 1386430
1151 1395812
1155 1403412
1159 1416226
1163 1439270
1167 1467270
1169 1472771
1171 1477228
1175 1480237
1179 1494913
1183 1507102
1187 1514886
1191 1524404
1193 1532654
1197 1551886
1199 1555469
1203 1573467
1207 1582546
1211 1591823
1215 1616798
1217 1620069
1221 1632241
1225 1641166
1231 1660814
1235 1664120
1239 1671021
1243 1679828
1247 1684770
1249 1692448
1253 1693752
1257 1703099
1261 1706773
1265 1708087
1269 1713367
1273 1715572
1277 1720283
1281 1727832
1285 1735486
1289 1743772
1291 1749380
1295 1753068
1299 1761755
1303 1772205
1307 1780775
1311 1790707
1315 1799503
1319 1803526
1321 1807283
1325 1816580
1329 1820611
1333 1827263
1337 1834235
1339 1835597
1343 1843966
1347 1851070
1351 1856924
1355 1863654
1359 1870989
1363 1874140
1367 1881134
1371 1892017
1375 1893683
1379 1897442
1383 1905909
1387 1911308
1391 1917031
1395 1923535
1399 1933395
1403 1942501
1407 1953342
1411 1956363
1415 1961525
1417 1963241
1419 1965867
1423 1969018
1425 1975446
1427 1978339
1431 1984277
1435 1991829
1439 1994958
1441 1996585
1445 2000936
1449 2015273
1453 2015815
1457 2017687
1461 2024397
1465 2029030
1467 2031526
1471 2034488
1475 2042271
1479 2043878
1483 2050964
1487 2055185
1491 2061550
1495 2064839
1497 2073559
1501 2075512
1505 2080899
1507 2086515
1511 2096043
1515 2097948
1519 2099455
1523 2109308
1527 2116042
1531 2122060
1533 2126364
1537 2135898
1541 2143247
1545 2150021
1549 2158807
1553 2169284
1557 2172017
1561 2173255
1565 2179332
1569 2203530
1573 2216547
1575 2218637
1577 2221858
1579 2251558
1583 2254882
1587 2259248
1591 2266859
1593 2271882
1597 2288945
1599 2298212
1603 2310710
1605 2320314
1609 2323591
1611 2332296
1615 2342607
1619 2347385
1621 2352548
1625 2367295
1629 2377397
1633 2379876
1637 2390005
1641 2391015
1643 2395762
1647 2397873
1651 2407066
1653 2422191
1657 2430121
1661 2440339
1665 2448344
1669 2471410
1673 2480560
1677 2500452
1681 2514386
1683 2534848
1685 2542476
1689 2549663
1693 2555212
1697 2559075
1701 2568627
1705 2582878
1709 2585889
1713 2589730
1717 2598309
1719 2601809
1723 2611863
1727 2619837
1731 2636769
1735 2650833
1739 2661766
1743 2662800
1747 2668564
1751 2682785
1753 2695380
1755 2705470
1759 2709293
1763 2716715
1767 2727391
1771 2731182
1773 2735018
1777 2751471
1781 2762650
1785 2765603
1789 2773152
1793 2784210
1797 2789119
1801 2810704
1805 2823349
1809 2840073
1811 2842493
1815 2850575
1817 2852027
1821 2859192
1823 2863138
1827 2878882
1831 2881977
1835 2885877
1839 2897843
1843 2907608
1849 2917924
1853 2923249
1855 2926681
1859 2932033
1863 2936901
1867 2943255
1871 2944191
1875 2946383
1879 2949951
1881 2960535
1885 2964084
1889 2977521
1893 2978654
1897 2989007
1901 2993052
1905 2999876
1907 3006600
1911 3009014
1915 3017360
1919 3020234
1921 3028690
1923 3029756
1927 3040448
1931 3044702
1933 3049636
1937 3055918
1941 3066817
1945 3069244
1947 3074990
1951 3077160
1955 3080470
1959 3086041
1963 3089194
1965 3093887
1969 3099408
1973 3106679
1975 3110738
1979 3115138
1981 3119119
1983 3122090
1987 3122689
1991 3132751
1995 3138932
1999 3143884
2003 3148530
2005 3151494
2009 3171776
2013 3181216
2017 3193673
2021 3212943
2025 3215193
2029 3223697
2033 3229735
2035 3233396
2039 3238890
2043 3245231
2047 3254337
2051 3255875
2055 3266085
2059 3271768
2063 3273952
2067 3276945
2069 3279985
2073 3284073
2075 3284803
2079 3297365
2083 3305682
2085 3313048
2089 3318968
2093 3327249
2097 3331045
2101 3337401
2105 3340880
2109 3347931
2113 3352159
2117 3356691
2121 3364287
2125 3371425
2129 3377497
2133 3384075
2137 3391779
2141 3397805
2145 3401829
2147 3406216
2151 3433303
2155 3447529
2161 3476535
2165 3483340
2169 3485899
2173 3495650
2175 3496586
2179 3500281
2183 3508041
2187 3514593
2189 3517926
2193 3527617
2195 3530737
2199 3532157
2203 3544657
2207 3550553
2209 3553205
2213 3561436
2217 3574496
2221 3578012
2225 3585303
2229 3595386
2233 3607438
2237 3620925
2241 3623824
2245 3625187
2247 3627683
2249 3630705
2253 3645300
2257 3647861
2261 3648797
2265 3651347
2269 3654780
2271 3656389
2275 3661946
2279 3668124
2283 3675735
2287 3684029
2291 3695085
2295 3695675
2299 3700467
2303 3700910
2307 3705617
2311 3714411
2315 3721185
2319 3724757
2323 3732702
2325 3735150
2329 3739562
2333 3751318
2337 3753026
2339 3758387
2343 3759191
2347 3767767
2349 3770640
2351 3774740
2355 3800111
2359 3809129
2361 3816963
2365 3844145
2367 3846805
2371 3864587
2375 3865733
2377 3868633
2381 3884818
2385 3899550
2389 3901559
2391 3914222
2395 3921151
2397 3929514
2401 3931996
2405 3946172
2409 3957121
2413 3960746
2417 3970792
2419 3986484
2421 3997664
2425 4012785
2431 4030585
2435 4043029
2439 4044063
2443 4046557
2447 4051793
2451 4058097
2455 4073374
2459 4075197
2461 4075821
2465 4079565
2467 4081986
2471 4085819
2473 4088978
2477 4094340
2481 4095876
2485 4101782
2489 4107009
2491 4108101
2493 4112157
2497 4121598
2501 4125072
2505 4146853
2509 4155801
2511 4167711
2515 4193435
2517 4198008
2519 4205502
2523 4210168
2527 4222568
2531 4230527
2535 4238917
2539 4254581
2543 4276163
2547 4281799
2551 4284674
2553 4289510
2557 4297242
2559 4299160
2561 4304817
2565 4317737
2567 4318673
2569 4319475
2571 4322761
2573 4323746
2575 4325963
2579 4329654
2583 4343552
2587 4344989
2591 4347078
2595 4352814
2599 4360592
2603 4369831
2607 4370560
2611 4387018
2615 4395608
2619 4404373
2623 4407630
2627 4412808
2631 4420144
2635 4424803
2639 4430772
2643 4433734
2647 4444175
2651 4448741
2653 4451459
2657 4454431
2661 4463222
2665 4475298
2669 4483735
2673 4485917
2677 4490209
2681 4492269
2685 4500052
2687 4504889
2691 4514153
2695 4516286
2699 4523536
2703 4524628
2705 4525326
2709 4533073
2711 4537307
2715 4542335
2719 4548793
2721 4554724
2723 4559991
2727 4591377
2731 4606685
2733 4618262
2737 4623932
2741 4631735
2745 4636047
2747 4639053
2751 4650130
2755 4651418
2757 4656886
2761 4662658
2765 4664817
2769 4673280
2771 4674782
2775 4680866
2779 4688361
2783 4704575
2787 4725613
2791 4747622
2795 4760555
2799 4770072
2803 4772667
2807 4782783
2811 4796501
2813 4802500
2815 4812854
2819 4817354
2821 4822478
2823 4835427
2827 4837111
2831 4847148
2835 4850010
2839 4858123
2841 4863279
2845 4869547
2849 4885451
2851 4889039
2855 4901599
2857 4915625
2861 4921155
2865 4929292
2869 4932850
2873 4937393
2877 4941398
2881 4949547
2885 4954710
2887 4958415
2889 4961985
2893 4975845
2897 4978103
2901 4979318
2903 4985130
2907 4987240
2911 4988857
2915 4992469
2919 4993822
2921 4999275
2925 5008104
2929 5010066
2933 5020148
2935 5028723
2937 5030775
2941 5044232
2943 5047562
2947 5054392
2951 5059248
2955 5069074
2957 5076802
2959 5081309
2963 5086616
2965 5088209
2969 5093300
2973 5095544
2977 5104080
2979 5115149
2983 5119472
2987 5123244
2989 5130458
2993 5134430
2997 5145071
3001 5152094
3005 5175832
3009 5193228
3011 5193573
3015 5199206
3019 5214942
3023 5220743
3027 5230135
3031 5232100
3035 5241184
3039 5262248
3043 5277733
3045 5287794
3049 5290966
3053 5292313
3057 5297524
3061 5299084
3065 5301587
3069 5315487
3073 5316801
3077 5320843
3079 5329273
3083 5335759
3087 5343233
3091 5348904
3095 5353259
3099 5357677
3101 5358802
3103 5362241
3105 5366151
3109 5368611
3113 5380099
3117 5390042
3121 5404050
3123 5417411
3127 5430818
3131 5444224
3135 5446228
3139 5465333
3143 5470784
3147 5473648
3151 5481049
3155 5482363
3159 5486847
3163 5490066
3167 5492999
3169 5497203
3171 5500259
3173 5505867
3175 5506245
3179 5508991
3183 5517326
3185 5520005
3189 5534335
3193 5541225
3197 5548004
3199 5564356
3203 5579935
3207 5586112
3209 5588883
3213 5597211
3217 5622614
3221 5628139
3225 5630233
3229 5635967
3233 5643694
3237 5652980
3239 5663120
3241 5666692
3243 5668819
3247 5672941
3251 5678437
3253 5679094
3257 5684870
3261 5692706
3263 5695738
3265 5700574
3269 5703070
3273 5704918
3275 5707807
3279 5712567
3283 5721971
3287 5725971
3289 5734764
3293 5737704
3295 5740281
3299 5751582
3303 5758758
3309 5772089
3311 5774216
3313 5777024
3317 5784018
3321 5785956
3323 5789881
3327 5796541
3331 5807506
3333 5810252
3337 5818555
3341 5825479
3345 5831013
3349 5838652
3353 5841338
3355 5843903
3359 5849817
3361 5856297
3365 5862865
3369 5870227
3373 5877807
3375 5884319
3377 5888005
3379 5895866
3383 5901557
3387 5918318
3389 5921906
3391 5937158
3395 5962177
3399 5968792
3403 5982552
3407 6006077
3409 6008850
3413 6014790
3417 6024486
3421 6027331
3425 6038267
3429 6047403
3433 6057947
3435 6061121
3439 6072971
3443 6094836
3447 6102038
3449 6105036
3451 6119471
3455 6129496
3459 6143800
3463 6152510
3467 6163343
3471 6170092
3473 6176019
3477 6185222
3481 6190880
3485 6199927
3487 6207265
3489 6221346
3491 6223330
3493 6229882
3495 6231541
3499 6238122
3503 6251086
3505 6260262
3509 6272166
3513 6286407
3517 6292512
3521 6308809
3523 6319932
3527 6328810
3529 6336626
3533 6345691
3537 6358301
3539 6362373
3541 6372228
3545 6383082
3549 6385143
3553 6389266
3555 6390112
3557 6398988
3561 6411350
3563 6412196
3567 6425348
3571 6435332
3575 6444926
3577 6462329
3581 6476236
3585 6480793
3589 6481828
3593 6487776
3597 6494759
3601 6506290
3605 6514354
3607 6530773
3609 6532366
3613 6546536
3617 6548336
3621 6557550
3625 6566990
3629 6572205
3633 6583765
3637 6586947
3641 6593567
3645 6602519
3647 6604580
3651 6606929
3655 6619746
3659 6625392
3663 6633002
3667 6642359
3671 6649403
3675 6661844
3679 6668299
3683 6675602
3685 6688296
3689 6706024
3693 6710142
3697 6721744
3701 6735470
3705 6740558
3709 6741881
3711 6750816
3715 6759486
3719 6771636
3723 6782746
3725 6784851
3727 6788314
3729 6789951
3733 6791984
3737 6813024
3739 6820327
3743 6823929
3747 6824652
3751 6839212
3755 6840994
3759 6843031
3763 6843811
3767 6847456
3771 6855845
3775 6876410
3779 6877010
3783 6880163
3787 6884783
3791 6888593
3795 6896294
3799 6901374
3803 6911392
3807 6916204
3811 6927058
3813 6934067
3815 6935504
3819 6938222
3823 6944329
3827 6946364
3831 6953040
3835 6963691
3839 6964660
3843 6967320
3847 6972488
3849 6977436
3853 6983658
3855 6988004
3857 6991148
3861 6996454
3865 7004756
3869 7010818
3871 7043775
3873 7045023
3877 7053756
3881 7069768
3885 7081115
3889 7093401
3893 7110508
3895 7121439
3899 7128478
3903 7131844
3907 7134094
3911 7143807
3913 7146402
3917 7149432
3919 7151838
3921 7153860
3925 7157714
3929 7165219
3933 7179734
3935 7182074
3937 7182797
3939 7184045
3943 7191440
3945 7193534
3947 7197365
3951 7207891
3955 7217301
3957 7222917
3961 7227861
3965 7238582
3967 7241672
3971 7246124
3975 7256280
3977 7258429
3979 7262421
3983 7270179
3985 7276641
3987 7278300
3991 7282164
3995 7284675
3999 7292177
4003 7300605
4007 7309841
4011 7312904
4015 7314539
4017 7322990
4021 7334470
4025 7336143
4027 7339345
4031 7349062
4033 7353118
4037 7365884
4041 7369994
4045 7373027
4049 7377860
4051 7385584
4055 7390390
4059 7394174
4063 7417584
4067 7419643
4071 7425186
4075 7435172
4079 7442451
4083 7448072
4087 7457645
4091 7467511
4095 7470312
4097 7490755
4101 7497082
4105 7510194
4109 7532576
4113 7536949
4115 7547004
4117 7548129
4121 7581354
4125 7584083
4129 7600577
4133 7608049
4137 7610796
4139 7612302
4143 7621397
4147 7626521
4151 7627442
4155 7639281
4159 7649450
4163 7660430
4167 7683903
4171 7686775
4175 7694623
4177 7701134
4181 7704633
4185 7714433
4189 7719445
4193 7733324
4197 7735546
4201 7742514
4205 7750421
4209 7763540
4211 7773485
4213 7776737
4217 7780769
4219 7782173
4223 7791652
4225 7793590
4229 7799404
4233 7801621
4235 7802713
4239 7805062
4241 7807246
4245 7811122
4247 7815459
4251 7820107
4255 7827105
4259 7835365
4263 7843295
4267 7848864
4271 7851703
4273 7857031
4277 7863299
4281 7867958
4285 7878770
4289 7885959
4293 7890896
4297 7895663
4301 7903341
4303 7905992
4305 7911239
4309 7915803
4313 7927601
4317 7939531
4319 7941034
4323 7946247
4327 7952103
4329 7959895
4333 7964732
4337 7976302
4341 7984394
4345 8008181
4347 8025716
4351 8029389
4353 8030169
4357 8038201
4359 8056084
4363 8056684
4367 8060162
4371 8061347
4375 8073864
4377 8083072
4383 8089510
4387 8098405
4389 8101123
4391 8102109
4395 8106519
4399 8113470
4403 8114751
4407 8120420
4411 8128769
4415 8132144
4417 8135246
4421 8138577
4425 8142496
4427 8147866
4429 8152645
4433 8155708
4437 8157189
4439 8161509
4443 8165959
4445 8175129
4447 8177445
4451 8182967
4455 8191692
4459 8194204
4463 8199135
4467 8202533
4471 8213033
4475 8217107
4479 8223291
4483 8233762
4487 8244957
4491 8246485
4493 8254079
4497 8262224
4501 8276022
4505 8277114
4509 8283439
4513 8291431
4517 8300403
4521 8302062
4525 8309326
4527 8316182
4531 8318876
4533 8322152
4535 8326342
4539 8337056
4543 8348127
4547 8350320
4551 8353049
4555 8354228
4559 8361103
4563 8362294
4567 8370540
4571 8381277
4575 8383268
4579 8385850
4583 8394255
4585 8399333
4589 8403448
4591 8404606
4595 8406799
4597 8409417
4601 8415927
4605 8429876
4609 8433875
4613 8434943
4617 8444356
4621 8448965
4623 8458379
4625 8461163
4629 8464395
4633 8465241
4637 8469489
4641 8476392
4645 8480903
4647 8493203
4649 8496479
4651 8497358
4655 8500250
4659 8512986
4663 8516640
4665 8523212
4669 8527161
4673 8538270
4677 8543934
4679 8549666
4683 8565681
4687 8573523
4691 8582042
4693 8589936
4697 8594209
4699 8603433
4701 8605126
4703 8613624
4707 8616474
4709 8619594
4711 8621154
4713 8623470
4715 8626746
4719 8632252
4723 8635261
4727 8645164
4731 8648240
4735 8661382
4739 8664884
4741 8671797
4745 8674376
4749 8676609
4753 8684158
4757 8704810
4761 8709532
4763 8712529
4767 8716840
4771 8740104
4775 8749863
4779 8760881
4783 8773826
4787 8783807
4791 8793169
4793 8798186
4795 8803673
4799 8820186
4803 8823024
4807 8837136
4811 8853466
4815 8857120
4819 8862390
4823 8875518
4827 8882368
4831 8901855
4835 8906146
4839 8909408
4843 8921129
4847 8928648
4851 8937007
4855 8949509
4859 8955307
4863 8963694
4865 8978839
4869 8982137
4873 8991319
4877 8998037
4881 9011744
4883 9018789
4885 9023342
4889 9029057
4893 9036002
4897 9043987
4901 9046639
4905 9050113
4907 9057289
4911 9061108
4915 9063604
4919 9072475
4923 9076351
4927 9084243
4929 9089283
4933 9097518
4935 9100080
4939 9106772
4941 9108554
4945 9114857
4949 9123480
4951 9124759
4955 9127255
4959 9135749
4961 9153072
4965 9155634
4969 9180696
4973 9184298
4977 9206330
4979 9209013
4981 9211350
4985 9219769
4989 9233093
4993 9240057
4997 9242529
4999 9243186
5003 9248205
5007 9252699
5011 9256174
5015 9259386
5019 9266789
5023 9272400
5027 9277934
5031 9283737
5035 9293647
5037 9299563
5039 9305746
5043 9309031
5047 9317726
5051 9325642
5053 9334518
5055 9337122
5059 9341022
5063 9342813
5067 9344997
5071 9351054
5075 9353616
5079 9358802
5083 9367170
5087 9374362
5089 9393241
5093 9407055
5097 9410112
5101 9411081
5105 9417660
5109 9421257
5111 9423598
5115 9427624
5119 9433768
5123 9440554
5127 9452924
5129 9456734
5133 9461104
5137 9469675
5141 9474196
5145 9482152
5147 9488395
5151 9490029
5155 9498085
5159 9503743
5163 9506688
5165 9526288
5169 9531571
5173 9546498
5177 9557730
5181 9560500
5185 9570333
5187 9571768
5191 9592026
5195 9601842
5199 9604295
5203 9611151
5207 9623453
5209 9625670
5211 9627362
5215 9630075
5219 9639507
5223 9642783
5227 9647061
5229 9650113
5233 9658692
5235 9672980
5239 9694734
5241 9710822
5243 9711947
5247 9718120
5251 9724266
5253 9734259
5257 9751602
5261 9758870
5265 9769841
5269 9784243
5273 9802210
5277 9809293
5281 9812253
5283 9817977
5287 9821275
5291 9838534
5293 9846600
5297 9859147
5301 9868306
5305 9873118
5309 9875590
5311 9876346
5315 9877537
5319 9878818
5323 9881290
5327 9884821
5331 9895603
5335 9898113
5339 9902005
5341 9905389
5345 9914855
5347 9923788
5351 9925545
5353 9929410
5357 9933527
5361 9940589
5365 9950375
5369 9957487
5373 9987846
5377 9990841
5381 9994702
5385 10008784
5387 10018420
5391 10026270
5395 10033938
5399 10040341
5403 10054939
5407 10069493
5411 10085817
5415 10096542
5419 10100941
5423 10107598
5427 10126404
5431 10148134
5435 10157450
5439 10166703
5443 10168518
5447 10175544
5451 10185732
5455 10204458
5459 10215023
5461 10224851
5463 10229597
5465 10231879
5467 10236145
5471 10238863
5475 10255043
5479 10265575
5483 10272547
5487 10282992
5491 10286736
5495 10288961
5499 10294944
5503 10300348
5507 10303038
5511 10307728
5513 10315839
5517 10319148
5521 10329491
5525 10335024
5529 10343175
5533 10347093
5537 10355712
5541 10363000
5543 10363812
5545 10371565
5549 10393366
5551 10399450
5555 10418533
5559 10423564
5561 10431186
5565 10446821
5567 10450138
5571 10457308
5575 10467574
5577 10471102
5581 10489705
5583 10491082
5587 10493890
5591 10504206
5595 10507145
5599 10510676
5603 10512737
5605 10514987
5609 10517738
5613 10524729
5617 10527168
5621 10534406
5625 10539492
5629 10541410
5633 10557170
5637 10560259
5641 10567365
5645 10577010
5649 10582854
5653 10596397
5655 10602107
5659 10615998
5663 10624490
5665 10629513
5669 10637262
5673 10650393
5677 10665738
5681 10680107
5685 10691479
5689 10699493
5693 10721203
5695 10723576
5699 10728472
5703 10742688
5705 10745250
5709 10747344
5713 10750874
5717 10757642
5721 10763976
5725 10775208
5729 10776743
5733 10780643
5737 10782390
5741 10789941
5745 10791600
5749 10798039
5751 10805939
5755 10814693
5759 10819131
5763 10824557
5767 10830085
5771 10839790
5775 10844196
5777 10848802
5779 10852825
5783 10854484
5785 10860488
5789 10869388
5791 10874620
5795 10889356
5799 10896413
5803 10917472
5807 10934223
5811 10938730
5815 10953881
5817 10970923
5821 10972861
5823 10980481
5827 10981672
5831 10992969
5835 10994094
5839 10998495
5843 11001681
5847 11006031
5851 11009544
5855 11017605
5859 11023652
5861 11027470
5865 11036549
5869 11038085
5873 11043908
5877 11044253
5881 11055634
5883 11069088
5887 11071496
5889 11077469
5891 11079407
5895 11087978
5899 11089988
5903 11096227
5907 11097508
5911 11100098
5915 11103911
5919 11113148
5923 11117378
5925 11120130
5929 11128776
5931 11138094
5935 11148238
5939 11167206
5943 11191632
5947 11201678
5951 11211150
5953 11215511
5957 11218911
5961 11228681
5965 11233187
5969 11238477
5973 11247301
5977 11258822
5981 11269210
5985 11270746
5987 11272996
5991 11275747
5995 11281239
5999 11288023
6003 11290873
6007 11293095
6009 11295358
6011 11300076
6015 11304543
6019 11312409
6021 11314889
6023 11320849
6025 11324135
6029 11328235
6033 11340174
6037 11344159
6039 11347639
6043 11357347
6045 11365501
6049 11395888
6053 11397629
6057 11404420
6061 11409433
6065 11412967
6069 11421637
6073 11427949
6077 11438496
6081 11440122
6085 11444540
6089 11449080
6093 11453852
6097 11461953
6101 11484379
6105 11500606
6109 11525886
6113 11540219
6117 11545684
6121 11555365
6125 11565670
6129 11579627
6133 11586256
6137 11590328
6141 11593369
6145 11596021
6149 11601065
6153 11607695
6157 11620046
6161 11626072
6165 11627263
6169 11628298
6173 11632401
6177 11639005
6183 11651666
6185 11652824
6189 11657507
6193 11662442
6195 11664626
6199 11670128
6201 11672945
6203 11678873
6205 11682305
6209 11684731
6213 11687383
6217 11689703
6219 11697371
6223 11722469
6225 11724395
6227 11728451
6231 11734140
6235 11753722
6237 11762916
6239 11768772
6243 11777085
6247 11783871
6251 11794799
6253 11799213
6257 11817978
6261 11826413
6265 11835126
6269 11838993
6273 11862746
6277 11866400
6279 11872205
6283 11886145
6287 11897831
6291 11914029
6295 11923798
6297 11927593
6301 11942663
6305 11948796
6307 11954796
6311 11960951
6315 11972457
6319 11979289
6323 11991392
6325 11998818
6329 12007654
6333 12009634
6337 12011350
6341 12014704
6343 12016838
6347 12021871
6349 12022528
6353 12033698
6355 12038822
6357 12041318
6361 12042197
6365 12053811
6369 12066530
6373 12069716
6375 12072884
6379 12078598
6383 12084704
6385 12092092
6387 12094309
6389 12102608
6391 12104168
6395 12110164
6399 12127975
6401 12136920
6405 12149271
6409 12170525
6413 12177664
6417 12188539
6421 12194072
6425 12210752
6429 12227370
6433 12231168
6435 12234394
6439 12238647
6441 12247063
6445 12253569
6449 12261778
6453 12265630
6457 12288846
6461 12302641
6465 12327746
6467 12329695
6471 12331005
6475 12336394
6479 12340923
6483 12347762
6487 12358405
6491 12373998
6495 12376208
6499 12398371
6503 12408621
6507 12423788
6511 12431325
6515 12454889
6517 12465254
6521 12471075
6523 12476704
6527 12478300
6529 12484696
6533 12488482
6537 12492694
6541 12500719
6545 12503767
6549 12511889
6553 12520489
6557 12527718
6561 12529032
6565 12531093
6569 12533877
6571 12538314
6575 12542418
6579 12547527
6583 12552117
6587 12563827
6589 12564862
6593 12566800
6597 12573105
6601 12585056
6605 12592029
6609 12598056
6613 12603050
6615 12608633
6617 12613321
6621 12619079
6625 12628435
6629 12640385
6633 12642816
6635 12653328
6639 12661859
6643 12671109
6647 12681495
6649 12683679
6651 12685395
6655 12685995
6659 12688933
6663 12697444
6667 12701457
6671 12706649
6675 12716239
6677 12721887
6681 12734463
6685 12735711
6687 12740435
6689 12750478
6693 12752227
6697 12756850
6701 12759166
6703 12760324
6707 12766407
6711 12772129
6715 12777273
6719 12796207
6721 12799772
6723 12822114
6727 12832692
6731 12851533
6735 12879030
6739 12891038
6743 12914240
6747 12920579
6751 12925872
6755 12928519
6759 12932338
6763 12933103
6765 12942368
6769 12950980
6771 12956982
6775 12971909
6777 12975219
6781 12980081
6785 12988746
6789 12998264
6793 13001157
6797 13003752
6801 13010335
6805 13011559
6809 13019369
6813 13025901
6817 13031855
6821 13039499
6823 13041593
6827 13046455
6831 13051057
6835 13053037
6839 13056801
6843 13065883
6847 13069473
6849 13072092
6853 13078799
6857 13095366
6861 13099230
6865 13104914
6869 13118250
6873 13125418
6877 13127738
6881 13132050
6883 13138730
6887 13154452
6891 13167676
6893 13178303
6897 13194082
6901 13207818
6905 13227242
6907 13236747
6911 13249824
6913 13258737
6917 13264752
6921 13273705
6925 13277441
6929 13294232
6931 13296137
6935 13310816
6937 13319229
6941 13321212
6945 13327851
6949 13341543
6953 13349815
6957 13365248
6961 13379096
6963 13380410
6967 13389678
6971 13404279
6975 13417800
6979 13431132
6983 13437998
6987 13443851
6991 13454126
6995 13475517
6999 13482980
7003 13485085
7007 13488300
7011 13491864
7015 13505312
7019 13520473
7023 13538076
7025 13538454
7029 13546895
7031 13549547
7035 13554084
7039 13558296
7041 13559577
7043 13562271
7047 13562739
7051 13564554
7055 13574059
7059 13578873
7063 13582101
7065 13584943
7069 13590019
7073 13598420
7075 13600704
7079 13607546
7081 13611858
7085 13621644
7089 13624764
7091 13629798
7095 13630923
7099 13634697
7103 13639872
7107 13646866
7111 13653392
7115 13656723
7117 13660711
7121 13665414
7127 13680739
7129 13687020
7133 13689492
7137 13690977
7141 13693761
7145 13700419
7147 13708571
7151 13710753
7155 13720227
7157 13723971
7161 13729495
7163 13733083
7165 13736581
7169 13739271
7173 13744471
7175 13746432
7179 13753430
7183 13762806
7187 13776860
7191 13786609
7195 13792959
7199 13797403
7203 13803061
7207 13816602
7211 13828582
7215 13857633
7217 13871053
7221 13883520
7225 13892048
7229 13900355
7233 13905924
7237 13912708
7241 13919545
7245 13940528
7249 13953116
7253 13972670
7255 13977383
7259 13992530
7261 13995338
7265 14004459
7269 14008569
7273 14018912
7275 14020628
7279 14030354
7281 14037898
7283 14039458
7287 14052042
7291 14054103
7295 14057168
7299 14061404
7303 14066776
7307 14072262
7311 14077106
7315 14081559
7317 14085406
7321 14091726
7325 14098712
7329 14102934
7333 14104691
7337 14111283
7341 14116226
7345 14130380
7349 14146071
7353 14156902
7357 14173621
7361 14185412
7365 14195400
7369 14198966
7373 14209277
7377 14227364
7381 14233952
7383 14239479
7387 14264236
7391 14267800
7395 14278441
7399 14282194
7401 14285470
7405 14289034
7409 14298776
7411 14311275
7413 14313492
7415 14318196
7417 14320224
7421 14324436
7425 14325849
7429 14328008
7433 14337511
7437 14342692
7441 14344815
7443 14349757
7447 14353662
7451 14355911
7453 14362743
7455 14366274
7459 14368507
7463 14380167
7467 14384929
7469 14388511
7471 14399979
7473 14405085
7477 14410449
7481 14417491
7483 14421711
7485 14422590
7487 14426769
7491 14433201
7495 14439015
7499 14446944
7503 14456673
7507 14458209
7511 14461963
7513 14466907
7517 14475459
7521 14484988
7523 14508713
7527 14513714
7529 14520048
7531 14528292
7533 14530797
7537 14532111
7541 14538710
7545 14544025
7549 14554354
7551 14563529
7555 14565500
7559 14571896
7563 14586375
7567 14602854
7569 14611542
7571 14627521
7575 14631373
7577 14636575
7581 14647935
7585 14651121
7587 14654445
7591 14664285
7593 14668884
7597 14677579
7601 14689437
7605 14695320
7609 14708874
7613 14717201
7617 14720953
7621 14732311
7625 14737700
7627 14742914
7629 14745768
7633 14754984
7637 14762571
7641 14775723
7645 14782861
7649 14793527
7651 14793839
7655 14807357
7657 14813103
7661 14820690
7665 14833521
7669 14844215
7673 14853207
7677 14856597
7681 14858100
7683 14861901
7687 14872548
7691 14873394
7695 14876703
7699 14879808
7703 14881836
7707 14886360
7709 14888619
7711 14890023
7715 14891559
7719 14900597
7723 14906175
7727 14914222
7731 14921408
7735 14931531
7737 14932311
7741 14934282
7745 14947641
7749 14955081
7751 14957175
7753 14957865
7757 14961729
7759 14965986
7763 14972893
7765 14975233
7767 14977215
7771 14981733
7773 14986758
7777 14988294
7781 14996544
7785 14998638
7789 15011218
7793 15017838
7797 15030834
7801 15040164
7803 15042669
7807 15049921
7811 15070972
7815 15082990
7819 15086482
7823 15096249
7825 15107397
7829 15114938
7833 15132010
7837 15136043
7841 15143257
7845 15150075
7847 15156560
7849 15170115
7853 15175134
7857 15186049
7861 15199023
7865 15207934
7869 15214484
7871 15230803
7875 15240529
7879 15244673
7883 15252920
7887 15260232
7891 15272057
7893 15276012
7897 15279387
7899 15281552
7903 15285882
7907 15289080
7911 15293432
7913 15297015
7917 15305199
7919 15310105
7921 15311343
7923 15312279
7925 15325838
7929 15349431
7933 15352371
7935 15365059
7937 15367276
7939 15376027
7943 15377350
7947 15381193
7951 15386662
7955 15388690
7959 15401121
7963 15402830
7967 15415588
7973 15432172
7977 15436241
7981 15441150
7985 15446391
7989 15458841
7993 15469398
7995 15474841
7999 15477346
8003 15484342
8005 15485278
8009 15490957
8013 15499874
8017 15508115
8021 15514609
8025 15552587
8029 15555461
8033 15556628
8035 15566293
8039 15572137
8043 15579581
8047 15598423
8051 15602661
8055 15612397
8059 15622755
8061 15633043
8065 15652325
8069 15654440
8071 15657478
8075 15666909
8079 15689247
8083 15690282
8087 15705403
8091 15717491
8093 15723127
8095 15727126
8099 15734931
8101 15735432
8105 15737493
8107 15744267
8111 15748881
8113 15755793
8117 15761731
8119 15764023
8123 15769443
8125 15772209
8129 15784110
8133 15786857
8137 15820617
8141 15826379
8143 15829376
8147 15840813
8151 15852161
8153 15858085
8157 15866635
8161 15884856
8165 15892343
8167 15894566
8171 15903644
8175 15915606
8177 15918498
8179 15922359
8183 15935352
8187 15942375
8191 15950140
8195 15957573
8197 15977652
8201 15978999
8203 15983446
8207 15984711
8209 15992083
8213 16000617
8217 16014486
8221 16027591
8225 16037917
8229 16043551
8231 16049715
8235 16056338
8239 16080491
8241 16081739
8245 16092681
8249 16107574
8251 16116503
8253 16122001
8257 16124530
8261 16127835
8265 16144007
8267 16145321
8269 16147538
8273 16150412
8275 16151546
8277 16155914
8279 16158566
8283 16159421
8287 16160201
8291 16168058
8295 16170251
8299 16177002
8303 16185653
8307 16192946
8311 16205044
8315 16205978
8319 16213463
8321 16218891
8325 16228143
8329 16235361
8333 16246063
8335 16248091
8339 16255602
8343 16259639
8347 16265850
8349 16271474
8353 16273166
8357 16281882
8361 16286646
8365 16291298
8369 16299558
8373 16302714
8377 16308435
8381 16311056
8385 16316369
8387 16318553
8391 16322420
8395 16330268
8399 16339912
8403 16342868
8407 16350464
8411 16357399
8415 16361020
8419 16369280
8423 16380775
8427 16382056
8431 16391138
8435 16397726
8439 16401100
8443 16402324
8447 16407316
8451 16409816
8455 16422249
8457 16437182
8461 16465304
8465 16478574
8469 16482425
8473 16497558
8477 16515921
8479 16524055
8483 16535600
8487 16540781
8491 16548880
8495 16554624
8499 16567647
8503 16573925
8507 16584786
8509 16590007
8511 16592257
8515 16597635
8519 16604600
8523 16616403
8527 16627077
8531 16638561
8535 16644918
8537 16647948
8541 16655312
8545 16662504
8549 16675546
8553 16689117
8555 16695726
8559 16720387
8561 16721701
8563 16723450
8567 16727634
8571 16749102
8575 16752641
8579 16767276
8583 16769715
8587 16795070
8591 16801288
8595 16813524
8597 16829914
8601 16836925
8605 16844768
8609 16846706
8613 16854143
8617 16860670
8621 16862593
8625 16865869
8629 16867216
8633 16877836
8635 16883672
8637 16885276
8641 16893166
8645 16895478
8647 16900142
8651 16902690
8655 16910318
8659 16920713
8663 16930872
8667 16938038
8671 16939128
8673 16942560
8677 16946897
8681 16949037
8685 16959656
8687 16961282
8691 16964624
8695 16966160
8699 16972984
8701 16978978
8705 16981018
8707 17003149
8709 17005589
8713 17009489
8715 17015235
8717 17029606
8721 17034314
8723 17040837
8727 17042635
8731 17053797
8735 17069791
8739 17078740
8743 17091813
8747 17115175
8751 17120275
8755 17126213
8759 17153801
8763 17166027
8767 17167674
8771 17175416
8775 17193516
8779 17195331
8783 17197735
8787 17201315
8791 17208445
8795 17216746
8799 17223805
8803 17227585
8805 17237201
8807 17238770
8811 17243829
8815 17246268
8817 17252347
8821 17259842
8823 17263898
8827 17266928
8831 17272107
8835 17281828
8837 17285568
8839 17290983
8843 17291862
8847 17302246
8849 17314082
8853 17315429
8857 17320413
8861 17340847
8865 17350392
8869 17360162
8873 17368212
8877 17380929
8881 17397627
8885 17401716
8889 17408656
8893 17429186
8897 17446521
8901 17463966
8905 17465937
8909 17470125
8913 17479456
8917 17488394
8921 17500502
8925 17512684
8929 17519574
8933 17524972
8937 17536378
8941 17541577
8945 17546195
8949 17555767
8953 17560231
8957 17571360
8961 17573421
8965 17580125
8969 17588888
8973 17601732
8977 17610897
8981 17624144
8985 17640543
8989 17650143
8993 17654507
8995 17669329
8999 17682870
9003 17693732
9007 17701194
9009 17710245
9013 17716194
9017 17724812
9021 17726951
9025 17735555
9027 17744459
9031 17751912
9035 17761502
9039 17777834
9043 17783683
9045 17788168
9049 17803301
9053 17810715
9057 17815349
9061 17847171
9065 17877886
9069 17881559
9073 17883416
9077 17885633
9081 17886446
9085 17890658
9089 17893810
9093 17903003
9097 17904403
9099 17911066
9103 17919370
9105 17924135
9109 17930700
9111 17934930
9115 17940431
9119 17942860
9123 17949694
9127 17961118
9129 17964314
9131 17965316
9135 17968326
9139 17979250
9143 17984490
9145 17985804
9149 17998669
9151 18002332
9155 18005485
9159 18008515
9161 18011270
9165 18019628
9169 18027752
9173 18029208
9177 18035679
9181 18039419
9185 18050791
9187 18052795
9191 18053575
9195 18056645
9199 18062954
9203 18068547
9207 18077431
9211 18082117
9215 18086272
9219 18098602
9221 18101443
9223 18103627
9225 18104629
9227 18113588
9231 18132042
9235 18154995
9239 18170912
9241 18173146
9245 18185633
9249 18188819
9253 18194033
9255 18196316
9257 18202985
9261 18207990
9263 18219279
9267 18229364
9271 18245975
9275 18257553
9277 18271122
9281 18290311
9285 18309374
9289 18317971
9293 18327178
9297 18338750
9301 18345097
9305 18373411
9307 18374725
9311 18379110
9313 18388889
9317 18390359
9321 18402218
9325 18418764
9329 18428218
9333 18432615
9337 18433551
9341 18439809
9343 18440901
9347 18446153
9351 18454265
9353 18460318
9355 18461320
9359 18484004
9361 18484852
9365 18499740
9369 18507298
9371 18517366
9375 18519214
9379 18528300
9383 18545192
9387 18553475
9391 18556375
9395 18562267
9399 18569192
9403 18574007
9405 18589489
9409 18596476
9413 18600319
9415 18602068
9419 18608894
9423 18615382
9425 18620690
9429 18636728
9431 18645319
9435 18661151
9439 18684747
9441 18692549
9445 18698604
9449 18707663
9453 18720534
9457 18724689
9461 18729731
9465 18733544
9469 18741392
9473 18765870
9477 18768210
9479 18774389
9483 18784146
9487 18790574
9491 18798717
9495 18802413
9499 18804680
9503 18808911
9507 18813189
9509 18816441
9513 18820229
9517 18823697
9521 18834931
9523 18836845
9527 18838405
9531 18841903
9535 18844187
9537 18847767
9539 18856431
9543 18860652
9547 18865294
9551 18878196
9555 18879765
9557 18883434
9561 18898766
9565 18909859
9569 18922260
9573 18928809
9575 18935134
9577 18936883
9579 18937762
9583 18950351
9585 18953159
9589 18954449
9593 18957512
9597 18959893
9601 18970583
9605 18976291
9609 18984469
9611 18988747
9613 18989971
9617 18991146
9621 19007394
9625 19010334
9627 19014112
9629 19015579
9631 19019674
9633 19022515
9637 19024897
9641 19027705
9643 19033793
9645 19034360
9649 19037935
9651 19041144
9655 19047911
9659 19053411
9663 19061593
9667 19070451
9671 19076323
9675 19080575
9677 19084535
9679 19090526
9683 19100795
9687 19102545
9689 19106241
9693 19110016
9697 19116193
9701 19124319
9703 19130214
9705 19140136
9709 19161321
9713 19175506
9717 19207437
9721 19212639
9723 19213140
9727 19218688
9731 19228313
9735 19234663
9739 19242183
9743 19255788
9745 19257504
9747 19270556
9751 19271870
9755 19274744
9759 19295811
9763 19301547
9765 19313161
9769 19316519
9773 19320731
9777 19322135
9781 19325460
9785 19326618
9789 19334949
9791 19341161
9793 19345250
9797 19346138
9801 19348322
9805 19349669
9809 19359195
9811 19369572
9815 19374349
9819 19381549
9823 19387119
9825 19393843
9827 19400227
9831 19401495
9833 19405639
9837 19411175
9841 19420506
9843 19427921
9847 19430549
9851 19435237
9855 19443487
9859 19446791
9863 19452951
9867 19457006
9871 19475306
9875 19512069
9877 19525192
9879 19526280
9883 19556318
9887 19568887
9889 19569987
9893 19597975
9897 19609723
9899 19613073
9903 19638799
9907 19647666
9911 19662836
9915 19665831
9919 19687260
9923 19692784
9927 19713908
9929 19719316
9931 19727861
9935 19744317
9939 19761239
9943 19773386
9945 19777130
9949 19787386
9953 19796349
9957 19806914
9959 19825256
9963 19841593
9967 19854614
9971 19863928
9975 19881675
9979 19896676
9983 19920105
9986 19945711
9988 19946335
9989 19950859
9991 19952657
9993 19959462
9995 19963838
9997 19969643
9999 19970579
