27 125640
26 125640
25 125640
24 125640
23 125640
22 125640
21 125640
20 125640
19 125640
18 125640
17 125640
16 125640
15 125640
18 133369
17 133369
16 133369
15 133369
14 133369
13 133369
12 133369
11 133369
10 133369
10 137063
9 137063
8 137063
7 137063
6 137063
5 137665
4 137665
3 137665
3 140943
3 142806
2 142806
8 165967
7 165967
6 165967
8 170868
7 170868
6 170868
5 170868
4 170868
69 357713
68 357713
67 357713
66 357713
65 357713
64 357713
63 357713
62 357713
61 357713
60 357713
59 357713
58 357713
57 357713
56 357713
55 357713
54 357713
53 357713
52 357713
51 357713
50 357713
49 357713
48 357713
47 357713
46 357713
45 357713
44 357713
43 357713
42 357713
41 357713
40 357713
39 357713
38 357713
153 908352
152 908352
151 908352
150 908352
149 908352
148 908352
147 908352
146 908352
145 908352
144 908352
143 908352
142 908352
141 908352
140 908352
139 908352
138 908352
137 908352
136 908352
135 908352
134 908352
133 908352
132 908352
131 908352
130 908352
129 908352
128 908352
127 908352
126 908352
125 908352
124 908352
123 908352
122 908352
121 908352
120 908352
119 908352
118 908352
117 908352
116 908352
115 908352
114 908352
113 908352
112 908352
111 908352
110 908352
109 908352
108 908352
107 908352
106 908352
105 908352
104 908352
103 908352
102 908352
101 908352
100 908352
99 908352
98 908352
97 908352
96 908352
95 908352
94 908352
93 908352
92 908352
91 908352
90 908352
89 908352
88 908352
87 908352
86 908352
85 908352
84 908352
83 908352
172 1657110
171 1657110
170 1657110
169 1657110
168 1657110
167 1657110
166 1657110
165 1657110
164 1657110
163 1657110
162 1657110
161 1657110
160 1657110
159 1657110
158 1657110
157 1657110
156 1657110
155 1657110
154 1657110
153 1657110
152 1657110
151 1657110
150 1657110
149 1657110
148 1657110
147 1657110
146 1657110
145 1657110
144 1657110
143 1657110
142 1657110
141 1657110
140 1657110
139 1657110
138 1657110
137 1657110
136 1657110
135 1657110
134 1657110
133 1657110
132 1657110
131 1657110
130 1657110
129 1657110
128 1657110
127 1657110
126 1657110
125 1657110
124 1657110
123 1657110
122 1657110
121 1657110
120 1657110
119 1657110
118 1657110
117 1657110
116 1657110
115 1657110
114 1657110
113 1657110
112 1657110
111 1657110
110 1657110
109 1657110
108 1657110
107 1657110
106 1657110
105 1657110
104 1657110
103 1657110
102 1657110
101 1657110
100 1657110
118 1771192
117 1771192
116 1771192
115 1771192
114 1771192
113 1771192
112 1771192
111 1771192
110 1771192
109 1771192
108 1771192
107 1771192
106 1771192
105 1771192
104 1771192
103 1771192
102 1771192
101 1771192
100 1771192
99 1771192
98 1771192
97 1771192
96 1771192
95 1771192
94 1771192
93 1771192
92 1771192
91 1771192
90 1771192
89 1771192
88 1771192
87 1771192
86 1771192
85 1771192
84 1771192
83 1771192
82 1771192
81 1771192
80 1771192
79 1771192
78 1771192
77 1771192
76 1771192
75 1771192
74 1771192
73 1771192
72 1771192
71 1771192
70 1771192
69 1771192
68 1771192
67 1771192
66 1771192
65 1771192
64 1771192
110 2042185
109 2042185
108 2042185
107 2042185
106 2042185
105 2042185
104 2042185
103 2042185
102 2042185
101 2042185
100 2042185
99 2042185
98 2042185
97 2042185
96 2042185
95 2042185
94 2042185
93 2042185
92 2042185
91 2042185
90 2042185
89 2042185
88 2042185
87 2042185
86 2042185
85 2042185
84 2042185
83 2042185
82 2042185
81 2042185
80 2042185
79 2042185
78 2042185
77 2042185
76 2042185
75 2042185
74 2042185
73 2042185
72 2042185
71 2042185
70 2042185
69 2042185
68 2042185
67 2042185
66 2042185
65 2042185
64 2042185
63 2042185
62 2042185
165 2915145
164 2915145
163 2915145
162 2915145
161 2915145
160 2915145
159 2915145
158 2915145
157 2915145
156 2915145
155 2915145
154 2915145
153 2915145
152 2915145
151 2915145
150 2915145
149 2915145
148 2915145
147 2915145
146 2915145
145 2915145
144 2915145
143 2915145
142 2915145
141 2915145
140 2915145
139 2915145
138 2915145
137 2915145
136 2915145
135 2915145
134 2915145
133 2915145
132 2915145
131 2915145
130 2915145
129 2915145
128 2915145
127 2915145
126 2915145
125 2915145
124 2915145
123 2915145
122 2915145
121 2915145
120 2915145
119 2915145
118 2915145
117 2915145
116 2915145
115 2915145
114 2915145
113 2915145
112 2915145
111 2915145
110 2915145
109 2915145
108 2915145
107 2915145
106 2915145
105 2915145
104 2915145
103 2915145
102 2915145
101 2915145
100 2915145
99 2915145
98 2915145
97 2915145
96 2915145
95 2915145
94 2915145
93 2915145
92 2915145
91 2915145
90 2915145
89 2915145
139 3220274
138 3220274
137 3220274
136 3220274
135 3220274
134 3220274
133 3220274
132 3220274
131 3220274
130 3220274
129 3220274
128 3220274
127 3220274
126 3220274
125 3220274
124 3220274
123 3220274
122 3220274
121 3220274
120 3220274
119 3220274
118 3220274
117 3220274
116 3220274
115 3220274
114 3220274
113 3220274
112 3220274
111 3220274
110 3220274
109 3220274
108 3220274
107 3220274
106 3220274
105 3220274
104 3220274
103 3220274
102 3220274
101 3220274
100 3220274
99 3220274
98 3220274
97 3220274
96 3220274
95 3220274
94 3220274
93 3220274
92 3220274
91 3220274
90 3220274
89 3220274
88 3220274
87 3220274
86 3220274
85 3220274
84 3220274
83 3220274
82 3220274
81 3220274
80 3220274
79 3220274
78 3220274
77 3220274
111 3474588
110 3474588
109 3474588
108 3474588
107 3474588
106 3474588
105 3474588
104 3474588
103 3474588
102 3474588
101 3474588
100 3474588
99 3474588
98 3474588
97 3474588
96 3474588
95 3474588
94 3474588
93 3474588
92 3474588
91 3474588
90 3474588
89 3474588
88 3474588
87 3474588
86 3474588
85 3474588
84 3474588
83 3474588
82 3474588
81 3474588
80 3474588
79 3474588
78 3474588
77 3474588
76 3474588
75 3474588
74 3474588
73 3474588
72 3474588
71 3474588
70 3474588
69 3474588
68 3474588
67 3474588
66 3474588
65 3474588
64 3474588
77 3553125
76 3553125
75 3553125
74 3553125
73 3553125
72 3553125
71 3553125
70 3553125
69 3553125
68 3553125
67 3553125
66 3553125
65 3553125
64 3553125
63 3553125
62 3553125
61 3553125
60 3553125
59 3553125
58 3553125
57 3553125
56 3553125
55 3553125
54 3553125
53 3553125
52 3553125
51 3553125
50 3553125
49 3553125
48 3553125
47 3553125
46 3553125
45 3553125
44 3553125
43 3553125
42 3553125
41 3553125
40 3553125
39 3553125
38 3553125
37 3553125
36 3553125
35 3553125
34 3553125
33 3553125
32 3553125
31 3553125
30 3553125
29 3553125
28 3553125
27 3553125
26 3553125
25 3553125
24 3553125
23 3553125
22 3553125
83 4026866
82 4026866
81 4026866
80 4026866
79 4026866
78 4026866
77 4026866
76 4026866
75 4026866
74 4026866
73 4026866
72 4026866
71 4026866
70 4026866
69 4026866
68 4026866
67 4026866
66 4026866
65 4026866
64 4026866
63 4026866
62 4026866
61 4026866
60 4026866
59 4026866
58 4026866
57 4026866
56 4026866
55 4026866
54 4026866
53 4026866
52 4026866
51 4026866
50 4026866
49 4026866
48 4026866
47 4026866
46 4026866
45 4026866
83 4317430
82 4317430
81 4317430
80 4317430
79 4317430
78 4317430
77 4317430
76 4317430
75 4317430
74 4317430
73 4317430
72 4317430
71 4317430
70 4317430
69 4317430
68 4317430
67 4317430
66 4317430
65 4317430
64 4317430
63 4317430
62 4317430
61 4317430
60 4317430
59 4317430
58 4317430
57 4317430
56 4317430
55 4317430
54 4317430
53 4317430
52 4317430
51 4317430
50 4317430
49 4317430
48 4317430
47 4317430
46 4317430
45 4317430
44 4317430
43 4317430
42 4317430
41 4317430
40 4317430
39 4317430
38 4317430
37 4317430
36 4317430
35 4317430
34 4317430
33 4317430
32 4317430
31 4317430
30 4317430
29 4317430
28 4317430
27 4317430
26 4317430
25 4317430
24 4317430
24 4318040
23 4318040
22 4318040
21 4318040
20 4318040
19 4318040
18 4318040
17 4318040
16 4318040
15 4318040
14 4318040
13 4318040
12 4318040
29 4417643
28 4417643
27 4417643
26 4417643
25 4417643
24 4417643
23 4417643
22 4417643
21 4417643
20 4417643
19 4417643
18 4417643
17 4417643
16 4417643
44 4615081
43 4615081
42 4615081
41 4615081
40 4615081
39 4615081
38 4615081
37 4615081
36 4615081
35 4615081
34 4615081
33 4615081
32 4615081
31 4615081
30 4615081
29 4615081
28 4615081
27 4615081
26 4615081
25 4615081
24 4615081
62 4930272
61 4930272
60 4930272
59 4930272
58 4930272
57 4930272
56 4930272
55 4930272
54 4930272
53 4930272
52 4930272
51 4930272
50 4930272
49 4930272
48 4930272
47 4930272
46 4930272
45 4930272
44 4930272
43 4930272
42 4930272
41 4930272
40 4930272
39 4930272
38 4930272
37 4930272
36 4930272
35 4930272
34 4930272
33 4930272
54 5045795
53 5045795
52 5045795
51 5045795
50 5045795
49 5045795
48 5045795
47 5045795
46 5045795
45 5045795
44 5045795
43 5045795
42 5045795
41 5045795
40 5045795
39 5045795
38 5045795
37 5045795
36 5045795
35 5045795
34 5045795
33 5045795
32 5045795
31 5045795
30 5045795
58 5286322
57 5286322
56 5286322
55 5286322
54 5286322
53 5286322
52 5286322
51 5286322
50 5286322
49 5286322
48 5286322
47 5286322
46 5286322
45 5286322
44 5286322
43 5286322
42 5286322
41 5286322
40 5286322
39 5286322
38 5286322
37 5286322
36 5286322
35 5286322
34 5286322
33 5286322
32 5286322
57 5463526
56 5463526
55 5463526
54 5463526
53 5463526
52 5463526
51 5463526
50 5463526
49 5463526
48 5463526
47 5463526
46 5463526
45 5463526
44 5463526
43 5463526
42 5463526
41 5463526
40 5463526
39 5463526
38 5463526
37 5463526
36 5463526
35 5463526
34 5463526
33 5463526
32 5463526
31 5463526
30 5463526
58 5657170
57 5657170
56 5657170
55 5657170
54 5657170
53 5657170
52 5657170
51 5657170
50 5657170
49 5657170
48 5657170
47 5657170
46 5657170
45 5657170
44 5657170
43 5657170
42 5657170
41 5657170
40 5657170
39 5657170
38 5657170
37 5657170
36 5657170
35 5657170
34 5657170
33 5657170
50 5740015
49 5740015
48 5740015
47 5740015
46 5740015
45 5740015
44 5740015
43 5740015
42 5740015
41 5740015
40 5740015
39 5740015
38 5740015
37 5740015
36 5740015
35 5740015
34 5740015
33 5740015
32 5740015
31 5740015
30 5740015
29 5740015
28 5740015
27 5740015
29 5762139
28 5762139
27 5762139
26 5762139
25 5762139
24 5762139
23 5762139
22 5762139
21 5762139
20 5762139
19 5762139
18 5762139
17 5762139
16 5762139
15 5765559
14 5765559
13 5765559
12 5765559
11 5765559
10 5765559
136 6819276
135 6819276
134 6819276
133 6819276
132 6819276
131 6819276
130 6819276
129 6819276
128 6819276
127 6819276
126 6819276
125 6819276
124 6819276
123 6819276
122 6819276
121 6819276
120 6819276
119 6819276
118 6819276
117 6819276
116 6819276
115 6819276
114 6819276
113 6819276
112 6819276
111 6819276
110 6819276
109 6819276
108 6819276
107 6819276
106 6819276
105 6819276
104 6819276
103 6819276
102 6819276
101 6819276
100 6819276
99 6819276
98 6819276
97 6819276
96 6819276
95 6819276
94 6819276
93 6819276
92 6819276
91 6819276
90 6819276
89 6819276
88 6819276
87 6819276
86 6819276
85 6819276
84 6819276
83 6819276
82 6819276
81 6819276
80 6819276
79 6819276
78 6819276
77 6819276
76 6819276
75 6819276
74 6819276
116 7118748
115 7118748
114 7118748
113 7118748
112 7118748
111 7118748
110 7118748
109 7118748
108 7118748
107 7118748
106 7118748
105 7118748
104 7118748
103 7118748
102 7118748
101 7118748
100 7118748
99 7118748
98 7118748
97 7118748
96 7118748
95 7118748
94 7118748
93 7118748
92 7118748
91 7118748
90 7118748
89 7118748
88 7118748
87 7118748
86 7118748
85 7118748
84 7118748
83 7118748
82 7118748
81 7118748
80 7118748
79 7118748
78 7118748
77 7118748
76 7118748
75 7118748
74 7118748
73 7118748
72 7118748
71 7118748
70 7118748
69 7118748
68 7118748
67 7118748
66 7118748
65 7118748
64 7118748
63 7118748
62 7118748
61 7118748
60 7118748
59 7118748
58 7118748
57 7118748
56 7118748
55 7118748
54 7118748
53 7118748
52 7118748
51 7118748
50 7118748
49 7118748
48 7118748
47 7118748
46 7118748
45 7118748
44 7118748
43 7118748
42 7118748
41 7118748
40 7118748
39 7118748
38 7118748
37 7118748
36 7118748
35 7118748
34 7118748
124 7767722
123 7767722
122 7767722
121 7767722
120 7767722
119 7767722
118 7767722
117 7767722
116 7767722
115 7767722
114 7767722
113 7767722
112 7767722
111 7767722
110 7767722
109 7767722
108 7767722
107 7767722
106 7767722
105 7767722
104 7767722
103 7767722
102 7767722
101 7767722
100 7767722
99 7767722
98 7767722
97 7767722
96 7767722
95 7767722
94 7767722
93 7767722
92 7767722
91 7767722
90 7767722
89 7767722
88 7767722
87 7767722
86 7767722
85 7767722
84 7767722
83 7767722
82 7767722
81 7767722
80 7767722
79 7767722
78 7767722
77 7767722
76 7767722
75 7767722
74 7767722
73 7767722
72 7767722
71 7767722
70 7767722
69 7767722
68 7767722
67 7767722
116 8086853
115 8086853
114 8086853
113 8086853
112 8086853
111 8086853
110 8086853
109 8086853
108 8086853
107 8086853
106 8086853
105 8086853
104 8086853
103 8086853
102 8086853
101 8086853
100 8086853
99 8086853
98 8086853
97 8086853
96 8086853
95 8086853
94 8086853
93 8086853
92 8086853
91 8086853
90 8086853
89 8086853
88 8086853
87 8086853
86 8086853
85 8086853
84 8086853
83 8086853
82 8086853
81 8086853
80 8086853
79 8086853
78 8086853
77 8086853
76 8086853
75 8086853
74 8086853
73 8086853
72 8086853
71 8086853
70 8086853
69 8086853
68 8086853
67 8086853
66 8086853
65 8086853
64 8086853
63 8086853
62 8086853
61 8086853
60 8086853
59 8086853
58 8086853
57 8086853
56 8086853
55 8086853
54 8086853
53 8086853
52 8086853
51 8086853
50 8086853
49 8086853
48 8086853
47 8086853
46 8086853
45 8086853
44 8086853
43 8086853
42 8086853
41 8086853
40 8086853
39 8086853
38 8086853
37 8086853
36 8086853
35 8086853
34 8086853
33 8086853
32 8086853
48 8158214
47 8158214
46 8158214
45 8158214
44 8158214
43 8158214
42 8158214
41 8158214
40 8158214
39 8158214
38 8158214
37 8158214
36 8158214
35 8158214
34 8158214
33 8158214
32 8158214
31 8158214
30 8158214
29 8158214
28 8158214
27 8158214
52 8321159
51 8321159
50 8321159
49 8321159
48 8321159
47 8321159
46 8321159
45 8321159
44 8321159
43 8321159
42 8321159
41 8321159
40 8321159
39 8321159
38 8321159
37 8321159
36 8321159
35 8321159
34 8321159
33 8321159
32 8321159
31 8321159
30 8321159
29 8321159
52 8444902
51 8444902
50 8444902
49 8444902
48 8444902
47 8444902
46 8444902
45 8444902
44 8444902
43 8444902
42 8444902
41 8444902
40 8444902
39 8444902
38 8444902
37 8444902
36 8444902
35 8444902
34 8444902
33 8444902
32 8444902
31 8444902
30 8444902
29 8444902
28 8444902
51 8601857
50 8601857
49 8601857
48 8601857
47 8601857
46 8601857
45 8601857
44 8601857
43 8601857
42 8601857
41 8601857
40 8601857
39 8601857
38 8601857
37 8601857
36 8601857
35 8601857
34 8601857
33 8601857
32 8601857
31 8601857
30 8601857
29 8601857
28 8601857
27 8601857
26 8601857
25 8601857
24 8601857
23 8601857
22 8601857
21 8601857
20 8601857
19 8601857
18 8601857
17 8601857
16 8601857
15 8601857
14 8601857
65 9012336
64 9012336
63 9012336
62 9012336
61 9012336
60 9012336
59 9012336
58 9012336
57 9012336
56 9012336
55 9012336
54 9012336
53 9012336
52 9012336
51 9012336
50 9012336
49 9012336
48 9012336
47 9012336
46 9012336
45 9012336
44 9012336
43 9012336
42 9012336
41 9012336
40 9012336
39 9012336
38 9012336
37 9012336
36 9012336
65 9214027
64 9214027
63 9214027
62 9214027
61 9214027
60 9214027
59 9214027
58 9214027
57 9214027
56 9214027
55 9214027
54 9214027
53 9214027
52 9214027
51 9214027
50 9214027
49 9214027
48 9214027
47 9214027
46 9214027
45 9214027
44 9214027
43 9214027
42 9214027
41 9214027
40 9214027
39 9214027
38 9214027
37 9214027
36 9214027
35 9214027
34 9214027
33 9214027
32 9214027
31 9214027
30 9214027
29 9214027
28 9214027
27 9214027
26 9214027
25 9214027
24 9214027
23 9214027
22 9214027
51 9399530
50 9399530
49 9399530
48 9399530
47 9399530
46 9399530
45 9399530
44 9399530
43 9399530
42 9399530
41 9399530
40 9399530
39 9399530
38 9399530
37 9399530
36 9399530
35 9399530
34 9399530
33 9399530
32 9399530
31 9399530
30 9399530
29 9399530
28 9399530
27 9399530
26 9399530
25 9399530
24 9399530
23 9399530
22 9399530
21 9399530
20 9399530
19 9399530
18 9399530
17 9399530
16 9399530
15 9399530
14 9399530
41 9596180
40 9596180
39 9596180
38 9596180
37 9596180
36 9596180
35 9596180
34 9596180
33 9596180
32 9596180
31 9596180
30 9596180
29 9596180
28 9596180
27 9596180
26 9596180
25 9596180
24 9596180
23 9596180
52 9852298
51 9852298
50 9852298
49 9852298
48 9852298
47 9852298
46 9852298
45 9852298
44 9852298
43 9852298
42 9852298
41 9852298
40 9852298
39 9852298
38 9852298
37 9852298
36 9852298
35 9852298
34 9852298
33 9852298
32 9852298
31 9852298
30 9852298
29 9852298
28 9852298
27 9852298
26 9852298
25 9852298
24 9852298
23 9852298
22 9852298
21 9852298
20 9852298
19 9852298
18 9852298
17 9852298
16 9852298
66 10269450
65 10269450
64 10269450
63 10269450
62 10269450
61 10269450
60 10269450
59 10269450
58 10269450
57 10269450
56 10269450
55 10269450
54 10269450
53 10269450
52 10269450
51 10269450
50 10269450
49 10269450
48 10269450
47 10269450
46 10269450
45 10269450
44 10269450
43 10269450
42 10269450
41 10269450
40 10269450
39 10269450
38 10269450
37 10269450
36 10269450
63 10479100
62 10479100
61 10479100
60 10479100
59 10479100
58 10479100
57 10479100
56 10479100
55 10479100
54 10479100
53 10479100
52 10479100
51 10479100
50 10479100
49 10479100
48 10479100
47 10479100
46 10479100
45 10479100
44 10479100
43 10479100
42 10479100
41 10479100
40 10479100
39 10479100
38 10479100
37 10479100
36 10479100
35 10479100
34 10479100
66 10730127
65 10730127
64 10730127
63 10730127
62 10730127
61 10730127
60 10730127
59 10730127
58 10730127
57 10730127
56 10730127
55 10730127
54 10730127
53 10730127
52 10730127
51 10730127
50 10730127
49 10730127
48 10730127
47 10730127
46 10730127
45 10730127
44 10730127
43 10730127
42 10730127
41 10730127
40 10730127
39 10730127
38 10730127
37 10730127
37 10743985
36 10743985
35 10743985
34 10743985
33 10743985
32 10743985
31 10743985
30 10743985
29 10743985
28 10743985
27 10743985
26 10743985
25 10743985
24 10743985
23 10743985
22 10743985
21 10743985
55 10985995
54 10985995
53 10985995
52 10985995
51 10985995
50 10985995
49 10985995
48 10985995
47 10985995
46 10985995
45 10985995
44 10985995
43 10985995
42 10985995
41 10985995
40 10985995
39 10985995
38 10985995
37 10985995
36 10985995
35 10985995
34 10985995
33 10985995
32 10985995
31 10985995
30 10985995
38 11031370
37 11031370
36 11031370
35 11031370
34 11031370
33 11031370
32 11031370
31 11031370
30 11031370
29 11031370
28 11031370
27 11031370
26 11031370
25 11031370
24 11031370
23 11031370
22 11031370
21 11031370
20 11031370
43 11208495
42 11208495
41 11208495
40 11208495
39 11208495
38 11208495
37 11208495
36 11208495
35 11208495
34 11208495
33 11208495
32 11208495
31 11208495
30 11208495
29 11208495
28 11208495
27 11208495
26 11208495
25 11208495
24 11208495
23 11208495
22 11208495
21 11208495
20 11208495
19 11208495
18 11208495
17 11208495
16 11208495
15 11208495
14 11208495
13 11208495
13 11215450
12 11215450
11 11215450
10 11215450
9 11215450
8 11215450
7 11215450
24 11311053
23 11311053
22 11311053
21 11311053
20 11311053
19 11311053
18 11311053
17 11311053
16 11311053
25 11393730
24 11393730
23 11393730
22 11393730
21 11393730
20 11393730
19 11393730
18 11393730
17 11393730
16 11393730
15 11393730
14 11393730
13 11393730
12 11393730
11 11393730
10 11393730
9 11393730
8 11393730
7 11393730
31 11600148
30 11600148
29 11600148
28 11600148
27 11600148
26 11600148
25 11600148
24 11600148
23 11600148
22 11600148
21 11600148
20 11600148
19 11600148
18 11600148
17 11600148
16 11600148
15 11600148
14 11600148
13 11600148
12 11600148
11 11600148
10 11600148
17 11648604
16 11648604
15 11648604
14 11648604
13 11648604
12 11648604
11 11648604
10 11648604
9 11648604
8 11648604
7 11648604
6 11648604
5 11648604
47 11994761
46 11994761
45 11994761
44 11994761
43 11994761
42 11994761
41 11994761
40 11994761
39 11994761
38 11994761
37 11994761
36 11994761
35 11994761
34 11994761
33 11994761
32 11994761
31 11994761
30 11994761
29 11994761
28 11994761
27 11994761
26 11994761
25 11994761
24 11994761
23 11994761
22 11994761
21 11994761
20 11994761
19 11994761
18 11994761
17 11994761
16 11994761
15 11994761
14 11994761
70 12471895
69 12471895
68 12471895
67 12471895
66 12471895
65 12471895
64 12471895
63 12471895
62 12471895
61 12471895
60 12471895
59 12471895
58 12471895
57 12471895
56 12471895
55 12471895
54 12471895
53 12471895
52 12471895
51 12471895
50 12471895
49 12471895
48 12471895
47 12471895
46 12471895
45 12471895
44 12471895
43 12471895
42 12471895
41 12471895
40 12471895
39 12471895
38 12471895
37 12471895
36 12471895
35 12471895
34 12471895
33 12471895
32 12471895
31 12471895
30 12471895
29 12471895
28 12471895
27 12471895
26 12471895
25 12471895
24 12471895
23 12471895
22 12471895
21 12471895
20 12471895
51 12660314
50 12660314
49 12660314
48 12660314
47 12660314
46 12660314
45 12660314
44 12660314
43 12660314
42 12660314
41 12660314
40 12660314
39 12660314
38 12660314
37 12660314
36 12660314
35 12660314
34 12660314
33 12660314
32 12660314
31 12660314
30 12660314
29 12660314
28 12660314
27 12660314
26 12660314
25 12660314
24 12660314
23 12660314
22 12660314
21 12660314
20 12660314
19 12660314
18 12660314
17 12660314
16 12660314
15 12660314
54 12974330
53 12974330
52 12974330
51 12974330
50 12974330
49 12974330
48 12974330
47 12974330
46 12974330
45 12974330
44 12974330
43 12974330
42 12974330
41 12974330
40 12974330
39 12974330
38 12974330
37 12974330
36 12974330
35 12974330
34 12974330
33 12974330
32 12974330
31 12974330
30 12974330
29 12974330
28 12974330
27 12974330
26 12974330
25 12974330
24 12974330
23 12974330
22 12974330
21 12974330
20 12974330
19 12974330
18 12974330
17 12974330
16 12974330
15 12974330
27 13042445
26 13042445
25 13042445
24 13042445
23 13042445
22 13042445
21 13042445
20 13042445
19 13042445
18 13042445
17 13042445
16 13042445
15 13042445
14 13042445
13 13042445
12 13042445
11 13042445
10 13042445
9 13042445
8 13042445
60 13535407
59 13535407
58 13535407
57 13535407
56 13535407
55 13535407
54 13535407
53 13535407
52 13535407
51 13535407
50 13535407
49 13535407
48 13535407
47 13535407
46 13535407
45 13535407
44 13535407
43 13535407
42 13535407
41 13535407
40 13535407
39 13535407
38 13535407
37 13535407
36 13535407
35 13535407
34 13535407
33 13535407
48 13599085
47 13599085
46 13599085
45 13599085
44 13599085
43 13599085
42 13599085
41 13599085
40 13599085
39 13599085
38 13599085
37 13599085
36 13599085
35 13599085
34 13599085
33 13599085
32 13599085
31 13599085
30 13599085
29 13599085
28 13599085
27 13599085
26 13599085
39 13679693
38 13679693
37 13679693
36 13679693
35 13679693
34 13679693
33 13679693
32 13679693
31 13679693
30 13679693
29 13679693
28 13679693
27 13679693
26 13679693
25 13679693
24 13679693
23 13679693
22 13679693
27 13707170
26 13707170
25 13707170
24 13707170
23 13707170
22 13707170
21 13707170
20 13707170
19 13707170
18 13707170
17 13707170
16 13707170
15 13707170
14 13707170
13 13707170
12 13707170
11 13707170
10 13707170
9 13707170
8 13707170
20 13780920
19 13780920
18 13780920
17 13780920
16 13780920
15 13780920
14 13780920
13 13780920
12 13780920
36 14033461
35 14033461
34 14033461
33 14033461
32 14033461
31 14033461
30 14033461
29 14033461
28 14033461
27 14033461
26 14033461
25 14033461
24 14033461
23 14033461
22 14033461
21 14033461
20 14033461
19 14033461
18 14033461
17 14033461
16 14033461
15 14033461
14 14033461
13 14033461
12 14033461
11 14033461
45 14302760
44 14302760
43 14302760
42 14302760
41 14302760
40 14302760
39 14302760
38 14302760
37 14302760
36 14302760
35 14302760
34 14302760
33 14302760
32 14302760
31 14302760
30 14302760
29 14302760
28 14302760
27 14302760
26 14302760
25 14302760
24 14302760
23 14302760
22 14302760
21 14302760
20 14302760
19 14302760
18 14302760
17 14302760
16 14302760
15 14302760
14 14302760
13 14302760
32 14401352
31 14401352
30 14401352
29 14401352
28 14401352
27 14401352
26 14401352
25 14401352
24 14401352
23 14401352
22 14401352
21 14401352
20 14401352
19 14401352
18 14401352
17 14401352
16 14401352
15 14401352
14 14401352
13 14401352
12 14401352
11 14401352
10 14401352
9 14401352
25 14517125
24 14517125
23 14517125
22 14517125
21 14517125
20 14517125
19 14517125
18 14517125
17 14517125
16 14517125
15 14517125
14 14517125
13 14517125
54 14847146
53 14847146
52 14847146
51 14847146
50 14847146
49 14847146
48 14847146
47 14847146
46 14847146
45 14847146
44 14847146
43 14847146
42 14847146
41 14847146
40 14847146
39 14847146
38 14847146
37 14847146
36 14847146
35 14847146
34 14847146
33 14847146
32 14847146
31 14847146
30 14847146
44 14910021
43 14910021
42 14910021
41 14910021
40 14910021
39 14910021
38 14910021
37 14910021
36 14910021
35 14910021
34 14910021
33 14910021
32 14910021
31 14910021
30 14910021
29 14910021
28 14910021
27 14910021
26 14910021
25 14910021
24 14910021
29 14953356
28 14953356
27 14953356
26 14953356
25 14953356
24 14953356
23 14953356
22 14953356
21 14953356
20 14953356
19 14953356
18 14953356
17 14953356
16 14953356
15 14953356
16 14957539
15 14957539
14 14957539
13 14957539
12 14957539
11 14957539
10 14957539
9 14957539
8 14957539
7 14957539
6 14957539
5 14957539
42 15253703
41 15253703
40 15253703
39 15253703
38 15253703
37 15253703
36 15253703
35 15253703
34 15253703
33 15253703
32 15253703
31 15253703
30 15253703
29 15253703
28 15253703
27 15253703
26 15253703
25 15253703
24 15253703
23 15253703
36 15346104
35 15346104
34 15346104
33 15346104
32 15346104
31 15346104
30 15346104
29 15346104
28 15346104
27 15346104
26 15346104
25 15346104
24 15346104
23 15346104
22 15346104
21 15346104
20 15346104
31 15429442
30 15429442
29 15429442
28 15429442
27 15429442
26 15429442
25 15429442
24 15429442
23 15429442
22 15429442
21 15429442
20 15429442
19 15429442
18 15429442
49 15716628
48 15716628
47 15716628
46 15716628
45 15716628
44 15716628
43 15716628
42 15716628
41 15716628
40 15716628
39 15716628
38 15716628
37 15716628
36 15716628
35 15716628
34 15716628
33 15716628
32 15716628
31 15716628
30 15716628
29 15716628
28 15716628
27 15716628
76 16117245
75 16117245
74 16117245
73 16117245
72 16117245
71 16117245
70 16117245
69 16117245
68 16117245
67 16117245
66 16117245
65 16117245
64 16117245
63 16117245
62 16117245
61 16117245
60 16117245
59 16117245
58 16117245
57 16117245
56 16117245
55 16117245
54 16117245
53 16117245
52 16117245
51 16117245
50 16117245
49 16117245
48 16117245
47 16117245
46 16117245
45 16117245
44 16117245
43 16117245
42 16117245
41 16117245
40 16117245
39 16117245
38 16117245
37 16117245
36 16117245
35 16117245
34 16117245
33 16117245
32 16117245
31 16117245
30 16117245
29 16117245
28 16117245
27 16117245
26 16117245
25 16117245
24 16117245
23 16117245
22 16117245
21 16117245
36 16187930
35 16187930
34 16187930
33 16187930
32 16187930
31 16187930
30 16187930
29 16187930
28 16187930
27 16187930
26 16187930
25 16187930
24 16187930
23 16187930
22 16187930
21 16187930
20 16187930
19 16187930
18 16187930
17 16187930
16 16187930
15 16187930
14 16187930
13 16187930
12 16187930
11 16187930
10 16187930
30 16315380
29 16315380
28 16315380
27 16315380
26 16315380
25 16315380
24 16315380
23 16315380
22 16315380
21 16315380
20 16315380
19 16315380
18 16315380
17 16315380
74 16825123
73 16825123
72 16825123
71 16825123
70 16825123
69 16825123
68 16825123
67 16825123
66 16825123
65 16825123
64 16825123
63 16825123
62 16825123
61 16825123
60 16825123
59 16825123
58 16825123
57 16825123
56 16825123
55 16825123
54 16825123
53 16825123
52 16825123
51 16825123
50 16825123
49 16825123
48 16825123
47 16825123
46 16825123
45 16825123
44 16825123
43 16825123
42 16825123
41 16825123
40 16825123
39 16825123
38 16825123
37 16825123
36 16825123
35 16825123
34 16825123
33 16825123
32 16825123
31 16825123
30 16825123
29 16825123
28 16825123
27 16825123
26 16825123
25 16825123
24 16825123
23 16825123
22 16825123
21 16825123
76 17219095
75 17219095
74 17219095
73 17219095
72 17219095
71 17219095
70 17219095
69 17219095
68 17219095
67 17219095
66 17219095
65 17219095
64 17219095
63 17219095
62 17219095
61 17219095
60 17219095
59 17219095
58 17219095
57 17219095
56 17219095
55 17219095
54 17219095
53 17219095
52 17219095
51 17219095
50 17219095
49 17219095
48 17219095
47 17219095
46 17219095
45 17219095
44 17219095
43 17219095
114 17873973
113 17873973
112 17873973
111 17873973
110 17873973
109 17873973
108 17873973
107 17873973
106 17873973
105 17873973
104 17873973
103 17873973
102 17873973
101 17873973
100 17873973
99 17873973
98 17873973
97 17873973
96 17873973
95 17873973
94 17873973
93 17873973
92 17873973
91 17873973
90 17873973
89 17873973
88 17873973
87 17873973
86 17873973
85 17873973
84 17873973
83 17873973
82 17873973
81 17873973
80 17873973
79 17873973
78 17873973
77 17873973
76 17873973
75 17873973
74 17873973
73 17873973
72 17873973
71 17873973
70 17873973
69 17873973
68 17873973
67 17873973
66 17873973
65 17873973
64 17873973
63 17873973
62 17873973
61 17873973
60 17873973
59 17873973
58 17873973
57 17873973
56 17873973
55 17873973
54 17873973
53 17873973
52 17873973
51 17873973
50 17873973
49 17873973
48 17873973
47 17873973
46 17873973
45 17873973
44 17873973
43 17873973
42 17873973
41 17873973
40 17873973
39 17873973
38 17873973
37 17873973
36 17873973
35 17873973
34 17873973
153 18780999
152 18780999
151 18780999
150 18780999
149 18780999
148 18780999
147 18780999
146 18780999
145 18780999
144 18780999
143 18780999
142 18780999
141 18780999
140 18780999
139 18780999
138 18780999
137 18780999
136 18780999
135 18780999
134 18780999
133 18780999
132 18780999
131 18780999
130 18780999
129 18780999
128 18780999
127 18780999
126 18780999
125 18780999
124 18780999
123 18780999
122 18780999
121 18780999
120 18780999
119 18780999
118 18780999
117 18780999
116 18780999
115 18780999
114 18780999
113 18780999
112 18780999
111 18780999
110 18780999
109 18780999
108 18780999
107 18780999
106 18780999
105 18780999
104 18780999
103 18780999
102 18780999
101 18780999
100 18780999
99 18780999
98 18780999
97 18780999
96 18780999
95 18780999
94 18780999
93 18780999
92 18780999
91 18780999
90 18780999
89 18780999
88 18780999
87 18780999
86 18780999
85 18780999
84 18780999
108 18925405
107 18925405
106 18925405
105 18925405
104 18925405
103 18925405
102 18925405
101 18925405
100 18925405
99 18925405
98 18925405
97 18925405
96 18925405
95 18925405
94 18925405
93 18925405
92 18925405
91 18925405
90 18925405
89 18925405
88 18925405
87 18925405
86 18925405
85 18925405
84 18925405
83 18925405
82 18925405
81 18925405
80 18925405
79 18925405
78 18925405
77 18925405
76 18925405
75 18925405
74 18925405
73 18925405
72 18925405
71 18925405
70 18925405
69 18925405
68 18925405
67 18925405
66 18925405
65 18925405
64 18925405
63 18925405
62 18925405
61 18925405
60 18925405
118 19304693
117 19304693
116 19304693
115 19304693
114 19304693
113 19304693
112 19304693
111 19304693
110 19304693
109 19304693
108 19304693
107 19304693
106 19304693
105 19304693
104 19304693
103 19304693
102 19304693
101 19304693
100 19304693
99 19304693
98 19304693
97 19304693
96 19304693
95 19304693
94 19304693
93 19304693
92 19304693
91 19304693
90 19304693
89 19304693
88 19304693
87 19304693
86 19304693
85 19304693
84 19304693
83 19304693
82 19304693
81 19304693
80 19304693
79 19304693
78 19304693
77 19304693
76 19304693
75 19304693
74 19304693
73 19304693
72 19304693
71 19304693
70 19304693
69 19304693
68 19304693
67 19304693
66 19304693
65 19304693
64 19304693
63 19304693
62 19304693
61 19304693
60 19304693
59 19304693
58 19304693
57 19304693
56 19304693
55 19304693
54 19304693
53 19304693
52 19304693
51 19304693
50 19304693
49 19304693
48 19304693
47 19304693
46 19304693
45 19304693
44 19304693
43 19304693
42 19304693
41 19304693
40 19304693
39 19304693
38 19304693
37 19304693
36 19304693
35 19304693
34 19304693
61 19452416
60 19452416
59 19452416
58 19452416
57 19452416
56 19452416
55 19452416
54 19452416
53 19452416
52 19452416
51 19452416
50 19452416
49 19452416
48 19452416
47 19452416
46 19452416
45 19452416
44 19452416
43 19452416
42 19452416
41 19452416
40 19452416
39 19452416
38 19452416
37 19452416
36 19452416
35 19452416
34 19452416
33 19452416
32 19452416
31 19452416
30 19452416
29 19452416
28 19452416
27 19452416
26 19452416
25 19452416
24 19452416
23 19452416
22 19452416
21 19452416
20 19452416
19 19452416
18 19452416
17 19452416
39 19767681
38 19767681
37 19767681
36 19767681
35 19767681
34 19767681
33 19767681
32 19767681
31 19767681
30 19767681
29 19767681
28 19767681
27 19767681
26 19767681
25 19767681
24 19767681
23 19767681
22 19767681
21 19767681
40 20008155
39 20008155
38 20008155
37 20008155
36 20008155
35 20008155
34 20008155
33 20008155
32 20008155
31 20008155
30 20008155
29 20008155
28 20008155
27 20008155
26 20008155
25 20008155
24 20008155
23 20008155
22 20008155
21 20008155
20 20011592
19 20011592
18 20011592
17 20011592
16 20011592
15 20011592
14 20011592
13 20011592
12 20011592
11 20074675
10 20074675
9 20074675
8 20074675
7 20074675
6 20074675
5 20133134
4 20133134
3 20133134
2 20133134
1 20171697
0 20171697
